[2097152000, 2097154304]
[2097155072, 2097158400]
[2097159168, 2097162496]
[2097163264, 2097166592]
[2097167360, 2097170688]
[2097171456, 2097174784]
[2097175552, 2097176064]
[2097176320, 2097178880]
[2097179648, 2097182976]
[2097183744, 2097187072]
[2097187840, 2097191168]
[2097191936, 2097195264]
[2097196032, 2097199360]
[2097200128, 2097203456]
[2097204224, 2097207552]
[2097208320, 2097211648]
[2097212416, 2097215744]
[2097216512, 2097219840]
[2097220608, 2097223936]
[2097224704, 2097228032]
[2097228800, 2097232128]
[2097232896, 2097236224]
[2097236992, 2097240320]
[2097241088, 2097241600]
[2097241856, 2097244416]
[2097245184, 2097248512]
[2097249280, 2097252608]
[2097253376, 2097256704]
[2097257472, 2097260800]
[2097261568, 2097264896]
[2097265664, 2097268992]
[2097269760, 2097273088]
[2097273856, 2097277184]
[2097277952, 2097281280]
[2097282048, 2097285376]
[2097286144, 2097289472]
[2097290240, 2097293568]
[2097294336, 2097297664]
[2097298432, 2097301760]
[2097302528, 2097305856]
[2097306624, 2097307136]
[2097307392, 2097309952]
[2097310720, 2097314048]
[2097314816, 2097318144]
[2097318912, 2097322240]
[2097323008, 2097326336]
[2097327104, 2097330432]
[2097331200, 2097334528]
[2097335296, 2097338624]
[2097339392, 2097342720]
[2097343488, 2097346816]
[2097347584, 2097350912]
[2097351680, 2097355008]
[2097355776, 2097359104]
[2097359872, 2097363200]
[2097363968, 2097367296]
[2097368064, 2097371392]
[2097372160, 2097372672]
[2097372928, 2097375488]
[2097376256, 2097379584]
[2097380352, 2097383680]
[2097384448, 2097387776]
[2097388544, 2097391872]
[2097392640, 2097395968]
[2097396736, 2097400064]
[2097400832, 2097404160]
[2097404928, 2097408256]
[2097409024, 2097412352]
[2097413120, 2097416448]
[2097417216, 2097420544]
[2097421312, 2097424640]
[2097425408, 2097428736]
[2097429504, 2097432832]
[2097433600, 2097436928]
[2097437696, 2097438208]
[2097438464, 2097441024]
[2097441792, 2097445120]
[2097445888, 2097449216]
[2097449984, 2097453312]
[2097454080, 2097457408]
[2097458176, 2097461504]
[2097462272, 2097465600]
[2097466368, 2097469696]
[2097470464, 2097473792]
[2097474560, 2097477888]
[2097478656, 2097481984]
[2097482752, 2097486080]
[2097486848, 2097490176]
[2097490944, 2097494272]
[2097495040, 2097498368]
[2097499136, 2097502464]
[2097503232, 2097503744]
[2097504000, 2097506560]
[2097507328, 2097510656]
[2097511424, 2097514752]
[2097515520, 2097518848]
[2097519616, 2097522944]
[2097523712, 2097527040]
[2097527808, 2097531136]
[2097531904, 2097535232]
[2097536000, 2097539328]
[2097540096, 2097543424]
[2097544192, 2097547520]
[2097548288, 2097551616]
[2097552384, 2097555712]
[2097556480, 2097559808]
[2097560576, 2097563904]
[2097564672, 2097568000]
[2097568768, 2097569280]
[2097569536, 2097572096]
[2097572864, 2097576192]
[2097576960, 2097580288]
[2097581056, 2097584384]
[2097585152, 2097588480]
[2097589248, 2097592576]
[2097593344, 2097596672]
[2097597440, 2097600768]
[2097601536, 2097604864]
[2097605632, 2097608960]
[2097609728, 2097613056]
[2097613824, 2097617152]
[2097617920, 2097621248]
[2097622016, 2097625344]
[2097626112, 2097629440]
[2097630208, 2097633536]
[2097634304, 2097634816]
[2097635072, 2097637632]
[2097638400, 2097641728]
[2097642496, 2097645824]
[2097646592, 2097649920]
[2097650688, 2097654016]
[2097654784, 2097658112]
[2097658880, 2097662208]
[2097662976, 2097666304]
[2097667072, 2097670400]
[2097671168, 2097674496]
[2097675264, 2097678592]
[2097679360, 2097682688]
[2097683456, 2097686784]
[2097687552, 2097690880]
[2097691648, 2097694976]
[2097695744, 2097699072]
[2097699840, 2097700352]
[2097700608, 2097703168]
[2097703936, 2097707264]
[2097708032, 2097711360]
[2097712128, 2097715456]
[2097716224, 2097719552]
[2097720320, 2097723648]
[2097724416, 2097727744]
[2097728512, 2097731840]
[2097732608, 2097735936]
[2097736704, 2097740032]
[2097740800, 2097744128]
[2097744896, 2097748224]
[2097748992, 2097752320]
[2097753088, 2097756416]
[2097757184, 2097760512]
[2097761280, 2097764608]
[2097765376, 2097765888]
[2097766144, 2097768704]
[2097769472, 2097772800]
[2097773568, 2097776896]
[2097777664, 2097780992]
[2097781760, 2097785088]
[2097785856, 2097789184]
[2097789952, 2097793280]
[2097794048, 2097797376]
[2097798144, 2097801472]
[2097802240, 2097805568]
[2097806336, 2097809664]
[2097810432, 2097813760]
[2097814528, 2097817856]
[2097818624, 2097821952]
[2097822720, 2097826048]
[2097826816, 2097830144]
[2097830912, 2097831424]
[2097831680, 2097834240]
[2097835008, 2097838336]
[2097839104, 2097842432]
[2097843200, 2097846528]
[2097847296, 2097850624]
[2097851392, 2097854720]
[2097855488, 2097858816]
[2097859584, 2097862912]
[2097863680, 2097867008]
[2097867776, 2097871104]
[2097871872, 2097875200]
[2097875968, 2097879296]
[2097880064, 2097883392]
[2097884160, 2097887488]
[2097888256, 2097891584]
[2097892352, 2097895680]
[2097896448, 2097896960]
[2097897216, 2097899776]
[2097900544, 2097903872]
[2097904640, 2097907968]
[2097908736, 2097912064]
[2097912832, 2097916160]
[2097916928, 2097920256]
[2097921024, 2097924352]
[2097925120, 2097928448]
[2097929216, 2097932544]
[2097933312, 2097936640]
[2097937408, 2097940736]
[2097941504, 2097944832]
[2097945600, 2097948928]
[2097949696, 2097953024]
[2097953792, 2097957120]
[2097957888, 2097961216]
[2097961984, 2097962496]
[2097962752, 2097965312]
[2097966080, 2097969408]
[2097970176, 2097973504]
[2097974272, 2097977600]
[2097978368, 2097981696]
[2097982464, 2097985792]
[2097986560, 2097989888]
[2097990656, 2097993984]
[2097994752, 2097998080]
[2097998848, 2098002176]
[2098002944, 2098006272]
[2098007040, 2098010368]
[2098011136, 2098014464]
[2098015232, 2098018560]
[2098019328, 2098022656]
[2098023424, 2098026752]
[2098027520, 2098028032]
[2098028288, 2098030848]
[2098031616, 2098034944]
[2098035712, 2098039040]
[2098039808, 2098043136]
[2098043904, 2098047232]
[2098048000, 2098051328]
[2098052096, 2098055424]
[2098056192, 2098059520]
[2098060288, 2098063616]
[2098064384, 2098067712]
[2098068480, 2098071808]
[2098072576, 2098075904]
[2098076672, 2098080000]
[2098080768, 2098084096]
[2098084864, 2098088192]
[2098088960, 2098092288]
[2098093056, 2098093568]
[2098093824, 2098096384]
[2098097152, 2098100480]
[2098101248, 2098104576]
[2098105344, 2098108672]
[2098109440, 2098112768]
[2098113536, 2098116864]
[2098117632, 2098120960]
[2098121728, 2098125056]
[2098125824, 2098129152]
[2098129920, 2098133248]
[2098134016, 2098137344]
[2098138112, 2098141440]
[2098142208, 2098145536]
[2098146304, 2098149632]
[2098150400, 2098153728]
[2098154496, 2098157824]
[2098158592, 2098159104]
[2098159360, 2098161920]
[2098162688, 2098166016]
[2098166784, 2098170112]
[2098170880, 2098174208]
[2098174976, 2098178304]
[2098179072, 2098182400]
[2098183168, 2098186496]
[2098187264, 2098190592]
[2098191360, 2098194688]
[2098195456, 2098198784]
[2098199552, 2098202880]
[2098203648, 2098206976]
[2098207744, 2098211072]
[2098211840, 2098215168]
[2098215936, 2098219264]
[2098220032, 2098223360]
[2098224128, 2098224640]
[2098224896, 2098227456]
[2098228224, 2098231552]
[2098232320, 2098235648]
[2098236416, 2098239744]
[2098240512, 2098243840]
[2098244608, 2098247936]
[2098248704, 2098252032]
[2098252800, 2098256128]
[2098256896, 2098260224]
[2098260992, 2098264320]
[2098265088, 2098268416]
[2098269184, 2098272512]
[2098273280, 2098276608]
[2098277376, 2098280704]
[2098281472, 2098284800]
[2098285568, 2098288896]
[2098289664, 2098290176]
[2098290432, 2098292992]
[2098293760, 2098297088]
[2098297856, 2098301184]
[2098301952, 2098305280]
[2098306048, 2098309376]
[2098310144, 2098313472]
[2098314240, 2098317568]
[2098318336, 2098321664]
[2098322432, 2098325760]
[2098326528, 2098329856]
[2098330624, 2098333952]
[2098334720, 2098338048]
[2098338816, 2098342144]
[2098342912, 2098346240]
[2098347008, 2098350336]
[2098351104, 2098354432]
[2098355200, 2098355712]
[2098355968, 2098358528]
[2098359296, 2098362624]
[2098363392, 2098366720]
[2098367488, 2098370816]
[2098371584, 2098374912]
[2098375680, 2098379008]
[2098379776, 2098383104]
[2098383872, 2098387200]
[2098387968, 2098391296]
[2098392064, 2098395392]
[2098396160, 2098399488]
[2098400256, 2098403584]
[2098404352, 2098407680]
[2098408448, 2098411776]
[2098412544, 2098415872]
[2098416640, 2098419968]
[2098420736, 2098421248]
[2098421504, 2098424064]
[2098424832, 2098428160]
[2098428928, 2098432256]
[2098433024, 2098436352]
[2098437120, 2098440448]
[2098441216, 2098444544]
[2098445312, 2098448640]
[2098449408, 2098452736]
[2098453504, 2098456832]
[2098457600, 2098460928]
[2098461696, 2098465024]
[2098465792, 2098469120]
[2098469888, 2098473216]
[2098473984, 2098477312]
[2098478080, 2098481408]
[2098482176, 2098485504]
[2098486272, 2098486784]
[2098487040, 2098489600]
[2098490368, 2098493696]
[2098494464, 2098497792]
[2098498560, 2098501888]
[2098502656, 2098505984]
[2098506752, 2098510080]
[2098510848, 2098514176]
[2098514944, 2098518272]
[2098519040, 2098522368]
[2098523136, 2098526464]
[2098527232, 2098530560]
[2098531328, 2098534656]
[2098535424, 2098538752]
[2098539520, 2098542848]
[2098543616, 2098546944]
[2098547712, 2098551040]
[2098551808, 2098552320]
[2098552576, 2098555136]
[2098555904, 2098559232]
[2098560000, 2098563328]
[2098564096, 2098567424]
[2098568192, 2098571520]
[2098572288, 2098575616]
[2098576384, 2098579712]
[2098580480, 2098583808]
[2098584576, 2098587904]
[2098588672, 2098592000]
[2098592768, 2098596096]
[2098596864, 2098600192]
[2098600960, 2098604288]
[2098605056, 2098608384]
[2098609152, 2098612480]
[2098613248, 2098616576]
[2098617344, 2098617856]
[2098618112, 2098620672]
[2098621440, 2098624768]
[2098625536, 2098628864]
[2098629632, 2098632960]
[2098633728, 2098637056]
[2098637824, 2098641152]
[2098641920, 2098645248]
[2098646016, 2098649344]
[2098650112, 2098653440]
[2098654208, 2098657536]
[2098658304, 2098661632]
[2098662400, 2098665728]
[2098666496, 2098669824]
[2098670592, 2098673920]
[2098674688, 2098678016]
[2098678784, 2098682112]
[2098682880, 2098683392]
[2098683648, 2098686208]
[2098686976, 2098690304]
[2098691072, 2098694400]
[2098695168, 2098698496]
[2098699264, 2098702592]
[2098703360, 2098706688]
[2098707456, 2098710784]
[2098711552, 2098714880]
[2098715648, 2098718976]
[2098719744, 2098723072]
[2098723840, 2098727168]
[2098727936, 2098731264]
[2098732032, 2098735360]
[2098736128, 2098739456]
[2098740224, 2098743552]
[2098744320, 2098747648]
[2098748416, 2098748928]
[2098749184, 2098751744]
[2098752512, 2098755840]
[2098756608, 2098759936]
[2098760704, 2098764032]
[2098764800, 2098768128]
[2098768896, 2098772224]
[2098772992, 2098776320]
[2098777088, 2098780416]
[2098781184, 2098784512]
[2098785280, 2098788608]
[2098789376, 2098792704]
[2098793472, 2098796800]
[2098797568, 2098800896]
[2098801664, 2098804992]
[2098805760, 2098809088]
[2098809856, 2098813184]
[2098813952, 2098814464]
[2098814720, 2098817280]
[2098818048, 2098821376]
[2098822144, 2098825472]
[2098826240, 2098829568]
[2098830336, 2098833664]
[2098834432, 2098837760]
[2098838528, 2098841856]
[2098842624, 2098845952]
[2098846720, 2098850048]
[2098850816, 2098854144]
[2098854912, 2098858240]
[2098859008, 2098862336]
[2098863104, 2098866432]
[2098867200, 2098870528]
[2098871296, 2098874624]
[2098875392, 2098878720]
[2098879488, 2098880000]
[2098880256, 2098882816]
[2098883584, 2098886912]
[2098887680, 2098891008]
[2098891776, 2098895104]
[2098895872, 2098899200]
[2098899968, 2098903296]
[2098904064, 2098907392]
[2098908160, 2098911488]
[2098912256, 2098915584]
[2098916352, 2098919680]
[2098920448, 2098923776]
[2098924544, 2098927872]
[2098928640, 2098931968]
[2098932736, 2098936064]
[2098936832, 2098940160]
[2098940928, 2098944256]
[2098945024, 2098945536]
[2098945792, 2098948352]
[2098949120, 2098952448]
[2098953216, 2098956544]
[2098957312, 2098960640]
[2098961408, 2098964736]
[2098965504, 2098968832]
[2098969600, 2098972928]
[2098973696, 2098977024]
[2098977792, 2098981120]
[2098981888, 2098985216]
[2098985984, 2098989312]
[2098990080, 2098993408]
[2098994176, 2098997504]
[2098998272, 2099001600]
[2099002368, 2099005696]
[2099006464, 2099009792]
[2099010560, 2099011072]
[2099011328, 2099013888]
[2099014656, 2099017984]
[2099018752, 2099022080]
[2099022848, 2099026176]
[2099026944, 2099030272]
[2099031040, 2099034368]
[2099035136, 2099038464]
[2099039232, 2099042560]
[2099043328, 2099046656]
[2099047424, 2099050752]
[2099051520, 2099054848]
[2099055616, 2099058944]
[2099059712, 2099063040]
[2099063808, 2099067136]
[2099067904, 2099071232]
[2099072000, 2099075328]
[2099076096, 2099076608]
[2099076864, 2099079424]
[2099080192, 2099083520]
[2099084288, 2099087616]
[2099088384, 2099091712]
[2099092480, 2099095808]
[2099096576, 2099099904]
[2099100672, 2099104000]
[2099104768, 2099108096]
[2099108864, 2099112192]
[2099112960, 2099116288]
[2099117056, 2099120384]
[2099121152, 2099124480]
[2099125248, 2099128576]
[2099129344, 2099132672]
[2099133440, 2099136768]
[2099137536, 2099140864]
[2099141632, 2099142144]
[2099142400, 2099144960]
[2099145728, 2099149056]
[2099149824, 2099153152]
[2099153920, 2099157248]
[2099158016, 2099161344]
[2099162112, 2099165440]
[2099166208, 2099169536]
[2099170304, 2099173632]
[2099174400, 2099177728]
[2099178496, 2099181824]
[2099182592, 2099185920]
[2099186688, 2099190016]
[2099190784, 2099194112]
[2099194880, 2099198208]
[2099198976, 2099202304]
[2099203072, 2099206400]
[2099207168, 2099210496]
[2099211264, 2099214592]
[2099215360, 2099218688]
[2099219456, 2099222784]
[2099223552, 2099226880]
[2099227648, 2099230976]
[2099231744, 2099235072]
[2099235840, 2099239168]
[2099239936, 2099243264]
[2099244032, 2099247360]
[2099248128, 2099251968]
[2099252224, 2099256064]
[2099256320, 2099260160]
[2099260416, 2099264256]
[2099264512, 2099268352]
[2099268608, 2099272448]
[2099272704, 2099273216]
[2099273472, 2099276544]
[2099276800, 2099280640]
[2099280896, 2099284736]
[2099284992, 2099288832]
[2099289088, 2099292928]
[2099293184, 2099297024]
[2099297280, 2099301120]
[2099301376, 2099305216]
[2099305472, 2099309312]
[2099309568, 2099313408]
[2099313664, 2099317504]
[2099317760, 2099321600]
[2099321856, 2099325696]
[2099325952, 2099329792]
[2099330048, 2099333888]
[2099334144, 2099337984]
[2099338240, 2099338752]
[2099339008, 2099342080]
[2099342336, 2099346176]
[2099346432, 2099350272]
[2099350528, 2099354368]
[2099354624, 2099358464]
[2099358720, 2099362560]
[2099362816, 2099366656]
[2099366912, 2099370752]
[2099371008, 2099374848]
[2099375104, 2099378944]
[2099379200, 2099383040]
[2099383296, 2099387136]
[2099387392, 2099391232]
[2099391488, 2099395328]
[2099395584, 2099399424]
[2099399680, 2099403520]
[2099403776, 2099404288]
[2099404544, 2099407616]
[2099407872, 2099411712]
[2099411968, 2099415808]
[2099416064, 2099419904]
[2099420160, 2099424000]
[2099424256, 2099428096]
[2099428352, 2099432192]
[2099432448, 2099436288]
[2099436544, 2099440384]
[2099440640, 2099444480]
[2099444736, 2099448576]
[2099448832, 2099452672]
[2099452928, 2099456768]
[2099457024, 2099460864]
[2099461120, 2099464960]
[2099465216, 2099469056]
[2099469312, 2099469824]
[2099470080, 2099473152]
[2099473408, 2099477248]
[2099477504, 2099481344]
[2099481600, 2099485440]
[2099485696, 2099489536]
[2099489792, 2099493632]
[2099493888, 2099497728]
[2099497984, 2099501824]
[2099502080, 2099505920]
[2099506176, 2099510016]
[2099510272, 2099514112]
[2099514368, 2099518208]
[2099518464, 2099522304]
[2099522560, 2099526400]
[2099526656, 2099530496]
[2099530752, 2099534592]
[2099534848, 2099535360]
[2099535616, 2099538688]
[2099538944, 2099542784]
[2099543040, 2099546880]
[2099547136, 2099550976]
[2099551232, 2099555072]
[2099555328, 2099559168]
[2099559424, 2099563264]
[2099563520, 2099567360]
[2099567616, 2099571456]
[2099571712, 2099575552]
[2099575808, 2099579648]
[2099579904, 2099583744]
[2099584000, 2099587840]
[2099588096, 2099591936]
[2099592192, 2099596032]
[2099596288, 2099600128]
[2099600384, 2099600896]
[2099601152, 2099604224]
[2099604480, 2099608320]
[2099608576, 2099612416]
[2099612672, 2099616512]
[2099616768, 2099620608]
[2099620864, 2099624704]
[2099624960, 2099628800]
[2099629056, 2099632896]
[2099633152, 2099636992]
[2099637248, 2099641088]
[2099641344, 2099645184]
[2099645440, 2099649280]
[2099649536, 2099653376]
[2099653632, 2099657472]
[2099657728, 2099661568]
[2099661824, 2099665664]
[2099665920, 2099666432]
[2099666688, 2099669760]
[2099670016, 2099673856]
[2099674112, 2099677952]
[2099678208, 2099682048]
[2099682304, 2099686144]
[2099686400, 2099690240]
[2099690496, 2099694336]
[2099694592, 2099698432]
[2099698688, 2099702528]
[2099702784, 2099706624]
[2099706880, 2099710720]
[2099710976, 2099714816]
[2099715072, 2099718912]
[2099719168, 2099723008]
[2099723264, 2099727104]
[2099727360, 2099731200]
[2099731456, 2099731968]
[2099732224, 2099735296]
[2099735552, 2099739392]
[2099739648, 2099743488]
[2099743744, 2099747584]
[2099747840, 2099751680]
[2099751936, 2099755776]
[2099756032, 2099759872]
[2099760128, 2099763968]
[2099764224, 2099768064]
[2099768320, 2099772160]
[2099772416, 2099776256]
[2099776512, 2099780352]
[2099780608, 2099784448]
[2099784704, 2099788544]
[2099788800, 2099792640]
[2099792896, 2099796736]
[2099796992, 2099797504]
[2099797760, 2099800832]
[2099801088, 2099804928]
[2099805184, 2099809024]
[2099809280, 2099813120]
[2099813376, 2099817216]
[2099817472, 2099821312]
[2099821568, 2099825408]
[2099825664, 2099829504]
[2099829760, 2099833600]
[2099833856, 2099837696]
[2099837952, 2099841792]
[2099842048, 2099845888]
[2099846144, 2099849984]
[2099850240, 2099854080]
[2099854336, 2099858176]
[2099858432, 2099862272]
[2099862528, 2099863040]
[2099863296, 2099866368]
[2099866624, 2099870464]
[2099870720, 2099874560]
[2099874816, 2099878656]
[2099878912, 2099882752]
[2099883008, 2099886848]
[2099887104, 2099890944]
[2099891200, 2099895040]
[2099895296, 2099899136]
[2099899392, 2099903232]
[2099903488, 2099907328]
[2099907584, 2099911424]
[2099911680, 2099915520]
[2099915776, 2099919616]
[2099919872, 2099923712]
[2099923968, 2099927808]
[2099928064, 2099928576]
[2099928832, 2099931904]
[2099932160, 2099936000]
[2099936256, 2099940096]
[2099940352, 2099944192]
[2099944448, 2099948288]
[2099948544, 2099952384]
[2099952640, 2099956480]
[2099956736, 2099960576]
[2099960832, 2099964672]
[2099964928, 2099968768]
[2099969024, 2099972864]
[2099973120, 2099976960]
[2099977216, 2099981056]
[2099981312, 2099985152]
[2099985408, 2099989248]
[2099989504, 2099993344]
[2099993600, 2099994112]
[2099994368, 2099997440]
[2099997696, 2100001536]
[2100001792, 2100005632]
[2100005888, 2100009728]
[2100009984, 2100013824]
[2100014080, 2100017920]
[2100018176, 2100022016]
[2100022272, 2100026112]
[2100026368, 2100030208]
[2100030464, 2100034304]
[2100034560, 2100038400]
[2100038656, 2100042496]
[2100042752, 2100046592]
[2100046848, 2100050688]
[2100050944, 2100054784]
[2100055040, 2100058880]
[2100059136, 2100059648]
[2100059904, 2100062976]
[2100063232, 2100067072]
[2100067328, 2100071168]
[2100071424, 2100075264]
[2100075520, 2100079360]
[2100079616, 2100083456]
[2100083712, 2100087552]
[2100087808, 2100091648]
[2100091904, 2100095744]
[2100096000, 2100099840]
[2100100096, 2100103936]
[2100104192, 2100108032]
[2100108288, 2100112128]
[2100112384, 2100116224]
[2100116480, 2100120320]
[2100120576, 2100124416]
[2100124672, 2100125184]
[2100125440, 2100128512]
[2100128768, 2100132608]
[2100132864, 2100136704]
[2100136960, 2100140800]
[2100141056, 2100144896]
[2100145152, 2100148992]
[2100149248, 2100153088]
[2100153344, 2100157184]
[2100157440, 2100161280]
[2100161536, 2100165376]
[2100165632, 2100169472]
[2100169728, 2100173568]
[2100173824, 2100177664]
[2100177920, 2100181760]
[2100182016, 2100185856]
[2100186112, 2100189952]
[2100190208, 2100190720]
[2100190976, 2100194048]
[2100194304, 2100198144]
[2100198400, 2100202240]
[2100202496, 2100206336]
[2100206592, 2100210432]
[2100210688, 2100214528]
[2100214784, 2100218624]
[2100218880, 2100222720]
[2100222976, 2100226816]
[2100227072, 2100230912]
[2100231168, 2100235008]
[2100235264, 2100239104]
[2100239360, 2100243200]
[2100243456, 2100247296]
[2100247552, 2100251392]
[2100251648, 2100255488]
[2100255744, 2100256256]
[2100256512, 2100259584]
[2100259840, 2100263680]
[2100263936, 2100267776]
[2100268032, 2100271872]
[2100272128, 2100275968]
[2100276224, 2100280064]
[2100280320, 2100284160]
[2100284416, 2100288256]
[2100288512, 2100292352]
[2100292608, 2100296448]
[2100296704, 2100300544]
[2100300800, 2100304640]
[2100304896, 2100308736]
[2100308992, 2100312832]
[2100313088, 2100316928]
[2100317184, 2100321024]
[2100321280, 2100321792]
[2100322048, 2100325120]
[2100325376, 2100329216]
[2100329472, 2100333312]
[2100333568, 2100337408]
[2100337664, 2100341504]
[2100341760, 2100345600]
[2100345856, 2100349696]
[2100349952, 2100353792]
[2100354048, 2100357888]
[2100358144, 2100361984]
[2100362240, 2100366080]
[2100366336, 2100370176]
[2100370432, 2100374272]
[2100374528, 2100378368]
[2100378624, 2100382464]
[2100382720, 2100386560]
[2100386816, 2100387328]
[2100387584, 2100390656]
[2100390912, 2100394752]
[2100395008, 2100398848]
[2100399104, 2100402944]
[2100403200, 2100407040]
[2100407296, 2100411136]
[2100411392, 2100415232]
[2100415488, 2100419328]
[2100419584, 2100423424]
[2100423680, 2100427520]
[2100427776, 2100431616]
[2100431872, 2100435712]
[2100435968, 2100439808]
[2100440064, 2100443904]
[2100444160, 2100448000]
[2100448256, 2100452096]
[2100452352, 2100452864]
[2100453120, 2100456192]
[2100456448, 2100460288]
[2100460544, 2100464384]
[2100464640, 2100468480]
[2100468736, 2100472576]
[2100472832, 2100476672]
[2100476928, 2100480768]
[2100481024, 2100484864]
[2100485120, 2100488960]
[2100489216, 2100493056]
[2100493312, 2100497152]
[2100497408, 2100501248]
[2100501504, 2100505344]
[2100505600, 2100509440]
[2100509696, 2100513536]
[2100513792, 2100517632]
[2100517888, 2100518400]
[2100518656, 2100521728]
[2100521984, 2100525824]
[2100526080, 2100529920]
[2100530176, 2100534016]
[2100534272, 2100538112]
[2100538368, 2100542208]
[2100542464, 2100546304]
[2100546560, 2100550400]
[2100550656, 2100554496]
[2100554752, 2100558592]
[2100558848, 2100562688]
[2100562944, 2100566784]
[2100567040, 2100570880]
[2100571136, 2100574976]
[2100575232, 2100579072]
[2100579328, 2100583168]
[2100583424, 2100583936]
[2100584192, 2100587264]
[2100587520, 2100591360]
[2100591616, 2100595456]
[2100595712, 2100599552]
[2100599808, 2100603648]
[2100603904, 2100607744]
[2100608000, 2100611840]
[2100612096, 2100615936]
[2100616192, 2100620032]
[2100620288, 2100624128]
[2100624384, 2100628224]
[2100628480, 2100632320]
[2100632576, 2100636416]
[2100636672, 2100640512]
[2100640768, 2100644608]
[2100644864, 2100648704]
[2100648960, 2100649472]
[2100649728, 2100652800]
[2100653056, 2100656896]
[2100657152, 2100660992]
[2100661248, 2100665088]
[2100665344, 2100669184]
[2100669440, 2100673280]
[2100673536, 2100677376]
[2100677632, 2100681472]
[2100681728, 2100685568]
[2100685824, 2100689664]
[2100689920, 2100693760]
[2100694016, 2100697856]
[2100698112, 2100701952]
[2100702208, 2100706048]
[2100706304, 2100710144]
[2100710400, 2100714240]
[2100714496, 2100715008]
[2100715264, 2100718336]
[2100718592, 2100722432]
[2100722688, 2100726528]
[2100726784, 2100730624]
[2100730880, 2100734720]
[2100734976, 2100738816]
[2100739072, 2100742912]
[2100743168, 2100747008]
[2100747264, 2100751104]
[2100751360, 2100755200]
[2100755456, 2100759296]
[2100759552, 2100763392]
[2100763648, 2100767488]
[2100767744, 2100771584]
[2100771840, 2100775680]
[2100775936, 2100779776]
[2100780032, 2100780544]
[2100780800, 2100783872]
[2100784128, 2100787968]
[2100788224, 2100792064]
[2100792320, 2100796160]
[2100796416, 2100800256]
[2100800512, 2100804352]
[2100804608, 2100808448]
[2100808704, 2100812544]
[2100812800, 2100816640]
[2100816896, 2100820736]
[2100820992, 2100824832]
[2100825088, 2100828928]
[2100829184, 2100833024]
[2100833280, 2100837120]
[2100837376, 2100841216]
[2100841472, 2100845312]
[2100845568, 2100846080]
[2100846336, 2100849408]
[2100849664, 2100853504]
[2100853760, 2100857600]
[2100857856, 2100861696]
[2100861952, 2100865792]
[2100866048, 2100869888]
[2100870144, 2100873984]
[2100874240, 2100878080]
[2100878336, 2100882176]
[2100882432, 2100886272]
[2100886528, 2100890368]
[2100890624, 2100894464]
[2100894720, 2100898560]
[2100898816, 2100902656]
[2100902912, 2100906752]
[2100907008, 2100910848]
[2100911104, 2100911616]
[2100911872, 2100914944]
[2100915200, 2100919040]
[2100919296, 2100923136]
[2100923392, 2100927232]
[2100927488, 2100931328]
[2100931584, 2100935424]
[2100935680, 2100939520]
[2100939776, 2100943616]
[2100943872, 2100947712]
[2100947968, 2100951808]
[2100952064, 2100955904]
[2100956160, 2100960000]
[2100960256, 2100964096]
[2100964352, 2100968192]
[2100968448, 2100972288]
[2100972544, 2100976384]
[2100976640, 2100977152]
[2100977408, 2100980480]
[2100980736, 2100984576]
[2100984832, 2100988672]
[2100988928, 2100992768]
[2100993024, 2100996864]
[2100997120, 2101000960]
[2101001216, 2101005056]
[2101005312, 2101009152]
[2101009408, 2101013248]
[2101013504, 2101017344]
[2101017600, 2101021440]
[2101021696, 2101025536]
[2101025792, 2101029632]
[2101029888, 2101033728]
[2101033984, 2101037824]
[2101038080, 2101041920]
[2101042176, 2101042688]
[2101042944, 2101046016]
[2101046272, 2101050112]
[2101050368, 2101054208]
[2101054464, 2101058304]
[2101058560, 2101062400]
[2101062656, 2101066496]
[2101066752, 2101070592]
[2101070848, 2101074688]
[2101074944, 2101078784]
[2101079040, 2101082880]
[2101083136, 2101086976]
[2101087232, 2101091072]
[2101091328, 2101095168]
[2101095424, 2101099264]
[2101099520, 2101103360]
[2101103616, 2101107456]
[2101107712, 2101108224]
[2101108480, 2101111552]
[2101111808, 2101115648]
[2101115904, 2101119744]
[2101120000, 2101123840]
[2101124096, 2101127936]
[2101128192, 2101132032]
[2101132288, 2101136128]
[2101136384, 2101140224]
[2101140480, 2101144320]
[2101144576, 2101148416]
[2101148672, 2101152512]
[2101152768, 2101156608]
[2101156864, 2101160704]
[2101160960, 2101164800]
[2101165056, 2101168896]
[2101169152, 2101172992]
[2101173248, 2101173760]
[2101174016, 2101177088]
[2101177344, 2101181184]
[2101181440, 2101185280]
[2101185536, 2101189376]
[2101189632, 2101193472]
[2101193728, 2101197568]
[2101197824, 2101201664]
[2101201920, 2101205760]
[2101206016, 2101209856]
[2101210112, 2101213952]
[2101214208, 2101218048]
[2101218304, 2101222144]
[2101222400, 2101226240]
[2101226496, 2101230336]
[2101230592, 2101234432]
[2101234688, 2101238528]
[2101238784, 2101239296]
[2101239552, 2101242624]
[2101242880, 2101246720]
[2101246976, 2101250816]
[2101251072, 2101254912]
[2101255168, 2101259008]
[2101259264, 2101263104]
[2101263360, 2101267200]
[2101267456, 2101271296]
[2101271552, 2101275392]
[2101275648, 2101279488]
[2101279744, 2101283584]
[2101283840, 2101287680]
[2101287936, 2101291776]
[2101292032, 2101295872]
[2101296128, 2101299968]
[2101300224, 2101304064]
[2101304320, 2101304832]
[2101305088, 2101308160]
[2101308416, 2101312256]
[2101312512, 2101316352]
[2101316608, 2101320448]
[2101320704, 2101324544]
[2101324800, 2101328640]
[2101328896, 2101332736]
[2101332992, 2101336832]
[2101337088, 2101340928]
[2101341184, 2101345024]
[2101345280, 2101348608]
[2101349376, 2101352704]
[2101353472, 2101356800]
[2101357568, 2101360896]
[2101361664, 2101364992]
[2101365760, 2101369088]
[2101369856, 2101373184]
[2101373952, 2101377280]
[2101378048, 2101381376]
[2101382144, 2101385472]
[2101386240, 2101389568]
[2101390336, 2101393664]
[2101394432, 2101397760]
[2101398528, 2101401856]
[2101402624, 2101405952]
[2101406720, 2101410048]
[2101410816, 2101414144]
[2101414912, 2101418240]
[2101419008, 2101422336]
[2101423104, 2101426432]
[2101427200, 2101430528]
[2101431296, 2101434624]
[2101435392, 2101438720]
[2101439488, 2101442816]
[2101443584, 2101446912]
[2101447680, 2101451008]
[2101451776, 2101455104]
[2101455872, 2101459200]
[2101459968, 2101463296]
[2101464064, 2101467392]
[2101468160, 2101471488]
[2101472256, 2101475584]
[2101476352, 2101479680]
[2101480448, 2101483776]
[2101484544, 2101487872]
[2101488640, 2101491968]
[2101492736, 2101496064]
[2101496832, 2101500160]
[2101500928, 2101504256]
[2101505024, 2101508352]
[2101509120, 2101512448]
[2101513216, 2101516544]
[2101517312, 2101520640]
[2101521408, 2101524736]
[2101525504, 2101528832]
[2101529600, 2101532928]
[2101533696, 2101537024]
[2101537792, 2101541120]
[2101541888, 2101545216]
[2101545984, 2101549312]
[2101550080, 2101553408]
[2101554176, 2101557504]
[2101558272, 2101561600]
[2101562368, 2101565696]
[2101566464, 2101569792]
[2101570560, 2101573888]
[2101574656, 2101577984]
[2101578752, 2101582080]
[2101582848, 2101586176]
[2101586944, 2101590272]
[2101591040, 2101594368]
[2101595136, 2101598464]
[2101599232, 2101602560]
[2101603328, 2101606656]
[2101607424, 2101610752]
[2101611520, 2101614848]
[2101615616, 2101618944]
[2101619712, 2101623040]
[2101623808, 2101627136]
[2101627904, 2101631232]
[2101632000, 2101635328]
[2101636096, 2101639424]
[2101640192, 2101643520]
[2101644288, 2101647616]
[2101648384, 2101651712]
[2101652480, 2101655808]
[2101656576, 2101659904]
[2101660672, 2101664000]
[2101664768, 2101668096]
[2101668864, 2101672192]
[2101672960, 2101676288]
[2101677056, 2101680384]
[2101681152, 2101684480]
[2101685248, 2101688576]
[2101689344, 2101692672]
[2101693440, 2101696768]
[2101697536, 2101700864]
[2101701632, 2101704960]
[2101705728, 2101709056]
[2101709824, 2101713152]
[2101713920, 2101717248]
[2101718016, 2101721344]
[2101722112, 2101725440]
[2101726208, 2101729536]
[2101730304, 2101733632]
[2101734400, 2101737728]
[2101738496, 2101741824]
[2101742592, 2101745920]
[2101746688, 2101750016]
[2101750784, 2101754112]
[2101754880, 2101758208]
[2101758976, 2101762304]
[2101763072, 2101766400]
[2101767168, 2101770496]
[2101771264, 2101774592]
[2101775360, 2101778688]
[2101779456, 2101782784]
[2101783552, 2101786880]
[2101787648, 2101790976]
[2101791744, 2101795072]
[2101795840, 2101799168]
[2101799936, 2101803264]
[2101804032, 2101807360]
[2101808128, 2101811456]
[2101812224, 2101815552]
[2101816320, 2101819648]
[2101820416, 2101823744]
[2101824512, 2101827840]
[2101828608, 2101831936]
[2101832704, 2101836032]
[2101836800, 2101840128]
[2101840896, 2101844224]
[2101844992, 2101848320]
[2101849088, 2101852416]
[2101853184, 2101856512]
[2101857280, 2101860608]
[2101861376, 2101864704]
[2101865472, 2101868800]
[2101869568, 2101872896]
[2101873664, 2101876992]
[2101877760, 2101881088]
[2101881856, 2101885184]
[2101885952, 2101889280]
[2101890048, 2101893376]
[2101894144, 2101897472]
[2101898240, 2101901568]
[2101902336, 2101905664]
[2101906432, 2101909760]
[2101910528, 2101913856]
[2101914624, 2101917952]
[2101918720, 2101922048]
[2101922816, 2101926144]
[2101926912, 2101930240]
[2101931008, 2101934336]
[2101935104, 2101938432]
[2101939200, 2101942528]
[2101943296, 2101946624]
[2101947392, 2101950720]
[2101951488, 2101954816]
[2101955584, 2101958912]
[2101959680, 2101963008]
[2101963776, 2101967104]
[2101967872, 2101971200]
[2101971968, 2101975296]
[2101976064, 2101979392]
[2101980160, 2101983488]
[2101984256, 2101987584]
[2101988352, 2101991680]
[2101992448, 2101995776]
[2101996544, 2101999872]
[2102000640, 2102003968]
[2102004736, 2102008064]
[2102008832, 2102012160]
[2102012928, 2102016256]
[2102017024, 2102020352]
[2102021120, 2102024448]
[2102025216, 2102028544]
[2102029312, 2102032640]
[2102033408, 2102036736]
[2102037504, 2102040832]
[2102041600, 2102044928]
[2102045696, 2102049024]
[2102049792, 2102053120]
[2102053888, 2102057216]
[2102057984, 2102061312]
[2102062080, 2102065408]
[2102066176, 2102069504]
[2102070272, 2102073600]
[2102074368, 2102077696]
[2102078464, 2102081792]
[2102082560, 2102085888]
[2102086656, 2102089984]
[2102090752, 2102094080]
[2102094848, 2102098176]
[2102098944, 2102102272]
[2102103040, 2102106368]
[2102107136, 2102110464]
[2102111232, 2102114560]
[2102115328, 2102118656]
[2102119424, 2102122752]
[2102123520, 2102126848]
[2102127616, 2102130944]
[2102131712, 2102135040]
[2102135808, 2102139136]
[2102139904, 2102143232]
[2102144000, 2102147328]
[2102148096, 2102151424]
[2102152192, 2102155520]
[2102156288, 2102159616]
[2102160384, 2102163712]
[2102164480, 2102167808]
[2102168576, 2102171904]
[2102172672, 2102176000]
[2102176768, 2102180096]
[2102180864, 2102184192]
[2102184960, 2102188288]
[2102189056, 2102192384]
[2102193152, 2102196480]
[2102197248, 2102200576]
[2102201344, 2102204672]
[2102205440, 2102208768]
[2102209536, 2102212864]
[2102213632, 2102216960]
[2102217728, 2102221056]
[2102221824, 2102225152]
[2102225920, 2102229248]
[2102230016, 2102233344]
[2102234112, 2102237440]
[2102238208, 2102241536]
[2102242304, 2102245632]
[2102246400, 2102249728]
[2102250496, 2102253824]
[2102254592, 2102257920]
[2102258688, 2102262016]
[2102262784, 2102266112]
[2102266880, 2102270208]
[2102270976, 2102274304]
[2102275072, 2102278400]
[2102279168, 2102282496]
[2102283264, 2102286592]
[2102287360, 2102290688]
[2102291456, 2102294784]
[2102295552, 2102298880]
[2102299648, 2102302976]
[2102303744, 2102307072]
[2102307840, 2102311168]
[2102311936, 2102315264]
[2102316032, 2102319360]
[2102320128, 2102323456]
[2102324224, 2102327552]
[2102328320, 2102331648]
[2102332416, 2102335744]
[2102336512, 2102339840]
[2102340608, 2102343936]
[2102344704, 2102348032]
[2102348800, 2102352128]
[2102352896, 2102356224]
[2102356992, 2102360320]
[2102361088, 2102364416]
[2102365184, 2102368512]
[2102369280, 2102372608]
[2102373376, 2102376704]
[2102377472, 2102380800]
[2102381568, 2102384896]
[2102385664, 2102388992]
[2102389760, 2102393088]
[2102393856, 2102397184]
[2102397952, 2102401280]
[2102402048, 2102405376]
[2102406144, 2102409472]
[2102410240, 2102413568]
[2102414336, 2102417664]
[2102418432, 2102421760]
[2102422528, 2102425856]
[2102426624, 2102429952]
[2102430720, 2102434048]
[2102434816, 2102438144]
[2102438912, 2102442240]
[2102443008, 2102446336]
[2102447104, 2102450432]
[2102451200, 2102454528]
[2102455296, 2102458624]
[2102459392, 2102462720]
[2102463488, 2102466816]
[2102467584, 2102470912]
[2102471680, 2102475008]
[2102475776, 2102479104]
[2102479872, 2102483200]
[2102483968, 2102487296]
[2102488064, 2102491392]
[2102492160, 2102495488]
[2102496256, 2102499584]
[2102500352, 2102503680]
[2102504448, 2102507776]
[2102508544, 2102511872]
[2102512640, 2102515968]
[2102516736, 2102520064]
[2102520832, 2102524160]
[2102524928, 2102528256]
[2102529024, 2102532352]
[2102533120, 2102536448]
[2102537216, 2102540544]
[2102541312, 2102544640]
[2102545408, 2102548736]
[2102549504, 2102552832]
[2102553600, 2102556928]
[2102557696, 2102561024]
[2102561792, 2102565120]
[2102565888, 2102569216]
[2102569984, 2102573312]
[2102574080, 2102577408]
[2102578176, 2102581504]
[2102582272, 2102585600]
[2102586368, 2102589696]
[2102590464, 2102593792]
[2102594560, 2102597888]
[2102598656, 2102601984]
[2102602752, 2102606080]
[2102606848, 2102610176]
[2102610944, 2102614272]
[2102615040, 2102618368]
[2102619136, 2102622464]
[2102623232, 2102626560]
[2102627328, 2102630656]
[2102631424, 2102634752]
[2102635520, 2102638848]
[2102639616, 2102642944]
[2102643712, 2102647040]
[2102647808, 2102651136]
[2102651904, 2102655232]
[2102656000, 2102659328]
[2102660096, 2102663424]
[2102664192, 2102667520]
[2102668288, 2102671616]
[2102672384, 2102675712]
[2102676480, 2102679808]
[2102680576, 2102683904]
[2102684672, 2102688000]
[2102688768, 2102692096]
[2102692864, 2102696192]
[2102696960, 2102700288]
[2102701056, 2102704384]
[2102705152, 2102708480]
[2102709248, 2102712576]
[2102713344, 2102716672]
[2102717440, 2102720768]
[2102721536, 2102724864]
[2102725632, 2102728960]
[2102729728, 2102733056]
[2102733824, 2102737152]
[2102737920, 2102741248]
[2102742016, 2102745344]
[2102746112, 2102749440]
[2102750208, 2102753536]
[2102754304, 2102757632]
[2102758400, 2102761728]
[2102762496, 2102765824]
[2102766592, 2102769920]
[2102770688, 2102774016]
[2102774784, 2102778112]
[2102778880, 2102782208]
[2102782976, 2102786304]
[2102787072, 2102790400]
[2102791168, 2102794496]
[2102795264, 2102798592]
[2102799360, 2102802688]
[2102803456, 2102806784]
[2102807552, 2102810880]
[2102811648, 2102814976]
[2102815744, 2102819072]
[2102819840, 2102823168]
[2102823936, 2102827264]
[2102828032, 2102831360]
[2102832128, 2102835456]
[2102836224, 2102839552]
[2102840320, 2102843648]
[2102844416, 2102847744]
[2102848512, 2102851840]
[2102852608, 2102855936]
[2102856704, 2102860032]
[2102860800, 2102864128]
[2102864896, 2102868224]
[2102868992, 2102872320]
[2102873088, 2102876416]
[2102877184, 2102880512]
[2102881280, 2102884608]
[2102885376, 2102888704]
[2102889472, 2102892800]
[2102893568, 2102896896]
[2102897664, 2102900992]
[2102901760, 2102905088]
[2102905856, 2102909184]
[2102909952, 2102913280]
[2102914048, 2102917376]
[2102918144, 2102921472]
[2102922240, 2102925568]
[2102926336, 2102929664]
[2102930432, 2102933760]
[2102934528, 2102937856]
[2102938624, 2102941952]
[2102942720, 2102946048]
[2102946816, 2102950144]
[2102950912, 2102954240]
[2102955008, 2102958336]
[2102959104, 2102962432]
[2102963200, 2102966528]
[2102967296, 2102970624]
[2102971392, 2102974720]
[2102975488, 2102978816]
[2102979584, 2102982912]
[2102983680, 2102987008]
[2102987776, 2102991104]
[2102991872, 2102995200]
[2102995968, 2102999296]
[2103000064, 2103003392]
[2103004160, 2103007488]
[2103008256, 2103011584]
[2103012352, 2103015680]
[2103016448, 2103019776]
[2103020544, 2103023872]
[2103024640, 2103027968]
[2103028736, 2103032064]
[2103032832, 2103036160]
[2103036928, 2103040256]
[2103041024, 2103044352]
[2103045120, 2103048448]
[2103049216, 2103052544]
[2103053312, 2103056640]
[2103057408, 2103060736]
[2103061504, 2103064832]
[2103065600, 2103068928]
[2103069696, 2103073024]
[2103073792, 2103077120]
[2103077888, 2103081216]
[2103081984, 2103085312]
[2103086080, 2103089408]
[2103090176, 2103093504]
[2103094272, 2103097600]
[2103098368, 2103101696]
[2103102464, 2103105792]
[2103106560, 2103109888]
[2103110656, 2103113984]
[2103114752, 2103118080]
[2103118848, 2103122176]
[2103122944, 2103126272]
[2103127040, 2103130368]
[2103131136, 2103134464]
[2103135232, 2103138560]
[2103139328, 2103142656]
[2103143424, 2103146752]
[2103147520, 2103150848]
[2103151616, 2103154944]
[2103155712, 2103159040]
[2103159808, 2103163136]
[2103163904, 2103167232]
[2103168000, 2103171328]
[2103172096, 2103175424]
[2103176192, 2103179520]
[2103180288, 2103183616]
[2103184384, 2103187712]
[2103188480, 2103191808]
[2103192576, 2103195904]
[2103196672, 2103200000]
[2103200768, 2103204096]
[2103204864, 2103208192]
[2103208960, 2103212288]
[2103213056, 2103216384]
[2103217152, 2103220480]
[2103221248, 2103224576]
[2103225344, 2103228672]
[2103229440, 2103232768]
[2103233536, 2103236864]
[2103237632, 2103240960]
[2103241728, 2103245056]
[2103245824, 2103249152]
[2103249920, 2103253248]
[2103254016, 2103257344]
[2103258112, 2103261440]
[2103262208, 2103265536]
[2103266304, 2103269632]
[2103270400, 2103273728]
[2103274496, 2103277824]
[2103278592, 2103281920]
[2103282688, 2103286016]
[2103286784, 2103290112]
[2103290880, 2103294208]
[2103294976, 2103298304]
[2103299072, 2103302400]
[2103303168, 2103306496]
[2103307264, 2103310592]
[2103311360, 2103314688]
[2103315456, 2103318784]
[2103319552, 2103322880]
[2103323648, 2103326976]
[2103327744, 2103331072]
[2103331840, 2103335168]
[2103335936, 2103339264]
[2103340032, 2103343360]
[2103344128, 2103347456]
[2103348224, 2103351552]
[2103352320, 2103355648]
[2103356416, 2103359744]
[2103360512, 2103363840]
[2103364608, 2103367936]
[2103368704, 2103372032]
[2103372800, 2103376128]
[2103376896, 2103380224]
[2103380992, 2103384320]
[2103385088, 2103388416]
[2103389184, 2103392512]
[2103393280, 2103396608]
[2103397376, 2103400704]
[2103401472, 2103404800]
[2103405568, 2103408896]
[2103409664, 2103412992]
[2103413760, 2103417088]
[2103417856, 2103421184]
[2103421952, 2103425280]
[2103426048, 2103429376]
[2103430144, 2103433472]
[2103434240, 2103437568]
[2103438336, 2103441664]
[2103442432, 2103446272]
[2103446528, 2103450368]
[2103450624, 2103454464]
[2103454720, 2103458560]
[2103458816, 2103462656]
[2103462912, 2103466752]
[2103467008, 2103470848]
[2103471104, 2103474944]
[2103475200, 2103479040]
[2103479296, 2103483136]
[2103483392, 2103487232]
[2103487488, 2103491328]
[2103491584, 2103495424]
[2103495680, 2103499520]
[2103499776, 2103503616]
[2103503872, 2103507712]
[2103507968, 2103511808]
[2103512064, 2103515904]
[2103516160, 2103520000]
[2103520256, 2103524096]
[2103524352, 2103528192]
[2103528448, 2103532288]
[2103532544, 2103536384]
[2103536640, 2103540480]
[2103540736, 2103544576]
[2103544832, 2103548672]
[2103548928, 2103552768]
[2103553024, 2103556864]
[2103557120, 2103560960]
[2103561216, 2103565056]
[2103565312, 2103569152]
[2103569408, 2103573248]
[2103573504, 2103577344]
[2103577600, 2103581440]
[2103581696, 2103585536]
[2103585792, 2103589632]
[2103589888, 2103593728]
[2103593984, 2103597824]
[2103598080, 2103601920]
[2103602176, 2103606016]
[2103606272, 2103610112]
[2103610368, 2103614208]
[2103614464, 2103618304]
[2103618560, 2103622400]
[2103622656, 2103626496]
[2103626752, 2103630592]
[2103630848, 2103634688]
[2103634944, 2103638784]
[2103639040, 2103642880]
[2103643136, 2103646976]
[2103647232, 2103651072]
[2103651328, 2103655168]
[2103655424, 2103659264]
[2103659520, 2103663360]
[2103663616, 2103667456]
[2103667712, 2103671552]
[2103671808, 2103675648]
[2103675904, 2103679744]
[2103680000, 2103683840]
[2103684096, 2103687936]
[2103688192, 2103692032]
[2103692288, 2103696128]
[2103696384, 2103700224]
[2103700480, 2103704320]
[2103704576, 2103708416]
[2103708672, 2103712512]
[2103712768, 2103716608]
[2103716864, 2103720704]
[2103720960, 2103724800]
[2103725056, 2103728896]
[2103729152, 2103732992]
[2103733248, 2103737088]
[2103737344, 2103741184]
[2103741440, 2103745280]
[2103745536, 2103749376]
[2103749632, 2103753472]
[2103753728, 2103757568]
[2103757824, 2103761664]
[2103761920, 2103765760]
[2103766016, 2103769856]
[2103770112, 2103773952]
[2103774208, 2103778048]
[2103778304, 2103782144]
[2103782400, 2103786240]
[2103786496, 2103790336]
[2103790592, 2103794432]
[2103794688, 2103798528]
[2103798784, 2103802624]
[2103802880, 2103806720]
[2103806976, 2103810816]
[2103811072, 2103814912]
[2103815168, 2103819008]
[2103819264, 2103823104]
[2103823360, 2103827200]
[2103827456, 2103831296]
[2103831552, 2103835392]
[2103835648, 2103839488]
[2103839744, 2103843584]
[2103843840, 2103847680]
[2103847936, 2103851776]
[2103852032, 2103855872]
[2103856128, 2103859968]
[2103860224, 2103864064]
[2103864320, 2103868160]
[2103868416, 2103872256]
[2103872512, 2103876352]
[2103876608, 2103880448]
[2103880704, 2103884544]
[2103884800, 2103888640]
[2103888896, 2103892736]
[2103892992, 2103896832]
[2103897088, 2103900928]
[2103901184, 2103905024]
[2103905280, 2103909120]
[2103909376, 2103913216]
[2103913472, 2103917312]
[2103917568, 2103921408]
[2103921664, 2103925504]
[2103925760, 2103929600]
[2103929856, 2103933696]
[2103933952, 2103937792]
[2103938048, 2103941888]
[2103942144, 2103945984]
[2103946240, 2103950080]
[2103950336, 2103954176]
[2103954432, 2103958272]
[2103958528, 2103962368]
[2103962624, 2103966464]
[2103966720, 2103970560]
[2103970816, 2103974656]
[2103974912, 2103978752]
[2103979008, 2103982848]
[2103983104, 2103986944]
[2103987200, 2103991040]
[2103991296, 2103995136]
[2103995392, 2103999232]
[2103999488, 2104003328]
[2104003584, 2104007424]
[2104007680, 2104011520]
[2104011776, 2104015616]
[2104015872, 2104019712]
[2104019968, 2104023808]
[2104024064, 2104027904]
[2104028160, 2104032000]
[2104032256, 2104036096]
[2104036352, 2104040192]
[2104040448, 2104044288]
[2104044544, 2104048384]
[2104048640, 2104052480]
[2104052736, 2104056576]
[2104056832, 2104060672]
[2104060928, 2104064768]
[2104065024, 2104068864]
[2104069120, 2104072960]
[2104073216, 2104077056]
[2104077312, 2104081152]
[2104081408, 2104085248]
[2104085504, 2104089344]
[2104089600, 2104093440]
[2104093696, 2104097536]
[2104097792, 2104101632]
[2104101888, 2104105728]
[2104105984, 2104109824]
[2104110080, 2104113920]
[2104114176, 2104118016]
[2104118272, 2104122112]
[2104122368, 2104126208]
[2104126464, 2104130304]
[2104130560, 2104134400]
[2104134656, 2104138496]
[2104138752, 2104142592]
[2104142848, 2104146688]
[2104146944, 2104150784]
[2104151040, 2104154880]
[2104155136, 2104158976]
[2104159232, 2104163072]
[2104163328, 2104167168]
[2104167424, 2104171264]
[2104171520, 2104175360]
[2104175616, 2104179456]
[2104179712, 2104183552]
[2104183808, 2104187648]
[2104187904, 2104191744]
[2104192000, 2104195840]
[2104196096, 2104199936]
[2104200192, 2104204032]
[2104204288, 2104208128]
[2104208384, 2104212224]
[2104212480, 2104216320]
[2104216576, 2104220416]
[2104220672, 2104224512]
[2104224768, 2104228608]
[2104228864, 2104232704]
[2104232960, 2104236800]
[2104237056, 2104240896]
[2104241152, 2104244992]
[2104245248, 2104249088]
[2104249344, 2104253184]
[2104253440, 2104257280]
[2104257536, 2104261376]
[2104261632, 2104265472]
[2104265728, 2104269568]
[2104269824, 2104273664]
[2104273920, 2104277760]
[2104278016, 2104281856]
[2104282112, 2104285952]
[2104286208, 2104290048]
[2104290304, 2104294144]
[2104294400, 2104298240]
[2104298496, 2104302336]
[2104302592, 2104306432]
[2104306688, 2104310528]
[2104310784, 2104314624]
[2104314880, 2104318720]
[2104318976, 2104322816]
[2104323072, 2104326912]
[2104327168, 2104331008]
[2104331264, 2104335104]
[2104335360, 2104339200]
[2104339456, 2104343296]
[2104343552, 2104347392]
[2104347648, 2104351488]
[2104351744, 2104355584]
[2104355840, 2104359680]
[2104359936, 2104363776]
[2104364032, 2104367872]
[2104368128, 2104371968]
[2104372224, 2104376064]
[2104376320, 2104380160]
[2104380416, 2104384256]
[2104384512, 2104388352]
[2104388608, 2104392448]
[2104392704, 2104396544]
[2104396800, 2104400640]
[2104400896, 2104404736]
[2104404992, 2104408832]
[2104409088, 2104412928]
[2104413184, 2104417024]
[2104417280, 2104421120]
[2104421376, 2104425216]
[2104425472, 2104429312]
[2104429568, 2104433408]
[2104433664, 2104437504]
[2104437760, 2104441600]
[2104441856, 2104445696]
[2104445952, 2104449792]
[2104450048, 2104453888]
[2104454144, 2104457984]
[2104458240, 2104462080]
[2104462336, 2104466176]
[2104466432, 2104470272]
[2104470528, 2104474368]
[2104474624, 2104478464]
[2104478720, 2104482560]
[2104482816, 2104486656]
[2104486912, 2104490752]
[2104491008, 2104494848]
[2104495104, 2104498944]
[2104499200, 2104503040]
[2104503296, 2104507136]
[2104507392, 2104511232]
[2104511488, 2104515328]
[2104515584, 2104519424]
[2104519680, 2104523520]
[2104523776, 2104527616]
[2104527872, 2104531712]
[2104531968, 2104535808]
[2104536064, 2104539904]
[2104540160, 2104544000]
[2104544256, 2104548096]
[2104548352, 2104552192]
[2104552448, 2104556288]
[2104556544, 2104560384]
[2104560640, 2104564480]
[2104564736, 2104568576]
[2104568832, 2104572672]
[2104572928, 2104576768]
[2104577024, 2104580864]
[2104581120, 2104584960]
[2104585216, 2104589056]
[2104589312, 2104593152]
[2104593408, 2104597248]
[2104597504, 2104601344]
[2104601600, 2104605440]
[2104605696, 2104609536]
[2104609792, 2104613632]
[2104613888, 2104617728]
[2104617984, 2104621824]
[2104622080, 2104625920]
[2104626176, 2104630016]
[2104630272, 2104634112]
[2104634368, 2104638208]
[2104638464, 2104642304]
[2104642560, 2104646400]
[2104646656, 2104650496]
[2104650752, 2104654592]
[2104654848, 2104658688]
[2104658944, 2104662784]
[2104663040, 2104666880]
[2104667136, 2104670976]
[2104671232, 2104675072]
[2104675328, 2104679168]
[2104679424, 2104683264]
[2104683520, 2104687360]
[2104687616, 2104691456]
[2104691712, 2104695552]
[2104695808, 2104699648]
[2104699904, 2104703744]
[2104704000, 2104707840]
[2104708096, 2104711936]
[2104712192, 2104716032]
[2104716288, 2104720128]
[2104720384, 2104724224]
[2104724480, 2104728320]
[2104728576, 2104732416]
[2104732672, 2104736512]
[2104736768, 2104740608]
[2104740864, 2104744704]
[2104744960, 2104748800]
[2104749056, 2104752896]
[2104753152, 2104756992]
[2104757248, 2104761088]
[2104761344, 2104765184]
[2104765440, 2104769280]
[2104769536, 2104773376]
[2104773632, 2104777472]
[2104777728, 2104781568]
[2104781824, 2104785664]
[2104785920, 2104789760]
[2104790016, 2104793856]
[2104794112, 2104797952]
[2104798208, 2104802048]
[2104802304, 2104806144]
[2104806400, 2104810240]
[2104810496, 2104814336]
[2104814592, 2104818432]
[2104818688, 2104822528]
[2104822784, 2104826624]
[2104826880, 2104830720]
[2104830976, 2104834816]
[2104835072, 2104838912]
[2104839168, 2104843008]
[2104843264, 2104847104]
[2104847360, 2104851200]
[2104851456, 2104855296]
[2104855552, 2104859392]
[2104859648, 2104863488]
[2104863744, 2104867584]
[2104867840, 2104871680]
[2104871936, 2104875776]
[2104876032, 2104879872]
[2104880128, 2104883968]
[2104884224, 2104888064]
[2104888320, 2104892160]
[2104892416, 2104896256]
[2104896512, 2104900352]
[2104900608, 2104904448]
[2104904704, 2104908544]
[2104908800, 2104912640]
[2104912896, 2104916736]
[2104916992, 2104920832]
[2104921088, 2104924928]
[2104925184, 2104929024]
[2104929280, 2104933120]
[2104933376, 2104937216]
[2104937472, 2104941312]
[2104941568, 2104945408]
[2104945664, 2104949504]
[2104949760, 2104953600]
[2104953856, 2104957696]
[2104957952, 2104961792]
[2104962048, 2104965888]
[2104966144, 2104969984]
[2104970240, 2104974080]
[2104974336, 2104978176]
[2104978432, 2104982272]
[2104982528, 2104986368]
[2104986624, 2104990464]
[2104990720, 2104994560]
[2104994816, 2104998656]
[2104998912, 2105002752]
[2105003008, 2105006848]
[2105007104, 2105010944]
[2105011200, 2105015040]
[2105015296, 2105019136]
[2105019392, 2105023232]
[2105023488, 2105027328]
[2105027584, 2105031424]
[2105031680, 2105035520]
[2105035776, 2105039616]
[2105039872, 2105043712]
[2105043968, 2105047808]
[2105048064, 2105051904]
[2105052160, 2105056000]
[2105056256, 2105060096]
[2105060352, 2105064192]
[2105064448, 2105068288]
[2105068544, 2105072384]
[2105072640, 2105076480]
[2105076736, 2105080576]
[2105080832, 2105084672]
[2105084928, 2105088768]
[2105089024, 2105092864]
[2105093120, 2105096960]
[2105097216, 2105101056]
[2105101312, 2105105152]
[2105105408, 2105109248]
[2105109504, 2105113344]
[2105113600, 2105117440]
[2105117696, 2105121536]
[2105121792, 2105125632]
[2105125888, 2105129728]
[2105129984, 2105133824]
[2105134080, 2105137920]
[2105138176, 2105142016]
[2105142272, 2105146112]
[2105146368, 2105150208]
[2105150464, 2105154304]
[2105154560, 2105158400]
[2105158656, 2105162496]
[2105162752, 2105166592]
[2105166848, 2105170688]
[2105170944, 2105174784]
[2105175040, 2105178880]
[2105179136, 2105182976]
[2105183232, 2105187072]
[2105187328, 2105191168]
[2105191424, 2105195264]
[2105195520, 2105199360]
[2105199616, 2105203456]
[2105203712, 2105207552]
[2105207808, 2105211648]
[2105211904, 2105215744]
[2105216000, 2105219840]
[2105220096, 2105223936]
[2105224192, 2105228032]
[2105228288, 2105232128]
[2105232384, 2105236224]
[2105236480, 2105240320]
[2105240576, 2105244416]
[2105244672, 2105248512]
[2105248768, 2105252608]
[2105252864, 2105256704]
[2105256960, 2105260800]
[2105261056, 2105264896]
[2105265152, 2105268992]
[2105269248, 2105273088]
[2105273344, 2105277184]
[2105277440, 2105281280]
[2105281536, 2105285376]
[2105285632, 2105289472]
[2105289728, 2105293568]
[2105293824, 2105297664]
[2105297920, 2105301760]
[2105302016, 2105305856]
[2105306112, 2105309952]
[2105310208, 2105314048]
[2105314304, 2105318144]
[2105318400, 2105322240]
[2105322496, 2105326336]
[2105326592, 2105330432]
[2105330688, 2105334528]
[2105334784, 2105338624]
[2105338880, 2105342720]
[2105342976, 2105346816]
[2105347072, 2105350912]
[2105351168, 2105355008]
[2105355264, 2105359104]
[2105359360, 2105363200]
[2105363456, 2105367296]
[2105367552, 2105371392]
[2105371648, 2105375488]
[2105375744, 2105379584]
[2105379840, 2105383680]
[2105383936, 2105387776]
[2105388032, 2105391872]
[2105392128, 2105395968]
[2105396224, 2105400064]
[2105400320, 2105404160]
[2105404416, 2105408256]
[2105408512, 2105412352]
[2105412608, 2105416448]
[2105416704, 2105420544]
[2105420800, 2105424640]
[2105424896, 2105428736]
[2105428992, 2105432832]
[2105433088, 2105436928]
[2105437184, 2105441024]
[2105441280, 2105445120]
[2105445376, 2105449216]
[2105449472, 2105453312]
[2105453568, 2105457408]
[2105457664, 2105461504]
[2105461760, 2105465600]
[2105465856, 2105469696]
[2105469952, 2105473792]
[2105474048, 2105477888]
[2105478144, 2105481984]
[2105482240, 2105486080]
[2105486336, 2105490176]
[2105490432, 2105494272]
[2105494528, 2105498368]
[2105498624, 2105502464]
[2105502720, 2105506560]
[2105506816, 2105510656]
[2105510912, 2105514752]
[2105515008, 2105518848]
[2105519104, 2105522944]
[2105523200, 2105527040]
[2105527296, 2105531136]
[2105531392, 2105535232]
[2105535488, 2105539328]
[2105539584, 2105542912]
[2105543680, 2105547008]
[2105547776, 2105551104]
[2105551872, 2105555200]
[2105555968, 2105559296]
[2105560064, 2105563392]
[2105564160, 2105564672]
[2105564928, 2105567488]
[2105568256, 2105571584]
[2105572352, 2105575680]
[2105576448, 2105579776]
[2105580544, 2105583872]
[2105584640, 2105587968]
[2105588736, 2105592064]
[2105592832, 2105596160]
[2105596928, 2105600256]
[2105601024, 2105604352]
[2105605120, 2105608448]
[2105609216, 2105612544]
[2105613312, 2105616640]
[2105617408, 2105620736]
[2105621504, 2105624832]
[2105625600, 2105628928]
[2105629696, 2105630208]
[2105630464, 2105633024]
[2105633792, 2105637120]
[2105637888, 2105641216]
[2105641984, 2105645312]
[2105646080, 2105649408]
[2105650176, 2105653504]
[2105654272, 2105657600]
[2105658368, 2105661696]
[2105662464, 2105665792]
[2105666560, 2105669888]
[2105670656, 2105673984]
[2105674752, 2105678080]
[2105678848, 2105682176]
[2105682944, 2105686272]
[2105687040, 2105690368]
[2105691136, 2105694464]
[2105695232, 2105695744]
[2105696000, 2105698560]
[2105699328, 2105702656]
[2105703424, 2105706752]
[2105707520, 2105710848]
[2105711616, 2105714944]
[2105715712, 2105719040]
[2105719808, 2105723136]
[2105723904, 2105727232]
[2105728000, 2105731328]
[2105732096, 2105735424]
[2105736192, 2105739520]
[2105740288, 2105743616]
[2105744384, 2105747712]
[2105748480, 2105751808]
[2105752576, 2105755904]
[2105756672, 2105760000]
[2105760768, 2105761280]
[2105761536, 2105764096]
[2105764864, 2105768192]
[2105768960, 2105772288]
[2105773056, 2105776384]
[2105777152, 2105780480]
[2105781248, 2105784576]
[2105785344, 2105788672]
[2105789440, 2105792768]
[2105793536, 2105796864]
[2105797632, 2105800960]
[2105801728, 2105805056]
[2105805824, 2105809152]
[2105809920, 2105813248]
[2105814016, 2105817344]
[2105818112, 2105821440]
[2105822208, 2105825536]
[2105826304, 2105826816]
[2105827072, 2105829632]
[2105830400, 2105833728]
[2105834496, 2105837824]
[2105838592, 2105841920]
[2105842688, 2105846016]
[2105846784, 2105850112]
[2105850880, 2105854208]
[2105854976, 2105858304]
[2105859072, 2105862400]
[2105863168, 2105866496]
[2105867264, 2105870592]
[2105871360, 2105874688]
[2105875456, 2105878784]
[2105879552, 2105882880]
[2105883648, 2105886976]
[2105887744, 2105891072]
[2105891840, 2105892352]
[2105892608, 2105895168]
[2105895936, 2105899264]
[2105900032, 2105903360]
[2105904128, 2105907456]
[2105908224, 2105911552]
[2105912320, 2105915648]
[2105916416, 2105919744]
[2105920512, 2105923840]
[2105924608, 2105927936]
[2105928704, 2105932032]
[2105932800, 2105936128]
[2105936896, 2105940224]
[2105940992, 2105944320]
[2105945088, 2105948416]
[2105949184, 2105952512]
[2105953280, 2105956608]
[2105957376, 2105957888]
[2105958144, 2105960704]
[2105961472, 2105964800]
[2105965568, 2105968896]
[2105969664, 2105972992]
[2105973760, 2105977088]
[2105977856, 2105981184]
[2105981952, 2105985280]
[2105986048, 2105989376]
[2105990144, 2105993472]
[2105994240, 2105997568]
[2105998336, 2106001664]
[2106002432, 2106005760]
[2106006528, 2106009856]
[2106010624, 2106013952]
[2106014720, 2106018048]
[2106018816, 2106022144]
[2106022912, 2106023424]
[2106023680, 2106026240]
[2106027008, 2106030336]
[2106031104, 2106034432]
[2106035200, 2106038528]
[2106039296, 2106042624]
[2106043392, 2106046720]
[2106047488, 2106050816]
[2106051584, 2106054912]
[2106055680, 2106059008]
[2106059776, 2106063104]
[2106063872, 2106067200]
[2106067968, 2106071296]
[2106072064, 2106075392]
[2106076160, 2106079488]
[2106080256, 2106083584]
[2106084352, 2106087680]
[2106088448, 2106088960]
[2106089216, 2106091776]
[2106092544, 2106095872]
[2106096640, 2106099968]
[2106100736, 2106104064]
[2106104832, 2106108160]
[2106108928, 2106112256]
[2106113024, 2106116352]
[2106117120, 2106120448]
[2106121216, 2106124544]
[2106125312, 2106128640]
[2106129408, 2106132736]
[2106133504, 2106136832]
[2106137600, 2106140928]
[2106141696, 2106145024]
[2106145792, 2106149120]
[2106149888, 2106153216]
[2106153984, 2106154496]
[2106154752, 2106157312]
[2106158080, 2106161408]
[2106162176, 2106165504]
[2106166272, 2106169600]
[2106170368, 2106173696]
[2106174464, 2106177792]
[2106178560, 2106181888]
[2106182656, 2106185984]
[2106186752, 2106190080]
[2106190848, 2106194176]
[2106194944, 2106198272]
[2106199040, 2106202368]
[2106203136, 2106206464]
[2106207232, 2106210560]
[2106211328, 2106214656]
[2106215424, 2106218752]
[2106219520, 2106220032]
[2106220288, 2106222848]
[2106223616, 2106226944]
[2106227712, 2106231040]
[2106231808, 2106235136]
[2106235904, 2106239232]
[2106240000, 2106243328]
[2106244096, 2106247424]
[2106248192, 2106251520]
[2106252288, 2106255616]
[2106256384, 2106259712]
[2106260480, 2106263808]
[2106264576, 2106267904]
[2106268672, 2106272000]
[2106272768, 2106276096]
[2106276864, 2106280192]
[2106280960, 2106284288]
[2106285056, 2106285568]
[2106285824, 2106288384]
[2106289152, 2106292480]
[2106293248, 2106296576]
[2106297344, 2106300672]
[2106301440, 2106304768]
[2106305536, 2106308864]
[2106309632, 2106312960]
[2106313728, 2106317056]
[2106317824, 2106321152]
[2106321920, 2106325248]
[2106326016, 2106329344]
[2106330112, 2106333440]
[2106334208, 2106337536]
[2106338304, 2106341632]
[2106342400, 2106345728]
[2106346496, 2106349824]
[2106350592, 2106351104]
[2106351360, 2106353920]
[2106354688, 2106358016]
[2106358784, 2106362112]
[2106362880, 2106366208]
[2106366976, 2106370304]
[2106371072, 2106374400]
[2106375168, 2106378496]
[2106379264, 2106382592]
[2106383360, 2106386688]
[2106387456, 2106390784]
[2106391552, 2106394880]
[2106395648, 2106398976]
[2106399744, 2106403072]
[2106403840, 2106407168]
[2106407936, 2106411264]
[2106412032, 2106415360]
[2106416128, 2106416640]
[2106416896, 2106419456]
[2106420224, 2106423552]
[2106424320, 2106427648]
[2106428416, 2106431744]
[2106432512, 2106435840]
[2106436608, 2106439936]
[2106440704, 2106444032]
[2106444800, 2106448128]
[2106448896, 2106452224]
[2106452992, 2106456320]
[2106457088, 2106460416]
[2106461184, 2106464512]
[2106465280, 2106468608]
[2106469376, 2106472704]
[2106473472, 2106476800]
[2106477568, 2106480896]
[2106481664, 2106482176]
[2106482432, 2106484992]
[2106485760, 2106489088]
[2106489856, 2106493184]
[2106493952, 2106497280]
[2106498048, 2106501376]
[2106502144, 2106505472]
[2106506240, 2106509568]
[2106510336, 2106513664]
[2106514432, 2106517760]
[2106518528, 2106521856]
[2106522624, 2106525952]
[2106526720, 2106530048]
[2106530816, 2106534144]
[2106534912, 2106538240]
[2106539008, 2106542336]
[2106543104, 2106546432]
[2106547200, 2106547712]
[2106547968, 2106550528]
[2106551296, 2106554624]
[2106555392, 2106558720]
[2106559488, 2106562816]
[2106563584, 2106566912]
[2106567680, 2106571008]
[2106571776, 2106575104]
[2106575872, 2106579200]
[2106579968, 2106583296]
[2106584064, 2106587392]
[2106588160, 2106591488]
[2106592256, 2106595584]
[2106596352, 2106599680]
[2106600448, 2106603776]
[2106604544, 2106607872]
[2106608640, 2106611968]
[2106612736, 2106613248]
[2106613504, 2106616064]
[2106616832, 2106620160]
[2106620928, 2106624256]
[2106625024, 2106628352]
[2106629120, 2106632448]
[2106633216, 2106636544]
[2106637312, 2106640640]
[2106641408, 2106644736]
[2106645504, 2106648832]
[2106649600, 2106652928]
[2106653696, 2106657024]
[2106657792, 2106661120]
[2106661888, 2106665216]
[2106665984, 2106669312]
[2106670080, 2106673408]
[2106674176, 2106677504]
[2106678272, 2106678784]
[2106679040, 2106681600]
[2106682368, 2106685696]
[2106686464, 2106689792]
[2106690560, 2106693888]
[2106694656, 2106697984]
[2106698752, 2106702080]
[2106702848, 2106706176]
[2106706944, 2106710272]
[2106711040, 2106714368]
[2106715136, 2106718464]
[2106719232, 2106722560]
[2106723328, 2106726656]
[2106727424, 2106730752]
[2106731520, 2106734848]
[2106735616, 2106738944]
[2106739712, 2106743040]
[2106743808, 2106744320]
[2106744576, 2106747136]
[2106747904, 2106751232]
[2106752000, 2106755328]
[2106756096, 2106759424]
[2106760192, 2106763520]
[2106764288, 2106767616]
[2106768384, 2106771712]
[2106772480, 2106775808]
[2106776576, 2106779904]
[2106780672, 2106784000]
[2106784768, 2106788096]
[2106788864, 2106792192]
[2106792960, 2106796288]
[2106797056, 2106800384]
[2106801152, 2106804480]
[2106805248, 2106808576]
[2106809344, 2106809856]
[2106810112, 2106812672]
[2106813440, 2106816768]
[2106817536, 2106820864]
[2106821632, 2106824960]
[2106825728, 2106829056]
[2106829824, 2106833152]
[2106833920, 2106837248]
[2106838016, 2106841344]
[2106842112, 2106845440]
[2106846208, 2106849536]
[2106850304, 2106853632]
[2106854400, 2106857728]
[2106858496, 2106861824]
[2106862592, 2106865920]
[2106866688, 2106870016]
[2106870784, 2106874112]
[2106874880, 2106875392]
[2106875648, 2106878208]
[2106878976, 2106882304]
[2106883072, 2106886400]
[2106887168, 2106890496]
[2106891264, 2106894592]
[2106895360, 2106898688]
[2106899456, 2106902784]
[2106903552, 2106906880]
[2106907648, 2106910976]
[2106911744, 2106915072]
[2106915840, 2106919168]
[2106919936, 2106923264]
[2106924032, 2106927360]
[2106928128, 2106931456]
[2106932224, 2106935552]
[2106936320, 2106939648]
[2106940416, 2106940928]
[2106941184, 2106943744]
[2106944512, 2106947840]
[2106948608, 2106951936]
[2106952704, 2106956032]
[2106956800, 2106960128]
[2106960896, 2106964224]
[2106964992, 2106968320]
[2106969088, 2106972416]
[2106973184, 2106976512]
[2106977280, 2106980608]
[2106981376, 2106984704]
[2106985472, 2106988800]
[2106989568, 2106992896]
[2106993664, 2106996992]
[2106997760, 2107001088]
[2107001856, 2107005184]
[2107005952, 2107006464]
[2107006720, 2107009280]
[2107010048, 2107013376]
[2107014144, 2107017472]
[2107018240, 2107021568]
[2107022336, 2107025664]
[2107026432, 2107029760]
[2107030528, 2107033856]
[2107034624, 2107037952]
[2107038720, 2107042048]
[2107042816, 2107046144]
[2107046912, 2107050240]
[2107051008, 2107054336]
[2107055104, 2107058432]
[2107059200, 2107062528]
[2107063296, 2107066624]
[2107067392, 2107070720]
[2107071488, 2107072000]
[2107072256, 2107074816]
[2107075584, 2107078912]
[2107079680, 2107083008]
[2107083776, 2107087104]
[2107087872, 2107091200]
[2107091968, 2107095296]
[2107096064, 2107099392]
[2107100160, 2107103488]
[2107104256, 2107107584]
[2107108352, 2107111680]
[2107112448, 2107115776]
[2107116544, 2107119872]
[2107120640, 2107123968]
[2107124736, 2107128064]
[2107128832, 2107132160]
[2107132928, 2107136256]
[2107137024, 2107137536]
[2107137792, 2107140352]
[2107141120, 2107144448]
[2107145216, 2107148544]
[2107149312, 2107152640]
[2107153408, 2107156736]
[2107157504, 2107160832]
[2107161600, 2107164928]
[2107165696, 2107169024]
[2107169792, 2107173120]
[2107173888, 2107177216]
[2107177984, 2107181312]
[2107182080, 2107185408]
[2107186176, 2107189504]
[2107190272, 2107193600]
[2107194368, 2107197696]
[2107198464, 2107201792]
[2107202560, 2107203072]
[2107203328, 2107205888]
[2107206656, 2107209984]
[2107210752, 2107214080]
[2107214848, 2107218176]
[2107218944, 2107222272]
[2107223040, 2107226368]
[2107227136, 2107230464]
[2107231232, 2107234560]
[2107235328, 2107238656]
[2107239424, 2107242752]
[2107243520, 2107246848]
[2107247616, 2107250944]
[2107251712, 2107255040]
[2107255808, 2107259136]
[2107259904, 2107263232]
[2107264000, 2107267328]
[2107268096, 2107268608]
[2107268864, 2107271424]
[2107272192, 2107275520]
[2107276288, 2107279616]
[2107280384, 2107283712]
[2107284480, 2107287808]
[2107288576, 2107291904]
[2107292672, 2107296000]
[2107296768, 2107300096]
[2107300864, 2107304192]
[2107304960, 2107308288]
[2107309056, 2107312384]
[2107313152, 2107316480]
[2107317248, 2107320576]
[2107321344, 2107324672]
[2107325440, 2107328768]
[2107329536, 2107332864]
[2107333632, 2107334144]
[2107334400, 2107336960]
[2107337728, 2107341056]
[2107341824, 2107345152]
[2107345920, 2107349248]
[2107350016, 2107353344]
[2107354112, 2107357440]
[2107358208, 2107361536]
[2107362304, 2107365632]
[2107366400, 2107369728]
[2107370496, 2107373824]
[2107374592, 2107377920]
[2107378688, 2107382016]
[2107382784, 2107386112]
[2107386880, 2107390208]
[2107390976, 2107394304]
[2107395072, 2107398400]
[2107399168, 2107399680]
[2107399936, 2107402496]
[2107403264, 2107406592]
[2107407360, 2107410688]
[2107411456, 2107414784]
[2107415552, 2107418880]
[2107419648, 2107422976]
[2107423744, 2107427072]
[2107427840, 2107431168]
[2107431936, 2107435264]
[2107436032, 2107439360]
[2107440128, 2107443456]
[2107444224, 2107447552]
[2107448320, 2107451648]
[2107452416, 2107455744]
[2107456512, 2107459840]
[2107460608, 2107463936]
[2107464704, 2107465216]
[2107465472, 2107468032]
[2107468800, 2107472128]
[2107472896, 2107476224]
[2107476992, 2107480320]
[2107481088, 2107484416]
[2107485184, 2107488512]
[2107489280, 2107492608]
[2107493376, 2107496704]
[2107497472, 2107500800]
[2107501568, 2107504896]
[2107505664, 2107508992]
[2107509760, 2107513088]
[2107513856, 2107517184]
[2107517952, 2107521280]
[2107522048, 2107525376]
[2107526144, 2107529472]
[2107530240, 2107530752]
[2107531008, 2107533568]
[2107534336, 2107537664]
[2107538432, 2107541760]
[2107542528, 2107545856]
[2107546624, 2107549952]
[2107550720, 2107554048]
[2107554816, 2107558144]
[2107558912, 2107562240]
[2107563008, 2107566336]
[2107567104, 2107570432]
[2107571200, 2107574528]
[2107575296, 2107578624]
[2107579392, 2107582720]
[2107583488, 2107586816]
[2107587584, 2107590912]
[2107591680, 2107595008]
[2107595776, 2107599104]
[2107599872, 2107603200]
[2107603968, 2107607296]
[2107608064, 2107611392]
[2107612160, 2107615488]
[2107616256, 2107619584]
[2107620352, 2107623680]
[2107624448, 2107627776]
[2107628544, 2107631872]
[2107632640, 2107635968]
[2107636736, 2107661824]
[2107662080, 2107727360]
[2107727616, 2107792896]
[2107793152, 2107858432]
[2107858688, 2107923968]
[2107924224, 2107989504]
[2107989760, 2108055040]
[2108055296, 2108120576]
[2108120832, 2108186112]
[2108186368, 2108251648]
[2108251904, 2108317184]
[2108317440, 2108382720]
[2108382976, 2108448256]
[2108448512, 2108513792]
[2108514048, 2108579328]
[2108579584, 2108644864]
[2108645120, 2108710400]
[2108710656, 2108775936]
[2108776192, 2108841472]
[2108841728, 2108907008]
[2108907264, 2108972544]
[2108972800, 2109038080]
[2109038336, 2109103616]
[2109103872, 2109169152]
[2109169408, 2109234688]
[2109234944, 2109300224]
[2109300480, 2109365760]
[2109366016, 2109431296]
[2109431552, 2109496832]
[2109497088, 2109562368]
[2109562624, 2109627904]
[2109628160, 2109693440]
[2109693696, 2109737216]
[2109737984, 2109741312]
[2109742080, 2109745408]
[2109746176, 2109749504]
[2109750272, 2109753600]
[2109754368, 2109757696]
[2109758464, 2109761792]
[2109762560, 2109765888]
[2109766656, 2109769984]
[2109770752, 2109774080]
[2109774848, 2109778176]
[2109778944, 2109782272]
[2109783040, 2109786368]
[2109787136, 2109790464]
[2109791232, 2109794560]
[2109795328, 2109798656]
[2109799424, 2109802752]
[2109803520, 2109806848]
[2109807616, 2109810944]
[2109811712, 2109815040]
[2109815808, 2109819136]
[2109819904, 2109823232]
[2109824000, 2109827328]
[2109828096, 2109831424]
[2109832192, 2109835520]
[2109836288, 2109839616]
[2109840384, 2109843712]
[2109844480, 2109847808]
[2109848576, 2109851904]
[2109852672, 2109856000]
[2109856768, 2109860096]
[2109860864, 2109864192]
[2109864960, 2109868288]
[2109869056, 2109872384]
[2109873152, 2109876480]
[2109877248, 2109880576]
[2109881344, 2109884672]
[2109885440, 2109888768]
[2109889536, 2109892864]
[2109893632, 2109896960]
[2109897728, 2109901056]
[2109901824, 2109905152]
[2109905920, 2109909248]
[2109910016, 2109913344]
[2109914112, 2109917440]
[2109918208, 2109921536]
[2109922304, 2109925632]
[2109926400, 2109929728]
[2109930496, 2109933824]
[2109934592, 2109937920]
[2109938688, 2109942016]
[2109942784, 2109946112]
[2109946880, 2109950208]
[2109950976, 2109954304]
[2109955072, 2109958400]
[2109959168, 2109962496]
[2109963264, 2109966592]
[2109967360, 2109970688]
[2109971456, 2109974784]
[2109975552, 2109978880]
[2109979648, 2109982976]
[2109983744, 2109987072]
[2109987840, 2109991168]
[2109991936, 2109995264]
[2109996032, 2109999360]
[2110000128, 2110003456]
[2110004224, 2110007552]
[2110008320, 2110011648]
[2110012416, 2110015744]
[2110016512, 2110019840]
[2110020608, 2110023936]
[2110024704, 2110028032]
[2110028800, 2110032128]
[2110032896, 2110036224]
[2110036992, 2110040320]
[2110041088, 2110044416]
[2110045184, 2110048512]
[2110049280, 2110052608]
[2110053376, 2110056704]
[2110057472, 2110060800]
[2110061568, 2110064896]
[2110065664, 2110068992]
[2110069760, 2110073088]
[2110073856, 2110077184]
[2110077952, 2110081280]
[2110082048, 2110085376]
[2110086144, 2110089472]
[2110090240, 2110093568]
[2110094336, 2110097664]
[2110098432, 2110101760]
[2110102528, 2110105856]
[2110106624, 2110109952]
[2110110720, 2110114048]
[2110114816, 2110118144]
[2110118912, 2110122240]
[2110123008, 2110126336]
[2110127104, 2110130432]
[2110131200, 2110134528]
[2110135296, 2110138624]
[2110139392, 2110142720]
[2110143488, 2110146816]
[2110147584, 2110150912]
[2110151680, 2110155008]
[2110155776, 2110159104]
[2110159872, 2110163200]
[2110163968, 2110167296]
[2110168064, 2110171392]
[2110172160, 2110175488]
[2110176256, 2110179584]
[2110180352, 2110183680]
[2110184448, 2110187776]
[2110188544, 2110191872]
[2110192640, 2110195968]
[2110196736, 2110200064]
[2110200832, 2110204160]
[2110204928, 2110208256]
[2110209024, 2110212352]
[2110213120, 2110216448]
[2110217216, 2110220544]
[2110221312, 2110224640]
[2110225408, 2110228736]
[2110229504, 2110232832]
[2110233600, 2110236928]
[2110237696, 2110241024]
[2110241792, 2110245120]
[2110245888, 2110249216]
[2110249984, 2110253312]
[2110254080, 2110257408]
[2110258176, 2110261504]
[2110262272, 2110265600]
[2110266368, 2110269696]
[2110270464, 2110273792]
[2110274560, 2110277888]
[2110278656, 2110281984]
[2110282752, 2110286080]
[2110286848, 2110290176]
[2110290944, 2110294272]
[2110295040, 2110298368]
[2110299136, 2110302464]
[2110303232, 2110306560]
[2110307328, 2110310656]
[2110311424, 2110314752]
[2110315520, 2110318848]
[2110319616, 2110322944]
[2110323712, 2110327040]
[2110327808, 2110331136]
[2110331904, 2110335232]
[2110336000, 2110339328]
[2110340096, 2110343424]
[2110344192, 2110347520]
[2110348288, 2110351616]
[2110352384, 2110355712]
[2110356480, 2110359808]
[2110360576, 2110363904]
[2110364672, 2110368000]
[2110368768, 2110372096]
[2110372864, 2110376192]
[2110376960, 2110380288]
[2110381056, 2110384384]
[2110385152, 2110388480]
[2110389248, 2110392576]
[2110393344, 2110396672]
[2110397440, 2110400768]
[2110401536, 2110404864]
[2110405632, 2110408960]
[2110409728, 2110413056]
[2110413824, 2110417152]
[2110417920, 2110421248]
[2110422016, 2110425344]
[2110426112, 2110429440]
[2110430208, 2110433536]
[2110434304, 2110437632]
[2110438400, 2110441728]
[2110442496, 2110445824]
[2110446592, 2110449920]
[2110450688, 2110454016]
[2110454784, 2110458112]
[2110458880, 2110462208]
[2110462976, 2110466304]
[2110467072, 2110470400]
[2110471168, 2110474496]
[2110475264, 2110478592]
[2110479360, 2110482688]
[2110483456, 2110486784]
[2110487552, 2110490880]
[2110491648, 2110494976]
[2110495744, 2110499072]
[2110499840, 2110503168]
[2110503936, 2110507264]
[2110508032, 2110511360]
[2110512128, 2110515456]
[2110516224, 2110519552]
[2110520320, 2110523648]
[2110524416, 2110527744]
[2110528512, 2110531840]
[2110532608, 2110535936]
[2110536704, 2110540032]
[2110540800, 2110544128]
[2110544896, 2110548224]
[2110548992, 2110552320]
[2110553088, 2110556416]
[2110557184, 2110560512]
[2110561280, 2110564608]
[2110565376, 2110568704]
[2110569472, 2110572800]
[2110573568, 2110576896]
[2110577664, 2110580992]
[2110581760, 2110585088]
[2110585856, 2110589184]
[2110589952, 2110593280]
[2110594048, 2110597376]
[2110598144, 2110601472]
[2110602240, 2110605568]
[2110606336, 2110609664]
[2110610432, 2110613760]
[2110614528, 2110617856]
[2110618624, 2110621952]
[2110622720, 2110626048]
[2110626816, 2110630144]
[2110630912, 2110634240]
[2110635008, 2110638336]
[2110639104, 2110642432]
[2110643200, 2110646528]
[2110647296, 2110650624]
[2110651392, 2110654720]
[2110655488, 2110658816]
[2110659584, 2110662912]
[2110663680, 2110667008]
[2110667776, 2110671104]
[2110671872, 2110675200]
[2110675968, 2110679296]
[2110680064, 2110683392]
[2110684160, 2110687488]
[2110688256, 2110691584]
[2110692352, 2110695680]
[2110696448, 2110699776]
[2110700544, 2110703872]
[2110704640, 2110707968]
[2110708736, 2110712064]
[2110712832, 2110716160]
[2110716928, 2110720256]
[2110721024, 2110724352]
[2110725120, 2110728448]
[2110729216, 2110732544]
[2110733312, 2110736640]
[2110737408, 2110740736]
[2110741504, 2110744832]
[2110745600, 2110748928]
[2110749696, 2110753024]
[2110753792, 2110757120]
[2110757888, 2110761216]
[2110761984, 2110765312]
[2110766080, 2110769408]
[2110770176, 2110773504]
[2110774272, 2110777600]
[2110778368, 2110781696]
[2110782464, 2110785792]
[2110786560, 2110789888]
[2110790656, 2110793984]
[2110794752, 2110798080]
[2110798848, 2110802176]
[2110802944, 2110806272]
[2110807040, 2110810368]
[2110811136, 2110814464]
[2110815232, 2110818560]
[2110819328, 2110822656]
[2110823424, 2110826752]
[2110827520, 2110830848]
[2110831616, 2110834944]
[2110835712, 2110839040]
[2110839808, 2110843136]
[2110843904, 2110847232]
[2110848000, 2110851328]
[2110852096, 2110855424]
[2110856192, 2110859520]
[2110860288, 2110863616]
[2110864384, 2110867712]
[2110868480, 2110871808]
[2110872576, 2110875904]
[2110876672, 2110880000]
[2110880768, 2110884096]
[2110884864, 2110888192]
[2110888960, 2110892288]
[2110893056, 2110896384]
[2110897152, 2110900480]
[2110901248, 2110904576]
[2110905344, 2110908672]
[2110909440, 2110912768]
[2110913536, 2110916864]
[2110917632, 2110920960]
[2110921728, 2110925056]
[2110925824, 2110929152]
[2110929920, 2110933248]
[2110934016, 2110937344]
[2110938112, 2110941440]
[2110942208, 2110945536]
[2110946304, 2110949632]
[2110950400, 2110953728]
[2110954496, 2110957824]
[2110958592, 2110961920]
[2110962688, 2110966016]
[2110966784, 2110970112]
[2110970880, 2110974208]
[2110974976, 2110978304]
[2110979072, 2110982400]
[2110983168, 2110986496]
[2110987264, 2110990592]
[2110991360, 2110994688]
[2110995456, 2110998784]
[2110999552, 2111002880]
[2111003648, 2111006976]
[2111007744, 2111011072]
[2111011840, 2111015168]
[2111015936, 2111019264]
[2111020032, 2111023360]
[2111024128, 2111027456]
[2111028224, 2111031552]
[2111032320, 2111035648]
[2111036416, 2111039744]
[2111040512, 2111043840]
[2111044608, 2111047936]
[2111048704, 2111052032]
[2111052800, 2111056128]
[2111056896, 2111060224]
[2111060992, 2111064320]
[2111065088, 2111068416]
[2111069184, 2111072512]
[2111073280, 2111076608]
[2111077376, 2111080704]
[2111081472, 2111084800]
[2111085568, 2111088896]
[2111089664, 2111092992]
[2111093760, 2111097088]
[2111097856, 2111101184]
[2111101952, 2111105280]
[2111106048, 2111109376]
[2111110144, 2111113472]
[2111114240, 2111117568]
[2111118336, 2111121664]
[2111122432, 2111125760]
[2111126528, 2111129856]
[2111130624, 2111133952]
[2111134720, 2111138048]
[2111138816, 2111142144]
[2111142912, 2111146240]
[2111147008, 2111150336]
[2111151104, 2111154432]
[2111155200, 2111158528]
[2111159296, 2111162624]
[2111163392, 2111166720]
[2111167488, 2111170816]
[2111171584, 2111174912]
[2111175680, 2111179008]
[2111179776, 2111183104]
[2111183872, 2111187200]
[2111187968, 2111191296]
[2111192064, 2111195392]
[2111196160, 2111199488]
[2111200256, 2111203584]
[2111204352, 2111207680]
[2111208448, 2111211776]
[2111212544, 2111215872]
[2111216640, 2111219968]
[2111220736, 2111224064]
[2111224832, 2111228160]
[2111228928, 2111232256]
[2111233024, 2111236352]
[2111237120, 2111240448]
[2111241216, 2111244544]
[2111245312, 2111248640]
[2111249408, 2111252736]
[2111253504, 2111256832]
[2111257600, 2111260928]
[2111261696, 2111265024]
[2111265792, 2111269120]
[2111269888, 2111273216]
[2111273984, 2111277312]
[2111278080, 2111281408]
[2111282176, 2111285504]
[2111286272, 2111289600]
[2111290368, 2111293696]
[2111294464, 2111297792]
[2111298560, 2111301888]
[2111302656, 2111305984]
[2111306752, 2111310080]
[2111310848, 2111314176]
[2111314944, 2111318272]
[2111319040, 2111322368]
[2111323136, 2111326464]
[2111327232, 2111330560]
[2111331328, 2111334656]
[2111335424, 2111338752]
[2111339520, 2111342848]
[2111343616, 2111346944]
[2111347712, 2111351040]
[2111351808, 2111355136]
[2111355904, 2111359232]
[2111360000, 2111363328]
[2111364096, 2111367424]
[2111368192, 2111371520]
[2111372288, 2111375616]
[2111376384, 2111379712]
[2111380480, 2111383808]
[2111384576, 2111387904]
[2111388672, 2111392000]
[2111392768, 2111396096]
[2111396864, 2111400192]
[2111400960, 2111404288]
[2111405056, 2111408384]
[2111409152, 2111412480]
[2111413248, 2111416576]
[2111417344, 2111420672]
[2111421440, 2111424768]
[2111425536, 2111428864]
[2111429632, 2111432960]
[2111433728, 2111437056]
[2111437824, 2111441152]
[2111441920, 2111445248]
[2111446016, 2111449344]
[2111450112, 2111453440]
[2111454208, 2111457536]
[2111458304, 2111461632]
[2111462400, 2111465728]
[2111466496, 2111469824]
[2111470592, 2111473920]
[2111474688, 2111478016]
[2111478784, 2111482112]
[2111482880, 2111486208]
[2111486976, 2111490304]
[2111491072, 2111494400]
[2111495168, 2111498496]
[2111499264, 2111502592]
[2111503360, 2111506688]
[2111507456, 2111510784]
[2111511552, 2111514880]
[2111515648, 2111518976]
[2111519744, 2111523072]
[2111523840, 2111527168]
[2111527936, 2111531264]
[2111532032, 2111535360]
[2111536128, 2111539456]
[2111540224, 2111543552]
[2111544320, 2111547648]
[2111548416, 2111551744]
[2111552512, 2111555840]
[2111556608, 2111559936]
[2111560704, 2111564032]
[2111564800, 2111568128]
[2111568896, 2111572224]
[2111572992, 2111576320]
[2111577088, 2111580416]
[2111581184, 2111584512]
[2111585280, 2111588608]
[2111589376, 2111592704]
[2111593472, 2111596800]
[2111597568, 2111600896]
[2111601664, 2111604992]
[2111605760, 2111609088]
[2111609856, 2111613184]
[2111613952, 2111617280]
[2111618048, 2111621376]
[2111622144, 2111625472]
[2111626240, 2111629568]
[2111630336, 2111633664]
[2111634432, 2111637760]
[2111638528, 2111641856]
[2111642624, 2111645952]
[2111646720, 2111650048]
[2111650816, 2111654144]
[2111654912, 2111658240]
[2111659008, 2111662336]
[2111663104, 2111666432]
[2111667200, 2111670528]
[2111671296, 2111674624]
[2111675392, 2111678720]
[2111679488, 2111682816]
[2111683584, 2111686912]
[2111687680, 2111691008]
[2111691776, 2111695104]
[2111695872, 2111699200]
[2111699968, 2111703296]
[2111704064, 2111707392]
[2111708160, 2111711488]
[2111712256, 2111715584]
[2111716352, 2111719680]
[2111720448, 2111723776]
[2111724544, 2111727872]
[2111728640, 2111731968]
[2111732736, 2111736064]
[2111736832, 2111740160]
[2111740928, 2111744256]
[2111745024, 2111748352]
[2111749120, 2111752448]
[2111753216, 2111756544]
[2111757312, 2111760640]
[2111761408, 2111764736]
[2111765504, 2111768832]
[2111769600, 2111772928]
[2111773696, 2111777024]
[2111777792, 2111781120]
[2111781888, 2111785216]
[2111785984, 2111789312]
[2111790080, 2111793408]
[2111794176, 2111797504]
[2111798272, 2111801600]
[2111802368, 2111805696]
[2111806464, 2111809792]
[2111810560, 2111813888]
[2111814656, 2111817984]
[2111818752, 2111822080]
[2111822848, 2111826176]
[2111826944, 2111830272]
[2111831040, 2113929216]
