[2365587456, 2365589760]
[2365590528, 2365593856]
[2365594624, 2365597952]
[2365598720, 2365602048]
[2365602816, 2365606144]
[2365606912, 2365610240]
[2365611008, 2365611520]
[2365611776, 2365614336]
[2365615104, 2365618432]
[2365619200, 2365622528]
[2365623296, 2365626624]
[2365627392, 2365630720]
[2365631488, 2365634816]
[2365635584, 2365638912]
[2365639680, 2365643008]
[2365643776, 2365647104]
[2365647872, 2365651200]
[2365651968, 2365655296]
[2365656064, 2365659392]
[2365660160, 2365663488]
[2365664256, 2365667584]
[2365668352, 2365671680]
[2365672448, 2365675776]
[2365676544, 2365677056]
[2365677312, 2365679872]
[2365680640, 2365683968]
[2365684736, 2365688064]
[2365688832, 2365692160]
[2365692928, 2365696256]
[2365697024, 2365700352]
[2365701120, 2365704448]
[2365705216, 2365708544]
[2365709312, 2365712640]
[2365713408, 2365716736]
[2365717504, 2365720832]
[2365721600, 2365724928]
[2365725696, 2365729024]
[2365729792, 2365733120]
[2365733888, 2365737216]
[2365737984, 2365741312]
[2365742080, 2365742592]
[2365742848, 2365745408]
[2365746176, 2365749504]
[2365750272, 2365753600]
[2365754368, 2365757696]
[2365758464, 2365761792]
[2365762560, 2365765888]
[2365766656, 2365769984]
[2365770752, 2365774080]
[2365774848, 2365778176]
[2365778944, 2365782272]
[2365783040, 2365786368]
[2365787136, 2365790464]
[2365791232, 2365794560]
[2365795328, 2365798656]
[2365799424, 2365802752]
[2365803520, 2365806848]
[2365807616, 2365808128]
[2365808384, 2365810944]
[2365811712, 2365815040]
[2365815808, 2365819136]
[2365819904, 2365823232]
[2365824000, 2365827328]
[2365828096, 2365831424]
[2365832192, 2365835520]
[2365836288, 2365839616]
[2365840384, 2365843712]
[2365844480, 2365847808]
[2365848576, 2365851904]
[2365852672, 2365856000]
[2365856768, 2365860096]
[2365860864, 2365864192]
[2365864960, 2365868288]
[2365869056, 2365872384]
[2365873152, 2365873664]
[2365873920, 2365876480]
[2365877248, 2365880576]
[2365881344, 2365884672]
[2365885440, 2365888768]
[2365889536, 2365892864]
[2365893632, 2365896960]
[2365897728, 2365901056]
[2365901824, 2365905152]
[2365905920, 2365909248]
[2365910016, 2365913344]
[2365914112, 2365917440]
[2365918208, 2365921536]
[2365922304, 2365925632]
[2365926400, 2365929728]
[2365930496, 2365933824]
[2365934592, 2365937920]
[2365938688, 2365939200]
[2365939456, 2365942016]
[2365942784, 2365946112]
[2365946880, 2365950208]
[2365950976, 2365954304]
[2365955072, 2365958400]
[2365959168, 2365962496]
[2365963264, 2365966592]
[2365967360, 2365970688]
[2365971456, 2365974784]
[2365975552, 2365978880]
[2365979648, 2365982976]
[2365983744, 2365987072]
[2365987840, 2365991168]
[2365991936, 2365995264]
[2365996032, 2365999360]
[2366000128, 2366003456]
[2366004224, 2366004736]
[2366004992, 2366007552]
[2366008320, 2366011648]
[2366012416, 2366015744]
[2366016512, 2366019840]
[2366020608, 2366023936]
[2366024704, 2366028032]
[2366028800, 2366032128]
[2366032896, 2366036224]
[2366036992, 2366040320]
[2366041088, 2366044416]
[2366045184, 2366048512]
[2366049280, 2366052608]
[2366053376, 2366056704]
[2366057472, 2366060800]
[2366061568, 2366064896]
[2366065664, 2366068992]
[2366069760, 2366070272]
[2366070528, 2366073088]
[2366073856, 2366077184]
[2366077952, 2366081280]
[2366082048, 2366085376]
[2366086144, 2366089472]
[2366090240, 2366093568]
[2366094336, 2366097664]
[2366098432, 2366101760]
[2366102528, 2366105856]
[2366106624, 2366109952]
[2366110720, 2366114048]
[2366114816, 2366118144]
[2366118912, 2366122240]
[2366123008, 2366126336]
[2366127104, 2366130432]
[2366131200, 2366134528]
[2366135296, 2366135808]
[2366136064, 2366138624]
[2366139392, 2366142720]
[2366143488, 2366146816]
[2366147584, 2366150912]
[2366151680, 2366155008]
[2366155776, 2366159104]
[2366159872, 2366163200]
[2366163968, 2366167296]
[2366168064, 2366171392]
[2366172160, 2366175488]
[2366176256, 2366179584]
[2366180352, 2366183680]
[2366184448, 2366187776]
[2366188544, 2366191872]
[2366192640, 2366195968]
[2366196736, 2366200064]
[2366200832, 2366201344]
[2366201600, 2366204160]
[2366204928, 2366208256]
[2366209024, 2366212352]
[2366213120, 2366216448]
[2366217216, 2366220544]
[2366221312, 2366224640]
[2366225408, 2366228736]
[2366229504, 2366232832]
[2366233600, 2366236928]
[2366237696, 2366241024]
[2366241792, 2366245120]
[2366245888, 2366249216]
[2366249984, 2366253312]
[2366254080, 2366257408]
[2366258176, 2366261504]
[2366262272, 2366265600]
[2366266368, 2366266880]
[2366267136, 2366269696]
[2366270464, 2366273792]
[2366274560, 2366277888]
[2366278656, 2366281984]
[2366282752, 2366286080]
[2366286848, 2366290176]
[2366290944, 2366294272]
[2366295040, 2366298368]
[2366299136, 2366302464]
[2366303232, 2366306560]
[2366307328, 2366310656]
[2366311424, 2366314752]
[2366315520, 2366318848]
[2366319616, 2366322944]
[2366323712, 2366327040]
[2366327808, 2366331136]
[2366331904, 2366332416]
[2366332672, 2366335232]
[2366336000, 2366339328]
[2366340096, 2366343424]
[2366344192, 2366347520]
[2366348288, 2366351616]
[2366352384, 2366355712]
[2366356480, 2366359808]
[2366360576, 2366363904]
[2366364672, 2366368000]
[2366368768, 2366372096]
[2366372864, 2366376192]
[2366376960, 2366380288]
[2366381056, 2366384384]
[2366385152, 2366388480]
[2366389248, 2366392576]
[2366393344, 2366396672]
[2366397440, 2366397952]
[2366398208, 2366400768]
[2366401536, 2366404864]
[2366405632, 2366408960]
[2366409728, 2366413056]
[2366413824, 2366417152]
[2366417920, 2366421248]
[2366422016, 2366425344]
[2366426112, 2366429440]
[2366430208, 2366433536]
[2366434304, 2366437632]
[2366438400, 2366441728]
[2366442496, 2366445824]
[2366446592, 2366449920]
[2366450688, 2366454016]
[2366454784, 2366458112]
[2366458880, 2366462208]
[2366462976, 2366463488]
[2366463744, 2366466304]
[2366467072, 2366470400]
[2366471168, 2366474496]
[2366475264, 2366478592]
[2366479360, 2366482688]
[2366483456, 2366486784]
[2366487552, 2366490880]
[2366491648, 2366494976]
[2366495744, 2366499072]
[2366499840, 2366503168]
[2366503936, 2366507264]
[2366508032, 2366511360]
[2366512128, 2366515456]
[2366516224, 2366519552]
[2366520320, 2366523648]
[2366524416, 2366527744]
[2366528512, 2366529024]
[2366529280, 2366531840]
[2366532608, 2366535936]
[2366536704, 2366540032]
[2366540800, 2366544128]
[2366544896, 2366548224]
[2366548992, 2366552320]
[2366553088, 2366556416]
[2366557184, 2366560512]
[2366561280, 2366564608]
[2366565376, 2366568704]
[2366569472, 2366572800]
[2366573568, 2366576896]
[2366577664, 2366580992]
[2366581760, 2366585088]
[2366585856, 2366589184]
[2366589952, 2366593280]
[2366594048, 2366594560]
[2366594816, 2366597376]
[2366598144, 2366601472]
[2366602240, 2366605568]
[2366606336, 2366609664]
[2366610432, 2366613760]
[2366614528, 2366617856]
[2366618624, 2366621952]
[2366622720, 2366626048]
[2366626816, 2366630144]
[2366630912, 2366634240]
[2366635008, 2366638336]
[2366639104, 2366642432]
[2366643200, 2366646528]
[2366647296, 2366650624]
[2366651392, 2366654720]
[2366655488, 2366658816]
[2366659584, 2366660096]
[2366660352, 2366662912]
[2366663680, 2366667008]
[2366667776, 2366671104]
[2366671872, 2366675200]
[2366675968, 2366679296]
[2366680064, 2366683392]
[2366684160, 2366687488]
[2366688256, 2366691584]
[2366692352, 2366695680]
[2366696448, 2366699776]
[2366700544, 2366703872]
[2366704640, 2366707968]
[2366708736, 2366712064]
[2366712832, 2366716160]
[2366716928, 2366720256]
[2366721024, 2366724352]
[2366725120, 2366725632]
[2366725888, 2366728448]
[2366729216, 2366732544]
[2366733312, 2366736640]
[2366737408, 2366740736]
[2366741504, 2366744832]
[2366745600, 2366748928]
[2366749696, 2366753024]
[2366753792, 2366757120]
[2366757888, 2366761216]
[2366761984, 2366765312]
[2366766080, 2366769408]
[2366770176, 2366773504]
[2366774272, 2366777600]
[2366778368, 2366781696]
[2366782464, 2366785792]
[2366786560, 2366789888]
[2366790656, 2366791168]
[2366791424, 2366793984]
[2366794752, 2366798080]
[2366798848, 2366802176]
[2366802944, 2366806272]
[2366807040, 2366810368]
[2366811136, 2366814464]
[2366815232, 2366818560]
[2366819328, 2366822656]
[2366823424, 2366826752]
[2366827520, 2366830848]
[2366831616, 2366834944]
[2366835712, 2366839040]
[2366839808, 2366843136]
[2366843904, 2366847232]
[2366848000, 2366851328]
[2366852096, 2366855424]
[2366856192, 2366856704]
[2366856960, 2366859520]
[2366860288, 2366863616]
[2366864384, 2366867712]
[2366868480, 2366871808]
[2366872576, 2366875904]
[2366876672, 2366880000]
[2366880768, 2366884096]
[2366884864, 2366888192]
[2366888960, 2366892288]
[2366893056, 2366896384]
[2366897152, 2366900480]
[2366901248, 2366904576]
[2366905344, 2366908672]
[2366909440, 2366912768]
[2366913536, 2366916864]
[2366917632, 2366920960]
[2366921728, 2366922240]
[2366922496, 2366925056]
[2366925824, 2366929152]
[2366929920, 2366933248]
[2366934016, 2366937344]
[2366938112, 2366941440]
[2366942208, 2366945536]
[2366946304, 2366949632]
[2366950400, 2366953728]
[2366954496, 2366957824]
[2366958592, 2366961920]
[2366962688, 2366966016]
[2366966784, 2366970112]
[2366970880, 2366974208]
[2366974976, 2366978304]
[2366979072, 2366982400]
[2366983168, 2366986496]
[2366987264, 2366987776]
[2366988032, 2366990592]
[2366991360, 2366994688]
[2366995456, 2366998784]
[2366999552, 2367002880]
[2367003648, 2367006976]
[2367007744, 2367011072]
[2367011840, 2367015168]
[2367015936, 2367019264]
[2367020032, 2367023360]
[2367024128, 2367027456]
[2367028224, 2367031552]
[2367032320, 2367035648]
[2367036416, 2367039744]
[2367040512, 2367043840]
[2367044608, 2367047936]
[2367048704, 2367052032]
[2367052800, 2367053312]
[2367053568, 2367056128]
[2367056896, 2367060224]
[2367060992, 2367064320]
[2367065088, 2367068416]
[2367069184, 2367072512]
[2367073280, 2367076608]
[2367077376, 2367080704]
[2367081472, 2367084800]
[2367085568, 2367088896]
[2367089664, 2367092992]
[2367093760, 2367097088]
[2367097856, 2367101184]
[2367101952, 2367105280]
[2367106048, 2367109376]
[2367110144, 2367113472]
[2367114240, 2367117568]
[2367118336, 2367118848]
[2367119104, 2367121664]
[2367122432, 2367125760]
[2367126528, 2367129856]
[2367130624, 2367133952]
[2367134720, 2367138048]
[2367138816, 2367142144]
[2367142912, 2367146240]
[2367147008, 2367150336]
[2367151104, 2367154432]
[2367155200, 2367158528]
[2367159296, 2367162624]
[2367163392, 2367166720]
[2367167488, 2367170816]
[2367171584, 2367174912]
[2367175680, 2367179008]
[2367179776, 2367183104]
[2367183872, 2367184384]
[2367184640, 2367187200]
[2367187968, 2367191296]
[2367192064, 2367195392]
[2367196160, 2367199488]
[2367200256, 2367203584]
[2367204352, 2367207680]
[2367208448, 2367211776]
[2367212544, 2367215872]
[2367216640, 2367219968]
[2367220736, 2367224064]
[2367224832, 2367228160]
[2367228928, 2367232256]
[2367233024, 2367236352]
[2367237120, 2367240448]
[2367241216, 2367244544]
[2367245312, 2367248640]
[2367249408, 2367249920]
[2367250176, 2367252736]
[2367253504, 2367256832]
[2367257600, 2367260928]
[2367261696, 2367265024]
[2367265792, 2367269120]
[2367269888, 2367273216]
[2367273984, 2367277312]
[2367278080, 2367281408]
[2367282176, 2367285504]
[2367286272, 2367289600]
[2367290368, 2367293696]
[2367294464, 2367297792]
[2367298560, 2367301888]
[2367302656, 2367305984]
[2367306752, 2367310080]
[2367310848, 2367314176]
[2367314944, 2367315456]
[2367315712, 2367318272]
[2367319040, 2367322368]
[2367323136, 2367326464]
[2367327232, 2367330560]
[2367331328, 2367334656]
[2367335424, 2367338752]
[2367339520, 2367342848]
[2367343616, 2367346944]
[2367347712, 2367351040]
[2367351808, 2367355136]
[2367355904, 2367359232]
[2367360000, 2367363328]
[2367364096, 2367367424]
[2367368192, 2367371520]
[2367372288, 2367375616]
[2367376384, 2367379712]
[2367380480, 2367380992]
[2367381248, 2367383808]
[2367384576, 2367387904]
[2367388672, 2367392000]
[2367392768, 2367396096]
[2367396864, 2367400192]
[2367400960, 2367404288]
[2367405056, 2367408384]
[2367409152, 2367412480]
[2367413248, 2367416576]
[2367417344, 2367420672]
[2367421440, 2367424768]
[2367425536, 2367428864]
[2367429632, 2367432960]
[2367433728, 2367437056]
[2367437824, 2367441152]
[2367441920, 2367445248]
[2367446016, 2367446528]
[2367446784, 2367449344]
[2367450112, 2367453440]
[2367454208, 2367457536]
[2367458304, 2367461632]
[2367462400, 2367465728]
[2367466496, 2367469824]
[2367470592, 2367473920]
[2367474688, 2367478016]
[2367478784, 2367482112]
[2367482880, 2367486208]
[2367486976, 2367490304]
[2367491072, 2367494400]
[2367495168, 2367498496]
[2367499264, 2367502592]
[2367503360, 2367506688]
[2367507456, 2367510784]
[2367511552, 2367512064]
[2367512320, 2367514880]
[2367515648, 2367518976]
[2367519744, 2367523072]
[2367523840, 2367527168]
[2367527936, 2367531264]
[2367532032, 2367535360]
[2367536128, 2367539456]
[2367540224, 2367543552]
[2367544320, 2367547648]
[2367548416, 2367551744]
[2367552512, 2367555840]
[2367556608, 2367559936]
[2367560704, 2367564032]
[2367564800, 2367568128]
[2367568896, 2367572224]
[2367572992, 2367576320]
[2367577088, 2367577600]
[2367577856, 2367580416]
[2367581184, 2367584512]
[2367585280, 2367588608]
[2367589376, 2367592704]
[2367593472, 2367596800]
[2367597568, 2367600896]
[2367601664, 2367604992]
[2367605760, 2367609088]
[2367609856, 2367613184]
[2367613952, 2367617280]
[2367618048, 2367621376]
[2367622144, 2367625472]
[2367626240, 2367629568]
[2367630336, 2367633664]
[2367634432, 2367637760]
[2367638528, 2367641856]
[2367642624, 2367645952]
[2367646720, 2367650048]
[2367650816, 2367654144]
[2367654912, 2367658240]
[2367659008, 2367662336]
[2367663104, 2367666432]
[2367667200, 2367670528]
[2367671296, 2367674624]
[2367675392, 2367678720]
[2367679488, 2367682816]
[2367683584, 2367687424]
[2367687680, 2367691520]
[2367691776, 2367695616]
[2367695872, 2367699712]
[2367699968, 2367703808]
[2367704064, 2367707904]
[2367708160, 2367708672]
[2367708928, 2367712000]
[2367712256, 2367716096]
[2367716352, 2367720192]
[2367720448, 2367724288]
[2367724544, 2367728384]
[2367728640, 2367732480]
[2367732736, 2367736576]
[2367736832, 2367740672]
[2367740928, 2367744768]
[2367745024, 2367748864]
[2367749120, 2367752960]
[2367753216, 2367757056]
[2367757312, 2367761152]
[2367761408, 2367765248]
[2367765504, 2367769344]
[2367769600, 2367773440]
[2367773696, 2367774208]
[2367774464, 2367777536]
[2367777792, 2367781632]
[2367781888, 2367785728]
[2367785984, 2367789824]
[2367790080, 2367793920]
[2367794176, 2367798016]
[2367798272, 2367802112]
[2367802368, 2367806208]
[2367806464, 2367810304]
[2367810560, 2367814400]
[2367814656, 2367818496]
[2367818752, 2367822592]
[2367822848, 2367826688]
[2367826944, 2367830784]
[2367831040, 2367834880]
[2367835136, 2367838976]
[2367839232, 2367839744]
[2367840000, 2367843072]
[2367843328, 2367847168]
[2367847424, 2367851264]
[2367851520, 2367855360]
[2367855616, 2367859456]
[2367859712, 2367863552]
[2367863808, 2367867648]
[2367867904, 2367871744]
[2367872000, 2367875840]
[2367876096, 2367879936]
[2367880192, 2367884032]
[2367884288, 2367888128]
[2367888384, 2367892224]
[2367892480, 2367896320]
[2367896576, 2367900416]
[2367900672, 2367904512]
[2367904768, 2367905280]
[2367905536, 2367908608]
[2367908864, 2367912704]
[2367912960, 2367916800]
[2367917056, 2367920896]
[2367921152, 2367924992]
[2367925248, 2367929088]
[2367929344, 2367933184]
[2367933440, 2367937280]
[2367937536, 2367941376]
[2367941632, 2367945472]
[2367945728, 2367949568]
[2367949824, 2367953664]
[2367953920, 2367957760]
[2367958016, 2367961856]
[2367962112, 2367965952]
[2367966208, 2367970048]
[2367970304, 2367970816]
[2367971072, 2367974144]
[2367974400, 2367978240]
[2367978496, 2367982336]
[2367982592, 2367986432]
[2367986688, 2367990528]
[2367990784, 2367994624]
[2367994880, 2367998720]
[2367998976, 2368002816]
[2368003072, 2368006912]
[2368007168, 2368011008]
[2368011264, 2368015104]
[2368015360, 2368019200]
[2368019456, 2368023296]
[2368023552, 2368027392]
[2368027648, 2368031488]
[2368031744, 2368035584]
[2368035840, 2368036352]
[2368036608, 2368039680]
[2368039936, 2368043776]
[2368044032, 2368047872]
[2368048128, 2368051968]
[2368052224, 2368056064]
[2368056320, 2368060160]
[2368060416, 2368064256]
[2368064512, 2368068352]
[2368068608, 2368072448]
[2368072704, 2368076544]
[2368076800, 2368080640]
[2368080896, 2368084736]
[2368084992, 2368088832]
[2368089088, 2368092928]
[2368093184, 2368097024]
[2368097280, 2368101120]
[2368101376, 2368101888]
[2368102144, 2368105216]
[2368105472, 2368109312]
[2368109568, 2368113408]
[2368113664, 2368117504]
[2368117760, 2368121600]
[2368121856, 2368125696]
[2368125952, 2368129792]
[2368130048, 2368133888]
[2368134144, 2368137984]
[2368138240, 2368142080]
[2368142336, 2368146176]
[2368146432, 2368150272]
[2368150528, 2368154368]
[2368154624, 2368158464]
[2368158720, 2368162560]
[2368162816, 2368166656]
[2368166912, 2368167424]
[2368167680, 2368170752]
[2368171008, 2368174848]
[2368175104, 2368178944]
[2368179200, 2368183040]
[2368183296, 2368187136]
[2368187392, 2368191232]
[2368191488, 2368195328]
[2368195584, 2368199424]
[2368199680, 2368203520]
[2368203776, 2368207616]
[2368207872, 2368211712]
[2368211968, 2368215808]
[2368216064, 2368219904]
[2368220160, 2368224000]
[2368224256, 2368228096]
[2368228352, 2368232192]
[2368232448, 2368232960]
[2368233216, 2368236288]
[2368236544, 2368240384]
[2368240640, 2368244480]
[2368244736, 2368248576]
[2368248832, 2368252672]
[2368252928, 2368256768]
[2368257024, 2368260864]
[2368261120, 2368264960]
[2368265216, 2368269056]
[2368269312, 2368273152]
[2368273408, 2368277248]
[2368277504, 2368281344]
[2368281600, 2368285440]
[2368285696, 2368289536]
[2368289792, 2368293632]
[2368293888, 2368297728]
[2368297984, 2368298496]
[2368298752, 2368301824]
[2368302080, 2368305920]
[2368306176, 2368310016]
[2368310272, 2368314112]
[2368314368, 2368318208]
[2368318464, 2368322304]
[2368322560, 2368326400]
[2368326656, 2368330496]
[2368330752, 2368334592]
[2368334848, 2368338688]
[2368338944, 2368342784]
[2368343040, 2368346880]
[2368347136, 2368350976]
[2368351232, 2368355072]
[2368355328, 2368359168]
[2368359424, 2368363264]
[2368363520, 2368364032]
[2368364288, 2368367360]
[2368367616, 2368371456]
[2368371712, 2368375552]
[2368375808, 2368379648]
[2368379904, 2368383744]
[2368384000, 2368387840]
[2368388096, 2368391936]
[2368392192, 2368396032]
[2368396288, 2368400128]
[2368400384, 2368404224]
[2368404480, 2368408320]
[2368408576, 2368412416]
[2368412672, 2368416512]
[2368416768, 2368420608]
[2368420864, 2368424704]
[2368424960, 2368428800]
[2368429056, 2368429568]
[2368429824, 2368432896]
[2368433152, 2368436992]
[2368437248, 2368441088]
[2368441344, 2368445184]
[2368445440, 2368449280]
[2368449536, 2368453376]
[2368453632, 2368457472]
[2368457728, 2368461568]
[2368461824, 2368465664]
[2368465920, 2368469760]
[2368470016, 2368473856]
[2368474112, 2368477952]
[2368478208, 2368482048]
[2368482304, 2368486144]
[2368486400, 2368490240]
[2368490496, 2368494336]
[2368494592, 2368495104]
[2368495360, 2368498432]
[2368498688, 2368502528]
[2368502784, 2368506624]
[2368506880, 2368510720]
[2368510976, 2368514816]
[2368515072, 2368518912]
[2368519168, 2368523008]
[2368523264, 2368527104]
[2368527360, 2368531200]
[2368531456, 2368535296]
[2368535552, 2368539392]
[2368539648, 2368543488]
[2368543744, 2368547584]
[2368547840, 2368551680]
[2368551936, 2368555776]
[2368556032, 2368559872]
[2368560128, 2368560640]
[2368560896, 2368563968]
[2368564224, 2368568064]
[2368568320, 2368572160]
[2368572416, 2368576256]
[2368576512, 2368580352]
[2368580608, 2368584448]
[2368584704, 2368588544]
[2368588800, 2368592640]
[2368592896, 2368596736]
[2368596992, 2368600832]
[2368601088, 2368604928]
[2368605184, 2368609024]
[2368609280, 2368613120]
[2368613376, 2368617216]
[2368617472, 2368621312]
[2368621568, 2368625408]
[2368625664, 2368626176]
[2368626432, 2368629504]
[2368629760, 2368633600]
[2368633856, 2368637696]
[2368637952, 2368641792]
[2368642048, 2368645888]
[2368646144, 2368649984]
[2368650240, 2368654080]
[2368654336, 2368658176]
[2368658432, 2368662272]
[2368662528, 2368666368]
[2368666624, 2368670464]
[2368670720, 2368674560]
[2368674816, 2368678656]
[2368678912, 2368682752]
[2368683008, 2368686848]
[2368687104, 2368690944]
[2368691200, 2368691712]
[2368691968, 2368695040]
[2368695296, 2368699136]
[2368699392, 2368703232]
[2368703488, 2368707328]
[2368707584, 2368711424]
[2368711680, 2368715520]
[2368715776, 2368719616]
[2368719872, 2368723712]
[2368723968, 2368727808]
[2368728064, 2368731904]
[2368732160, 2368736000]
[2368736256, 2368740096]
[2368740352, 2368744192]
[2368744448, 2368748288]
[2368748544, 2368752384]
[2368752640, 2368756480]
[2368756736, 2368757248]
[2368757504, 2368760576]
[2368760832, 2368764672]
[2368764928, 2368768768]
[2368769024, 2368772864]
[2368773120, 2368776960]
[2368777216, 2368781056]
[2368781312, 2368785152]
[2368785408, 2368789248]
[2368789504, 2368793344]
[2368793600, 2368797440]
[2368797696, 2368801536]
[2368801792, 2368805632]
[2368805888, 2368809728]
[2368809984, 2368813824]
[2368814080, 2368817920]
[2368818176, 2368822016]
[2368822272, 2368822784]
[2368823040, 2368826112]
[2368826368, 2368830208]
[2368830464, 2368834304]
[2368834560, 2368838400]
[2368838656, 2368842496]
[2368842752, 2368846592]
[2368846848, 2368850688]
[2368850944, 2368854784]
[2368855040, 2368858880]
[2368859136, 2368862976]
[2368863232, 2368867072]
[2368867328, 2368871168]
[2368871424, 2368875264]
[2368875520, 2368879360]
[2368879616, 2368883456]
[2368883712, 2368887552]
[2368887808, 2368888320]
[2368888576, 2368891648]
[2368891904, 2368895744]
[2368896000, 2368899840]
[2368900096, 2368903936]
[2368904192, 2368908032]
[2368908288, 2368912128]
[2368912384, 2368916224]
[2368916480, 2368920320]
[2368920576, 2368924416]
[2368924672, 2368928512]
[2368928768, 2368932608]
[2368932864, 2368936704]
[2368936960, 2368940800]
[2368941056, 2368944896]
[2368945152, 2368948992]
[2368949248, 2368953088]
[2368953344, 2368953856]
[2368954112, 2368957184]
[2368957440, 2368961280]
[2368961536, 2368965376]
[2368965632, 2368969472]
[2368969728, 2368973568]
[2368973824, 2368977664]
[2368977920, 2368981760]
[2368982016, 2368985856]
[2368986112, 2368989952]
[2368990208, 2368994048]
[2368994304, 2368998144]
[2368998400, 2369002240]
[2369002496, 2369006336]
[2369006592, 2369010432]
[2369010688, 2369014528]
[2369014784, 2369018624]
[2369018880, 2369019392]
[2369019648, 2369022720]
[2369022976, 2369026816]
[2369027072, 2369030912]
[2369031168, 2369035008]
[2369035264, 2369039104]
[2369039360, 2369043200]
[2369043456, 2369047296]
[2369047552, 2369051392]
[2369051648, 2369055488]
[2369055744, 2369059584]
[2369059840, 2369063680]
[2369063936, 2369067776]
[2369068032, 2369071872]
[2369072128, 2369075968]
[2369076224, 2369080064]
[2369080320, 2369084160]
[2369084416, 2369084928]
[2369085184, 2369088256]
[2369088512, 2369092352]
[2369092608, 2369096448]
[2369096704, 2369100544]
[2369100800, 2369104640]
[2369104896, 2369108736]
[2369108992, 2369112832]
[2369113088, 2369116928]
[2369117184, 2369121024]
[2369121280, 2369125120]
[2369125376, 2369129216]
[2369129472, 2369133312]
[2369133568, 2369137408]
[2369137664, 2369141504]
[2369141760, 2369145600]
[2369145856, 2369149696]
[2369149952, 2369150464]
[2369150720, 2369153792]
[2369154048, 2369157888]
[2369158144, 2369161984]
[2369162240, 2369166080]
[2369166336, 2369170176]
[2369170432, 2369174272]
[2369174528, 2369178368]
[2369178624, 2369182464]
[2369182720, 2369186560]
[2369186816, 2369190656]
[2369190912, 2369194752]
[2369195008, 2369198848]
[2369199104, 2369202944]
[2369203200, 2369207040]
[2369207296, 2369211136]
[2369211392, 2369215232]
[2369215488, 2369216000]
[2369216256, 2369219328]
[2369219584, 2369223424]
[2369223680, 2369227520]
[2369227776, 2369231616]
[2369231872, 2369235712]
[2369235968, 2369239808]
[2369240064, 2369243904]
[2369244160, 2369248000]
[2369248256, 2369252096]
[2369252352, 2369256192]
[2369256448, 2369260288]
[2369260544, 2369264384]
[2369264640, 2369268480]
[2369268736, 2369272576]
[2369272832, 2369276672]
[2369276928, 2369280768]
[2369281024, 2369281536]
[2369281792, 2369284864]
[2369285120, 2369288960]
[2369289216, 2369293056]
[2369293312, 2369297152]
[2369297408, 2369301248]
[2369301504, 2369305344]
[2369305600, 2369309440]
[2369309696, 2369313536]
[2369313792, 2369317632]
[2369317888, 2369321728]
[2369321984, 2369325824]
[2369326080, 2369329920]
[2369330176, 2369334016]
[2369334272, 2369338112]
[2369338368, 2369342208]
[2369342464, 2369346304]
[2369346560, 2369347072]
[2369347328, 2369350400]
[2369350656, 2369354496]
[2369354752, 2369358592]
[2369358848, 2369362688]
[2369362944, 2369366784]
[2369367040, 2369370880]
[2369371136, 2369374976]
[2369375232, 2369379072]
[2369379328, 2369383168]
[2369383424, 2369387264]
[2369387520, 2369391360]
[2369391616, 2369395456]
[2369395712, 2369399552]
[2369399808, 2369403648]
[2369403904, 2369407744]
[2369408000, 2369411840]
[2369412096, 2369412608]
[2369412864, 2369415936]
[2369416192, 2369420032]
[2369420288, 2369424128]
[2369424384, 2369428224]
[2369428480, 2369432320]
[2369432576, 2369436416]
[2369436672, 2369440512]
[2369440768, 2369444608]
[2369444864, 2369448704]
[2369448960, 2369452800]
[2369453056, 2369456896]
[2369457152, 2369460992]
[2369461248, 2369465088]
[2369465344, 2369469184]
[2369469440, 2369473280]
[2369473536, 2369477376]
[2369477632, 2369478144]
[2369478400, 2369481472]
[2369481728, 2369485568]
[2369485824, 2369489664]
[2369489920, 2369493760]
[2369494016, 2369497856]
[2369498112, 2369501952]
[2369502208, 2369506048]
[2369506304, 2369510144]
[2369510400, 2369514240]
[2369514496, 2369518336]
[2369518592, 2369522432]
[2369522688, 2369526528]
[2369526784, 2369530624]
[2369530880, 2369534720]
[2369534976, 2369538816]
[2369539072, 2369542912]
[2369543168, 2369543680]
[2369543936, 2369547008]
[2369547264, 2369551104]
[2369551360, 2369555200]
[2369555456, 2369559296]
[2369559552, 2369563392]
[2369563648, 2369567488]
[2369567744, 2369571584]
[2369571840, 2369575680]
[2369575936, 2369579776]
[2369580032, 2369583872]
[2369584128, 2369587968]
[2369588224, 2369592064]
[2369592320, 2369596160]
[2369596416, 2369600256]
[2369600512, 2369604352]
[2369604608, 2369608448]
[2369608704, 2369609216]
[2369609472, 2369612544]
[2369612800, 2369616640]
[2369616896, 2369620736]
[2369620992, 2369624832]
[2369625088, 2369628928]
[2369629184, 2369633024]
[2369633280, 2369637120]
[2369637376, 2369641216]
[2369641472, 2369645312]
[2369645568, 2369649408]
[2369649664, 2369653504]
[2369653760, 2369657600]
[2369657856, 2369661696]
[2369661952, 2369665792]
[2369666048, 2369669888]
[2369670144, 2369673984]
[2369674240, 2369674752]
[2369675008, 2369678080]
[2369678336, 2369682176]
[2369682432, 2369686272]
[2369686528, 2369690368]
[2369690624, 2369694464]
[2369694720, 2369698560]
[2369698816, 2369702656]
[2369702912, 2369706752]
[2369707008, 2369710848]
[2369711104, 2369714944]
[2369715200, 2369719040]
[2369719296, 2369723136]
[2369723392, 2369727232]
[2369727488, 2369731328]
[2369731584, 2369735424]
[2369735680, 2369739520]
[2369739776, 2369740288]
[2369740544, 2369743616]
[2369743872, 2369747712]
[2369747968, 2369751808]
[2369752064, 2369755904]
[2369756160, 2369760000]
[2369760256, 2369764096]
[2369764352, 2369768192]
[2369768448, 2369772288]
[2369772544, 2369776384]
[2369776640, 2369780480]
[2369780736, 2369784064]
[2369784832, 2369788160]
[2369788928, 2369792256]
[2369793024, 2369796352]
[2369797120, 2369800448]
[2369801216, 2369804544]
[2369805312, 2369808640]
[2369809408, 2369812736]
[2369813504, 2369816832]
[2369817600, 2369820928]
[2369821696, 2369825024]
[2369825792, 2369829120]
[2369829888, 2369833216]
[2369833984, 2369837312]
[2369838080, 2369841408]
[2369842176, 2369845504]
[2369846272, 2369849600]
[2369850368, 2369853696]
[2369854464, 2369857792]
[2369858560, 2369861888]
[2369862656, 2369865984]
[2369866752, 2369870080]
[2369870848, 2369874176]
[2369874944, 2369878272]
[2369879040, 2369882368]
[2369883136, 2369886464]
[2369887232, 2369890560]
[2369891328, 2369894656]
[2369895424, 2369898752]
[2369899520, 2369902848]
[2369903616, 2369906944]
[2369907712, 2369911040]
[2369911808, 2369915136]
[2369915904, 2369919232]
[2369920000, 2369923328]
[2369924096, 2369927424]
[2369928192, 2369931520]
[2369932288, 2369935616]
[2369936384, 2369939712]
[2369940480, 2369943808]
[2369944576, 2369947904]
[2369948672, 2369952000]
[2369952768, 2369956096]
[2369956864, 2369960192]
[2369960960, 2369964288]
[2369965056, 2369968384]
[2369969152, 2369972480]
[2369973248, 2369976576]
[2369977344, 2369980672]
[2369981440, 2369984768]
[2369985536, 2369988864]
[2369989632, 2369992960]
[2369993728, 2369997056]
[2369997824, 2370001152]
[2370001920, 2370005248]
[2370006016, 2370009344]
[2370010112, 2370013440]
[2370014208, 2370017536]
[2370018304, 2370021632]
[2370022400, 2370025728]
[2370026496, 2370029824]
[2370030592, 2370033920]
[2370034688, 2370038016]
[2370038784, 2370042112]
[2370042880, 2370046208]
[2370046976, 2370050304]
[2370051072, 2370054400]
[2370055168, 2370058496]
[2370059264, 2370062592]
[2370063360, 2370066688]
[2370067456, 2370070784]
[2370071552, 2370074880]
[2370075648, 2370078976]
[2370079744, 2370083072]
[2370083840, 2370087168]
[2370087936, 2370091264]
[2370092032, 2370095360]
[2370096128, 2370099456]
[2370100224, 2370103552]
[2370104320, 2370107648]
[2370108416, 2370111744]
[2370112512, 2370115840]
[2370116608, 2370119936]
[2370120704, 2370124032]
[2370124800, 2370128128]
[2370128896, 2370132224]
[2370132992, 2370136320]
[2370137088, 2370140416]
[2370141184, 2370144512]
[2370145280, 2370148608]
[2370149376, 2370152704]
[2370153472, 2370156800]
[2370157568, 2370160896]
[2370161664, 2370164992]
[2370165760, 2370169088]
[2370169856, 2370173184]
[2370173952, 2370177280]
[2370178048, 2370181376]
[2370182144, 2370185472]
[2370186240, 2370189568]
[2370190336, 2370193664]
[2370194432, 2370197760]
[2370198528, 2370201856]
[2370202624, 2370205952]
[2370206720, 2370210048]
[2370210816, 2370214144]
[2370214912, 2370218240]
[2370219008, 2370222336]
[2370223104, 2370226432]
[2370227200, 2370230528]
[2370231296, 2370234624]
[2370235392, 2370238720]
[2370239488, 2370242816]
[2370243584, 2370246912]
[2370247680, 2370251008]
[2370251776, 2370255104]
[2370255872, 2370259200]
[2370259968, 2370263296]
[2370264064, 2370267392]
[2370268160, 2370271488]
[2370272256, 2370275584]
[2370276352, 2370279680]
[2370280448, 2370283776]
[2370284544, 2370287872]
[2370288640, 2370291968]
[2370292736, 2370296064]
[2370296832, 2370300160]
[2370300928, 2370304256]
[2370305024, 2370308352]
[2370309120, 2370312448]
[2370313216, 2370316544]
[2370317312, 2370320640]
[2370321408, 2370324736]
[2370325504, 2370328832]
[2370329600, 2370332928]
[2370333696, 2370337024]
[2370337792, 2370341120]
[2370341888, 2370345216]
[2370345984, 2370349312]
[2370350080, 2370353408]
[2370354176, 2370357504]
[2370358272, 2370361600]
[2370362368, 2370365696]
[2370366464, 2370369792]
[2370370560, 2370373888]
[2370374656, 2370377984]
[2370378752, 2370382080]
[2370382848, 2370386176]
[2370386944, 2370390272]
[2370391040, 2370394368]
[2370395136, 2370398464]
[2370399232, 2370402560]
[2370403328, 2370406656]
[2370407424, 2370410752]
[2370411520, 2370414848]
[2370415616, 2370418944]
[2370419712, 2370423040]
[2370423808, 2370427136]
[2370427904, 2370431232]
[2370432000, 2370435328]
[2370436096, 2370439424]
[2370440192, 2370443520]
[2370444288, 2370447616]
[2370448384, 2370451712]
[2370452480, 2370455808]
[2370456576, 2370459904]
[2370460672, 2370464000]
[2370464768, 2370468096]
[2370468864, 2370472192]
[2370472960, 2370476288]
[2370477056, 2370480384]
[2370481152, 2370484480]
[2370485248, 2370488576]
[2370489344, 2370492672]
[2370493440, 2370496768]
[2370497536, 2370500864]
[2370501632, 2370504960]
[2370505728, 2370509056]
[2370509824, 2370513152]
[2370513920, 2370517248]
[2370518016, 2370521344]
[2370522112, 2370525440]
[2370526208, 2370529536]
[2370530304, 2370533632]
[2370534400, 2370537728]
[2370538496, 2370541824]
[2370542592, 2370545920]
[2370546688, 2370550016]
[2370550784, 2370554112]
[2370554880, 2370558208]
[2370558976, 2370562304]
[2370563072, 2370566400]
[2370567168, 2370570496]
[2370571264, 2370574592]
[2370575360, 2370578688]
[2370579456, 2370582784]
[2370583552, 2370586880]
[2370587648, 2370590976]
[2370591744, 2370595072]
[2370595840, 2370599168]
[2370599936, 2370603264]
[2370604032, 2370607360]
[2370608128, 2370611456]
[2370612224, 2370615552]
[2370616320, 2370619648]
[2370620416, 2370623744]
[2370624512, 2370627840]
[2370628608, 2370631936]
[2370632704, 2370636032]
[2370636800, 2370640128]
[2370640896, 2370644224]
[2370644992, 2370648320]
[2370649088, 2370652416]
[2370653184, 2370656512]
[2370657280, 2370660608]
[2370661376, 2370664704]
[2370665472, 2370668800]
[2370669568, 2370672896]
[2370673664, 2370676992]
[2370677760, 2370681088]
[2370681856, 2370685184]
[2370685952, 2370689280]
[2370690048, 2370693376]
[2370694144, 2370697472]
[2370698240, 2370701568]
[2370702336, 2370705664]
[2370706432, 2370709760]
[2370710528, 2370713856]
[2370714624, 2370717952]
[2370718720, 2370722048]
[2370722816, 2370726144]
[2370726912, 2370730240]
[2370731008, 2370734336]
[2370735104, 2370738432]
[2370739200, 2370742528]
[2370743296, 2370746624]
[2370747392, 2370750720]
[2370751488, 2370754816]
[2370755584, 2370758912]
[2370759680, 2370763008]
[2370763776, 2370767104]
[2370767872, 2370771200]
[2370771968, 2370775296]
[2370776064, 2370779392]
[2370780160, 2370783488]
[2370784256, 2370787584]
[2370788352, 2370791680]
[2370792448, 2370795776]
[2370796544, 2370799872]
[2370800640, 2370803968]
[2370804736, 2370808064]
[2370808832, 2370812160]
[2370812928, 2370816256]
[2370817024, 2370820352]
[2370821120, 2370824448]
[2370825216, 2370828544]
[2370829312, 2370832640]
[2370833408, 2370836736]
[2370837504, 2370840832]
[2370841600, 2370844928]
[2370845696, 2370849024]
[2370849792, 2370853120]
[2370853888, 2370857216]
[2370857984, 2370861312]
[2370862080, 2370865408]
[2370866176, 2370869504]
[2370870272, 2370873600]
[2370874368, 2370877696]
[2370878464, 2370881792]
[2370882560, 2370885888]
[2370886656, 2370889984]
[2370890752, 2370894080]
[2370894848, 2370898176]
[2370898944, 2370902272]
[2370903040, 2370906368]
[2370907136, 2370910464]
[2370911232, 2370914560]
[2370915328, 2370918656]
[2370919424, 2370922752]
[2370923520, 2370926848]
[2370927616, 2370930944]
[2370931712, 2370935040]
[2370935808, 2370939136]
[2370939904, 2370943232]
[2370944000, 2370947328]
[2370948096, 2370951424]
[2370952192, 2370955520]
[2370956288, 2370959616]
[2370960384, 2370963712]
[2370964480, 2370967808]
[2370968576, 2370971904]
[2370972672, 2370976000]
[2370976768, 2370980096]
[2370980864, 2370984192]
[2370984960, 2370988288]
[2370989056, 2370992384]
[2370993152, 2370996480]
[2370997248, 2371000576]
[2371001344, 2371004672]
[2371005440, 2371008768]
[2371009536, 2371012864]
[2371013632, 2371016960]
[2371017728, 2371021056]
[2371021824, 2371025152]
[2371025920, 2371029248]
[2371030016, 2371033344]
[2371034112, 2371037440]
[2371038208, 2371041536]
[2371042304, 2371045632]
[2371046400, 2371049728]
[2371050496, 2371053824]
[2371054592, 2371057920]
[2371058688, 2371062016]
[2371062784, 2371066112]
[2371066880, 2371070208]
[2371070976, 2371074304]
[2371075072, 2371078400]
[2371079168, 2371082496]
[2371083264, 2371086592]
[2371087360, 2371090688]
[2371091456, 2371094784]
[2371095552, 2371098880]
[2371099648, 2371102976]
[2371103744, 2371107072]
[2371107840, 2371111168]
[2371111936, 2371115264]
[2371116032, 2371119360]
[2371120128, 2371123456]
[2371124224, 2371127552]
[2371128320, 2371131648]
[2371132416, 2371135744]
[2371136512, 2371139840]
[2371140608, 2371143936]
[2371144704, 2371148032]
[2371148800, 2371152128]
[2371152896, 2371156224]
[2371156992, 2371160320]
[2371161088, 2371164416]
[2371165184, 2371168512]
[2371169280, 2371172608]
[2371173376, 2371176704]
[2371177472, 2371180800]
[2371181568, 2371184896]
[2371185664, 2371188992]
[2371189760, 2371193088]
[2371193856, 2371197184]
[2371197952, 2371201280]
[2371202048, 2371205376]
[2371206144, 2371209472]
[2371210240, 2371213568]
[2371214336, 2371217664]
[2371218432, 2371221760]
[2371222528, 2371225856]
[2371226624, 2371229952]
[2371230720, 2371234048]
[2371234816, 2371238144]
[2371238912, 2371242240]
[2371243008, 2371246336]
[2371247104, 2371250432]
[2371251200, 2371254528]
[2371255296, 2371258624]
[2371259392, 2371262720]
[2371263488, 2371266816]
[2371267584, 2371270912]
[2371271680, 2371275008]
[2371275776, 2371279104]
[2371279872, 2371283200]
[2371283968, 2371287296]
[2371288064, 2371291392]
[2371292160, 2371295488]
[2371296256, 2371299584]
[2371300352, 2371303680]
[2371304448, 2371307776]
[2371308544, 2371311872]
[2371312640, 2371315968]
[2371316736, 2371320064]
[2371320832, 2371324160]
[2371324928, 2371328256]
[2371329024, 2371332352]
[2371333120, 2371336448]
[2371337216, 2371340544]
[2371341312, 2371344640]
[2371345408, 2371348736]
[2371349504, 2371352832]
[2371353600, 2371356928]
[2371357696, 2371361024]
[2371361792, 2371365120]
[2371365888, 2371369216]
[2371369984, 2371373312]
[2371374080, 2371377408]
[2371378176, 2371381504]
[2371382272, 2371385600]
[2371386368, 2371389696]
[2371390464, 2371393792]
[2371394560, 2371397888]
[2371398656, 2371401984]
[2371402752, 2371406080]
[2371406848, 2371410176]
[2371410944, 2371414272]
[2371415040, 2371418368]
[2371419136, 2371422464]
[2371423232, 2371426560]
[2371427328, 2371430656]
[2371431424, 2371434752]
[2371435520, 2371438848]
[2371439616, 2371442944]
[2371443712, 2371447040]
[2371447808, 2371451136]
[2371451904, 2371455232]
[2371456000, 2371459328]
[2371460096, 2371463424]
[2371464192, 2371467520]
[2371468288, 2371471616]
[2371472384, 2371475712]
[2371476480, 2371479808]
[2371480576, 2371483904]
[2371484672, 2371488000]
[2371488768, 2371492096]
[2371492864, 2371496192]
[2371496960, 2371500288]
[2371501056, 2371504384]
[2371505152, 2371508480]
[2371509248, 2371512576]
[2371513344, 2371516672]
[2371517440, 2371520768]
[2371521536, 2371524864]
[2371525632, 2371528960]
[2371529728, 2371533056]
[2371533824, 2371537152]
[2371537920, 2371541248]
[2371542016, 2371545344]
[2371546112, 2371549440]
[2371550208, 2371553536]
[2371554304, 2371557632]
[2371558400, 2371561728]
[2371562496, 2371565824]
[2371566592, 2371569920]
[2371570688, 2371574016]
[2371574784, 2371578112]
[2371578880, 2371582208]
[2371582976, 2371586304]
[2371587072, 2371590400]
[2371591168, 2371594496]
[2371595264, 2371598592]
[2371599360, 2371602688]
[2371603456, 2371606784]
[2371607552, 2371610880]
[2371611648, 2371614976]
[2371615744, 2371619072]
[2371619840, 2371623168]
[2371623936, 2371627264]
[2371628032, 2371631360]
[2371632128, 2371635456]
[2371636224, 2371639552]
[2371640320, 2371643648]
[2371644416, 2371647744]
[2371648512, 2371651840]
[2371652608, 2371655936]
[2371656704, 2371660032]
[2371660800, 2371664128]
[2371664896, 2371668224]
[2371668992, 2371672320]
[2371673088, 2371676416]
[2371677184, 2371680512]
[2371681280, 2371684608]
[2371685376, 2371688704]
[2371689472, 2371692800]
[2371693568, 2371696896]
[2371697664, 2371700992]
[2371701760, 2371705088]
[2371705856, 2371709184]
[2371709952, 2371713280]
[2371714048, 2371717376]
[2371718144, 2371721472]
[2371722240, 2371725568]
[2371726336, 2371729664]
[2371730432, 2371733760]
[2371734528, 2371737856]
[2371738624, 2371741952]
[2371742720, 2371746048]
[2371746816, 2371750144]
[2371750912, 2371754240]
[2371755008, 2371758336]
[2371759104, 2371762432]
[2371763200, 2371766528]
[2371767296, 2371770624]
[2371771392, 2371774720]
[2371775488, 2371778816]
[2371779584, 2371782912]
[2371783680, 2371787008]
[2371787776, 2371791104]
[2371791872, 2371795200]
[2371795968, 2371799296]
[2371800064, 2371803392]
[2371804160, 2371807488]
[2371808256, 2371811584]
[2371812352, 2371815680]
[2371816448, 2371819776]
[2371820544, 2371823872]
[2371824640, 2371827968]
[2371828736, 2371832064]
[2371832832, 2371836160]
[2371836928, 2371840256]
[2371841024, 2371844352]
[2371845120, 2371848448]
[2371849216, 2371852544]
[2371853312, 2371856640]
[2371857408, 2371860736]
[2371861504, 2371864832]
[2371865600, 2371868928]
[2371869696, 2371873024]
[2371873792, 2371877120]
[2371877888, 2371881728]
[2371881984, 2371885824]
[2371886080, 2371889920]
[2371890176, 2371894016]
[2371894272, 2371898112]
[2371898368, 2371902208]
[2371902464, 2371906304]
[2371906560, 2371910400]
[2371910656, 2371914496]
[2371914752, 2371918592]
[2371918848, 2371922688]
[2371922944, 2371926784]
[2371927040, 2371930880]
[2371931136, 2371934976]
[2371935232, 2371939072]
[2371939328, 2371943168]
[2371943424, 2371947264]
[2371947520, 2371951360]
[2371951616, 2371955456]
[2371955712, 2371959552]
[2371959808, 2371963648]
[2371963904, 2371967744]
[2371968000, 2371971840]
[2371972096, 2371975936]
[2371976192, 2371980032]
[2371980288, 2371984128]
[2371984384, 2371988224]
[2371988480, 2371992320]
[2371992576, 2371996416]
[2371996672, 2372000512]
[2372000768, 2372004608]
[2372004864, 2372008704]
[2372008960, 2372012800]
[2372013056, 2372016896]
[2372017152, 2372020992]
[2372021248, 2372025088]
[2372025344, 2372029184]
[2372029440, 2372033280]
[2372033536, 2372037376]
[2372037632, 2372041472]
[2372041728, 2372045568]
[2372045824, 2372049664]
[2372049920, 2372053760]
[2372054016, 2372057856]
[2372058112, 2372061952]
[2372062208, 2372066048]
[2372066304, 2372070144]
[2372070400, 2372074240]
[2372074496, 2372078336]
[2372078592, 2372082432]
[2372082688, 2372086528]
[2372086784, 2372090624]
[2372090880, 2372094720]
[2372094976, 2372098816]
[2372099072, 2372102912]
[2372103168, 2372107008]
[2372107264, 2372111104]
[2372111360, 2372115200]
[2372115456, 2372119296]
[2372119552, 2372123392]
[2372123648, 2372127488]
[2372127744, 2372131584]
[2372131840, 2372135680]
[2372135936, 2372139776]
[2372140032, 2372143872]
[2372144128, 2372147968]
[2372148224, 2372152064]
[2372152320, 2372156160]
[2372156416, 2372160256]
[2372160512, 2372164352]
[2372164608, 2372168448]
[2372168704, 2372172544]
[2372172800, 2372176640]
[2372176896, 2372180736]
[2372180992, 2372184832]
[2372185088, 2372188928]
[2372189184, 2372193024]
[2372193280, 2372197120]
[2372197376, 2372201216]
[2372201472, 2372205312]
[2372205568, 2372209408]
[2372209664, 2372213504]
[2372213760, 2372217600]
[2372217856, 2372221696]
[2372221952, 2372225792]
[2372226048, 2372229888]
[2372230144, 2372233984]
[2372234240, 2372238080]
[2372238336, 2372242176]
[2372242432, 2372246272]
[2372246528, 2372250368]
[2372250624, 2372254464]
[2372254720, 2372258560]
[2372258816, 2372262656]
[2372262912, 2372266752]
[2372267008, 2372270848]
[2372271104, 2372274944]
[2372275200, 2372279040]
[2372279296, 2372283136]
[2372283392, 2372287232]
[2372287488, 2372291328]
[2372291584, 2372295424]
[2372295680, 2372299520]
[2372299776, 2372303616]
[2372303872, 2372307712]
[2372307968, 2372311808]
[2372312064, 2372315904]
[2372316160, 2372320000]
[2372320256, 2372324096]
[2372324352, 2372328192]
[2372328448, 2372332288]
[2372332544, 2372336384]
[2372336640, 2372340480]
[2372340736, 2372344576]
[2372344832, 2372348672]
[2372348928, 2372352768]
[2372353024, 2372356864]
[2372357120, 2372360960]
[2372361216, 2372365056]
[2372365312, 2372369152]
[2372369408, 2372373248]
[2372373504, 2372377344]
[2372377600, 2372381440]
[2372381696, 2372385536]
[2372385792, 2372389632]
[2372389888, 2372393728]
[2372393984, 2372397824]
[2372398080, 2372401920]
[2372402176, 2372406016]
[2372406272, 2372410112]
[2372410368, 2372414208]
[2372414464, 2372418304]
[2372418560, 2372422400]
[2372422656, 2372426496]
[2372426752, 2372430592]
[2372430848, 2372434688]
[2372434944, 2372438784]
[2372439040, 2372442880]
[2372443136, 2372446976]
[2372447232, 2372451072]
[2372451328, 2372455168]
[2372455424, 2372459264]
[2372459520, 2372463360]
[2372463616, 2372467456]
[2372467712, 2372471552]
[2372471808, 2372475648]
[2372475904, 2372479744]
[2372480000, 2372483840]
[2372484096, 2372487936]
[2372488192, 2372492032]
[2372492288, 2372496128]
[2372496384, 2372500224]
[2372500480, 2372504320]
[2372504576, 2372508416]
[2372508672, 2372512512]
[2372512768, 2372516608]
[2372516864, 2372520704]
[2372520960, 2372524800]
[2372525056, 2372528896]
[2372529152, 2372532992]
[2372533248, 2372537088]
[2372537344, 2372541184]
[2372541440, 2372545280]
[2372545536, 2372549376]
[2372549632, 2372553472]
[2372553728, 2372557568]
[2372557824, 2372561664]
[2372561920, 2372565760]
[2372566016, 2372569856]
[2372570112, 2372573952]
[2372574208, 2372578048]
[2372578304, 2372582144]
[2372582400, 2372586240]
[2372586496, 2372590336]
[2372590592, 2372594432]
[2372594688, 2372598528]
[2372598784, 2372602624]
[2372602880, 2372606720]
[2372606976, 2372610816]
[2372611072, 2372614912]
[2372615168, 2372619008]
[2372619264, 2372623104]
[2372623360, 2372627200]
[2372627456, 2372631296]
[2372631552, 2372635392]
[2372635648, 2372639488]
[2372639744, 2372643584]
[2372643840, 2372647680]
[2372647936, 2372651776]
[2372652032, 2372655872]
[2372656128, 2372659968]
[2372660224, 2372664064]
[2372664320, 2372668160]
[2372668416, 2372672256]
[2372672512, 2372676352]
[2372676608, 2372680448]
[2372680704, 2372684544]
[2372684800, 2372688640]
[2372688896, 2372692736]
[2372692992, 2372696832]
[2372697088, 2372700928]
[2372701184, 2372705024]
[2372705280, 2372709120]
[2372709376, 2372713216]
[2372713472, 2372717312]
[2372717568, 2372721408]
[2372721664, 2372725504]
[2372725760, 2372729600]
[2372729856, 2372733696]
[2372733952, 2372737792]
[2372738048, 2372741888]
[2372742144, 2372745984]
[2372746240, 2372750080]
[2372750336, 2372754176]
[2372754432, 2372758272]
[2372758528, 2372762368]
[2372762624, 2372766464]
[2372766720, 2372770560]
[2372770816, 2372774656]
[2372774912, 2372778752]
[2372779008, 2372782848]
[2372783104, 2372786944]
[2372787200, 2372791040]
[2372791296, 2372795136]
[2372795392, 2372799232]
[2372799488, 2372803328]
[2372803584, 2372807424]
[2372807680, 2372811520]
[2372811776, 2372815616]
[2372815872, 2372819712]
[2372819968, 2372823808]
[2372824064, 2372827904]
[2372828160, 2372832000]
[2372832256, 2372836096]
[2372836352, 2372840192]
[2372840448, 2372844288]
[2372844544, 2372848384]
[2372848640, 2372852480]
[2372852736, 2372856576]
[2372856832, 2372860672]
[2372860928, 2372864768]
[2372865024, 2372868864]
[2372869120, 2372872960]
[2372873216, 2372877056]
[2372877312, 2372881152]
[2372881408, 2372885248]
[2372885504, 2372889344]
[2372889600, 2372893440]
[2372893696, 2372897536]
[2372897792, 2372901632]
[2372901888, 2372905728]
[2372905984, 2372909824]
[2372910080, 2372913920]
[2372914176, 2372918016]
[2372918272, 2372922112]
[2372922368, 2372926208]
[2372926464, 2372930304]
[2372930560, 2372934400]
[2372934656, 2372938496]
[2372938752, 2372942592]
[2372942848, 2372946688]
[2372946944, 2372950784]
[2372951040, 2372954880]
[2372955136, 2372958976]
[2372959232, 2372963072]
[2372963328, 2372967168]
[2372967424, 2372971264]
[2372971520, 2372975360]
[2372975616, 2372979456]
[2372979712, 2372983552]
[2372983808, 2372987648]
[2372987904, 2372991744]
[2372992000, 2372995840]
[2372996096, 2372999936]
[2373000192, 2373004032]
[2373004288, 2373008128]
[2373008384, 2373012224]
[2373012480, 2373016320]
[2373016576, 2373020416]
[2373020672, 2373024512]
[2373024768, 2373028608]
[2373028864, 2373032704]
[2373032960, 2373036800]
[2373037056, 2373040896]
[2373041152, 2373044992]
[2373045248, 2373049088]
[2373049344, 2373053184]
[2373053440, 2373057280]
[2373057536, 2373061376]
[2373061632, 2373065472]
[2373065728, 2373069568]
[2373069824, 2373073664]
[2373073920, 2373077760]
[2373078016, 2373081856]
[2373082112, 2373085952]
[2373086208, 2373090048]
[2373090304, 2373094144]
[2373094400, 2373098240]
[2373098496, 2373102336]
[2373102592, 2373106432]
[2373106688, 2373110528]
[2373110784, 2373114624]
[2373114880, 2373118720]
[2373118976, 2373122816]
[2373123072, 2373126912]
[2373127168, 2373131008]
[2373131264, 2373135104]
[2373135360, 2373139200]
[2373139456, 2373143296]
[2373143552, 2373147392]
[2373147648, 2373151488]
[2373151744, 2373155584]
[2373155840, 2373159680]
[2373159936, 2373163776]
[2373164032, 2373167872]
[2373168128, 2373171968]
[2373172224, 2373176064]
[2373176320, 2373180160]
[2373180416, 2373184256]
[2373184512, 2373188352]
[2373188608, 2373192448]
[2373192704, 2373196544]
[2373196800, 2373200640]
[2373200896, 2373204736]
[2373204992, 2373208832]
[2373209088, 2373212928]
[2373213184, 2373217024]
[2373217280, 2373221120]
[2373221376, 2373225216]
[2373225472, 2373229312]
[2373229568, 2373233408]
[2373233664, 2373237504]
[2373237760, 2373241600]
[2373241856, 2373245696]
[2373245952, 2373249792]
[2373250048, 2373253888]
[2373254144, 2373257984]
[2373258240, 2373262080]
[2373262336, 2373266176]
[2373266432, 2373270272]
[2373270528, 2373274368]
[2373274624, 2373278464]
[2373278720, 2373282560]
[2373282816, 2373286656]
[2373286912, 2373290752]
[2373291008, 2373294848]
[2373295104, 2373298944]
[2373299200, 2373303040]
[2373303296, 2373307136]
[2373307392, 2373311232]
[2373311488, 2373315328]
[2373315584, 2373319424]
[2373319680, 2373323520]
[2373323776, 2373327616]
[2373327872, 2373331712]
[2373331968, 2373335808]
[2373336064, 2373339904]
[2373340160, 2373344000]
[2373344256, 2373348096]
[2373348352, 2373352192]
[2373352448, 2373356288]
[2373356544, 2373360384]
[2373360640, 2373364480]
[2373364736, 2373368576]
[2373368832, 2373372672]
[2373372928, 2373376768]
[2373377024, 2373380864]
[2373381120, 2373384960]
[2373385216, 2373389056]
[2373389312, 2373393152]
[2373393408, 2373397248]
[2373397504, 2373401344]
[2373401600, 2373405440]
[2373405696, 2373409536]
[2373409792, 2373413632]
[2373413888, 2373417728]
[2373417984, 2373421824]
[2373422080, 2373425920]
[2373426176, 2373430016]
[2373430272, 2373434112]
[2373434368, 2373438208]
[2373438464, 2373442304]
[2373442560, 2373446400]
[2373446656, 2373450496]
[2373450752, 2373454592]
[2373454848, 2373458688]
[2373458944, 2373462784]
[2373463040, 2373466880]
[2373467136, 2373470976]
[2373471232, 2373475072]
[2373475328, 2373479168]
[2373479424, 2373483264]
[2373483520, 2373487360]
[2373487616, 2373491456]
[2373491712, 2373495552]
[2373495808, 2373499648]
[2373499904, 2373503744]
[2373504000, 2373507840]
[2373508096, 2373511936]
[2373512192, 2373516032]
[2373516288, 2373520128]
[2373520384, 2373524224]
[2373524480, 2373528320]
[2373528576, 2373532416]
[2373532672, 2373536512]
[2373536768, 2373540608]
[2373540864, 2373544704]
[2373544960, 2373548800]
[2373549056, 2373552896]
[2373553152, 2373556992]
[2373557248, 2373561088]
[2373561344, 2373565184]
[2373565440, 2373569280]
[2373569536, 2373573376]
[2373573632, 2373577472]
[2373577728, 2373581568]
[2373581824, 2373585664]
[2373585920, 2373589760]
[2373590016, 2373593856]
[2373594112, 2373597952]
[2373598208, 2373602048]
[2373602304, 2373606144]
[2373606400, 2373610240]
[2373610496, 2373614336]
[2373614592, 2373618432]
[2373618688, 2373622528]
[2373622784, 2373626624]
[2373626880, 2373630720]
[2373630976, 2373634816]
[2373635072, 2373638912]
[2373639168, 2373643008]
[2373643264, 2373647104]
[2373647360, 2373651200]
[2373651456, 2373655296]
[2373655552, 2373659392]
[2373659648, 2373663488]
[2373663744, 2373667584]
[2373667840, 2373671680]
[2373671936, 2373675776]
[2373676032, 2373679872]
[2373680128, 2373683968]
[2373684224, 2373688064]
[2373688320, 2373692160]
[2373692416, 2373696256]
[2373696512, 2373700352]
[2373700608, 2373704448]
[2373704704, 2373708544]
[2373708800, 2373712640]
[2373712896, 2373716736]
[2373716992, 2373720832]
[2373721088, 2373724928]
[2373725184, 2373729024]
[2373729280, 2373733120]
[2373733376, 2373737216]
[2373737472, 2373741312]
[2373741568, 2373745408]
[2373745664, 2373749504]
[2373749760, 2373753600]
[2373753856, 2373757696]
[2373757952, 2373761792]
[2373762048, 2373765888]
[2373766144, 2373769984]
[2373770240, 2373774080]
[2373774336, 2373778176]
[2373778432, 2373782272]
[2373782528, 2373786368]
[2373786624, 2373790464]
[2373790720, 2373794560]
[2373794816, 2373798656]
[2373798912, 2373802752]
[2373803008, 2373806848]
[2373807104, 2373810944]
[2373811200, 2373815040]
[2373815296, 2373819136]
[2373819392, 2373823232]
[2373823488, 2373827328]
[2373827584, 2373831424]
[2373831680, 2373835520]
[2373835776, 2373839616]
[2373839872, 2373843712]
[2373843968, 2373847808]
[2373848064, 2373851904]
[2373852160, 2373856000]
[2373856256, 2373860096]
[2373860352, 2373864192]
[2373864448, 2373868288]
[2373868544, 2373872384]
[2373872640, 2373876480]
[2373876736, 2373880576]
[2373880832, 2373884672]
[2373884928, 2373888768]
[2373889024, 2373892864]
[2373893120, 2373896960]
[2373897216, 2373901056]
[2373901312, 2373905152]
[2373905408, 2373909248]
[2373909504, 2373913344]
[2373913600, 2373917440]
[2373917696, 2373921536]
[2373921792, 2373925632]
[2373925888, 2373929728]
[2373929984, 2373933824]
[2373934080, 2373937920]
[2373938176, 2373942016]
[2373942272, 2373946112]
[2373946368, 2373950208]
[2373950464, 2373954304]
[2373954560, 2373958400]
[2373958656, 2373962496]
[2373962752, 2373966592]
[2373966848, 2373970688]
[2373970944, 2373974784]
[2373975040, 2373978368]
[2373979136, 2373982464]
[2373983232, 2373986560]
[2373987328, 2373990656]
[2373991424, 2373994752]
[2373995520, 2373998848]
[2373999616, 2374000128]
[2374000384, 2374002944]
[2374003712, 2374007040]
[2374007808, 2374011136]
[2374011904, 2374015232]
[2374016000, 2374019328]
[2374020096, 2374023424]
[2374024192, 2374027520]
[2374028288, 2374031616]
[2374032384, 2374035712]
[2374036480, 2374039808]
[2374040576, 2374043904]
[2374044672, 2374048000]
[2374048768, 2374052096]
[2374052864, 2374056192]
[2374056960, 2374060288]
[2374061056, 2374064384]
[2374065152, 2374065664]
[2374065920, 2374068480]
[2374069248, 2374072576]
[2374073344, 2374076672]
[2374077440, 2374080768]
[2374081536, 2374084864]
[2374085632, 2374088960]
[2374089728, 2374093056]
[2374093824, 2374097152]
[2374097920, 2374101248]
[2374102016, 2374105344]
[2374106112, 2374109440]
[2374110208, 2374113536]
[2374114304, 2374117632]
[2374118400, 2374121728]
[2374122496, 2374125824]
[2374126592, 2374129920]
[2374130688, 2374131200]
[2374131456, 2374134016]
[2374134784, 2374138112]
[2374138880, 2374142208]
[2374142976, 2374146304]
[2374147072, 2374150400]
[2374151168, 2374154496]
[2374155264, 2374158592]
[2374159360, 2374162688]
[2374163456, 2374166784]
[2374167552, 2374170880]
[2374171648, 2374174976]
[2374175744, 2374179072]
[2374179840, 2374183168]
[2374183936, 2374187264]
[2374188032, 2374191360]
[2374192128, 2374195456]
[2374196224, 2374196736]
[2374196992, 2374199552]
[2374200320, 2374203648]
[2374204416, 2374207744]
[2374208512, 2374211840]
[2374212608, 2374215936]
[2374216704, 2374220032]
[2374220800, 2374224128]
[2374224896, 2374228224]
[2374228992, 2374232320]
[2374233088, 2374236416]
[2374237184, 2374240512]
[2374241280, 2374244608]
[2374245376, 2374248704]
[2374249472, 2374252800]
[2374253568, 2374256896]
[2374257664, 2374260992]
[2374261760, 2374262272]
[2374262528, 2374265088]
[2374265856, 2374269184]
[2374269952, 2374273280]
[2374274048, 2374277376]
[2374278144, 2374281472]
[2374282240, 2374285568]
[2374286336, 2374289664]
[2374290432, 2374293760]
[2374294528, 2374297856]
[2374298624, 2374301952]
[2374302720, 2374306048]
[2374306816, 2374310144]
[2374310912, 2374314240]
[2374315008, 2374318336]
[2374319104, 2374322432]
[2374323200, 2374326528]
[2374327296, 2374327808]
[2374328064, 2374330624]
[2374331392, 2374334720]
[2374335488, 2374338816]
[2374339584, 2374342912]
[2374343680, 2374347008]
[2374347776, 2374351104]
[2374351872, 2374355200]
[2374355968, 2374359296]
[2374360064, 2374363392]
[2374364160, 2374367488]
[2374368256, 2374371584]
[2374372352, 2374375680]
[2374376448, 2374379776]
[2374380544, 2374383872]
[2374384640, 2374387968]
[2374388736, 2374392064]
[2374392832, 2374393344]
[2374393600, 2374396160]
[2374396928, 2374400256]
[2374401024, 2374404352]
[2374405120, 2374408448]
[2374409216, 2374412544]
[2374413312, 2374416640]
[2374417408, 2374420736]
[2374421504, 2374424832]
[2374425600, 2374428928]
[2374429696, 2374433024]
[2374433792, 2374437120]
[2374437888, 2374441216]
[2374441984, 2374445312]
[2374446080, 2374449408]
[2374450176, 2374453504]
[2374454272, 2374457600]
[2374458368, 2374458880]
[2374459136, 2374461696]
[2374462464, 2374465792]
[2374466560, 2374469888]
[2374470656, 2374473984]
[2374474752, 2374478080]
[2374478848, 2374482176]
[2374482944, 2374486272]
[2374487040, 2374490368]
[2374491136, 2374494464]
[2374495232, 2374498560]
[2374499328, 2374502656]
[2374503424, 2374506752]
[2374507520, 2374510848]
[2374511616, 2374514944]
[2374515712, 2374519040]
[2374519808, 2374523136]
[2374523904, 2374524416]
[2374524672, 2374527232]
[2374528000, 2374531328]
[2374532096, 2374535424]
[2374536192, 2374539520]
[2374540288, 2374543616]
[2374544384, 2374547712]
[2374548480, 2374551808]
[2374552576, 2374555904]
[2374556672, 2374560000]
[2374560768, 2374564096]
[2374564864, 2374568192]
[2374568960, 2374572288]
[2374573056, 2374576384]
[2374577152, 2374580480]
[2374581248, 2374584576]
[2374585344, 2374588672]
[2374589440, 2374589952]
[2374590208, 2374592768]
[2374593536, 2374596864]
[2374597632, 2374600960]
[2374601728, 2374605056]
[2374605824, 2374609152]
[2374609920, 2374613248]
[2374614016, 2374617344]
[2374618112, 2374621440]
[2374622208, 2374625536]
[2374626304, 2374629632]
[2374630400, 2374633728]
[2374634496, 2374637824]
[2374638592, 2374641920]
[2374642688, 2374646016]
[2374646784, 2374650112]
[2374650880, 2374654208]
[2374654976, 2374655488]
[2374655744, 2374658304]
[2374659072, 2374662400]
[2374663168, 2374666496]
[2374667264, 2374670592]
[2374671360, 2374674688]
[2374675456, 2374678784]
[2374679552, 2374682880]
[2374683648, 2374686976]
[2374687744, 2374691072]
[2374691840, 2374695168]
[2374695936, 2374699264]
[2374700032, 2374703360]
[2374704128, 2374707456]
[2374708224, 2374711552]
[2374712320, 2374715648]
[2374716416, 2374719744]
[2374720512, 2374721024]
[2374721280, 2374723840]
[2374724608, 2374727936]
[2374728704, 2374732032]
[2374732800, 2374736128]
[2374736896, 2374740224]
[2374740992, 2374744320]
[2374745088, 2374748416]
[2374749184, 2374752512]
[2374753280, 2374756608]
[2374757376, 2374760704]
[2374761472, 2374764800]
[2374765568, 2374768896]
[2374769664, 2374772992]
[2374773760, 2374777088]
[2374777856, 2374781184]
[2374781952, 2374785280]
[2374786048, 2374786560]
[2374786816, 2374789376]
[2374790144, 2374793472]
[2374794240, 2374797568]
[2374798336, 2374801664]
[2374802432, 2374805760]
[2374806528, 2374809856]
[2374810624, 2374813952]
[2374814720, 2374818048]
[2374818816, 2374822144]
[2374822912, 2374826240]
[2374827008, 2374830336]
[2374831104, 2374834432]
[2374835200, 2374838528]
[2374839296, 2374842624]
[2374843392, 2374846720]
[2374847488, 2374850816]
[2374851584, 2374852096]
[2374852352, 2374854912]
[2374855680, 2374859008]
[2374859776, 2374863104]
[2374863872, 2374867200]
[2374867968, 2374871296]
[2374872064, 2374875392]
[2374876160, 2374879488]
[2374880256, 2374883584]
[2374884352, 2374887680]
[2374888448, 2374891776]
[2374892544, 2374895872]
[2374896640, 2374899968]
[2374900736, 2374904064]
[2374904832, 2374908160]
[2374908928, 2374912256]
[2374913024, 2374916352]
[2374917120, 2374917632]
[2374917888, 2374920448]
[2374921216, 2374924544]
[2374925312, 2374928640]
[2374929408, 2374932736]
[2374933504, 2374936832]
[2374937600, 2374940928]
[2374941696, 2374945024]
[2374945792, 2374949120]
[2374949888, 2374953216]
[2374953984, 2374957312]
[2374958080, 2374961408]
[2374962176, 2374965504]
[2374966272, 2374969600]
[2374970368, 2374973696]
[2374974464, 2374977792]
[2374978560, 2374981888]
[2374982656, 2374983168]
[2374983424, 2374985984]
[2374986752, 2374990080]
[2374990848, 2374994176]
[2374994944, 2374998272]
[2374999040, 2375002368]
[2375003136, 2375006464]
[2375007232, 2375010560]
[2375011328, 2375014656]
[2375015424, 2375018752]
[2375019520, 2375022848]
[2375023616, 2375026944]
[2375027712, 2375031040]
[2375031808, 2375035136]
[2375035904, 2375039232]
[2375040000, 2375043328]
[2375044096, 2375047424]
[2375048192, 2375048704]
[2375048960, 2375051520]
[2375052288, 2375055616]
[2375056384, 2375059712]
[2375060480, 2375063808]
[2375064576, 2375067904]
[2375068672, 2375072000]
[2375072768, 2375076096]
[2375076864, 2375080192]
[2375080960, 2375084288]
[2375085056, 2375088384]
[2375089152, 2375092480]
[2375093248, 2375096576]
[2375097344, 2375100672]
[2375101440, 2375104768]
[2375105536, 2375108864]
[2375109632, 2375112960]
[2375113728, 2375114240]
[2375114496, 2375117056]
[2375117824, 2375121152]
[2375121920, 2375125248]
[2375126016, 2375129344]
[2375130112, 2375133440]
[2375134208, 2375137536]
[2375138304, 2375141632]
[2375142400, 2375145728]
[2375146496, 2375149824]
[2375150592, 2375153920]
[2375154688, 2375158016]
[2375158784, 2375162112]
[2375162880, 2375166208]
[2375166976, 2375170304]
[2375171072, 2375174400]
[2375175168, 2375178496]
[2375179264, 2375179776]
[2375180032, 2375182592]
[2375183360, 2375186688]
[2375187456, 2375190784]
[2375191552, 2375194880]
[2375195648, 2375198976]
[2375199744, 2375203072]
[2375203840, 2375207168]
[2375207936, 2375211264]
[2375212032, 2375215360]
[2375216128, 2375219456]
[2375220224, 2375223552]
[2375224320, 2375227648]
[2375228416, 2375231744]
[2375232512, 2375235840]
[2375236608, 2375239936]
[2375240704, 2375244032]
[2375244800, 2375245312]
[2375245568, 2375248128]
[2375248896, 2375252224]
[2375252992, 2375256320]
[2375257088, 2375260416]
[2375261184, 2375264512]
[2375265280, 2375268608]
[2375269376, 2375272704]
[2375273472, 2375276800]
[2375277568, 2375280896]
[2375281664, 2375284992]
[2375285760, 2375289088]
[2375289856, 2375293184]
[2375293952, 2375297280]
[2375298048, 2375301376]
[2375302144, 2375305472]
[2375306240, 2375309568]
[2375310336, 2375310848]
[2375311104, 2375313664]
[2375314432, 2375317760]
[2375318528, 2375321856]
[2375322624, 2375325952]
[2375326720, 2375330048]
[2375330816, 2375334144]
[2375334912, 2375338240]
[2375339008, 2375342336]
[2375343104, 2375346432]
[2375347200, 2375350528]
[2375351296, 2375354624]
[2375355392, 2375358720]
[2375359488, 2375362816]
[2375363584, 2375366912]
[2375367680, 2375371008]
[2375371776, 2375375104]
[2375375872, 2375376384]
[2375376640, 2375379200]
[2375379968, 2375383296]
[2375384064, 2375387392]
[2375388160, 2375391488]
[2375392256, 2375395584]
[2375396352, 2375399680]
[2375400448, 2375403776]
[2375404544, 2375407872]
[2375408640, 2375411968]
[2375412736, 2375416064]
[2375416832, 2375420160]
[2375420928, 2375424256]
[2375425024, 2375428352]
[2375429120, 2375432448]
[2375433216, 2375436544]
[2375437312, 2375440640]
[2375441408, 2375441920]
[2375442176, 2375444736]
[2375445504, 2375448832]
[2375449600, 2375452928]
[2375453696, 2375457024]
[2375457792, 2375461120]
[2375461888, 2375465216]
[2375465984, 2375469312]
[2375470080, 2375473408]
[2375474176, 2375477504]
[2375478272, 2375481600]
[2375482368, 2375485696]
[2375486464, 2375489792]
[2375490560, 2375493888]
[2375494656, 2375497984]
[2375498752, 2375502080]
[2375502848, 2375506176]
[2375506944, 2375507456]
[2375507712, 2375510272]
[2375511040, 2375514368]
[2375515136, 2375518464]
[2375519232, 2375522560]
[2375523328, 2375526656]
[2375527424, 2375530752]
[2375531520, 2375534848]
[2375535616, 2375538944]
[2375539712, 2375543040]
[2375543808, 2375547136]
[2375547904, 2375551232]
[2375552000, 2375555328]
[2375556096, 2375559424]
[2375560192, 2375563520]
[2375564288, 2375567616]
[2375568384, 2375571712]
[2375572480, 2375572992]
[2375573248, 2375575808]
[2375576576, 2375579904]
[2375580672, 2375584000]
[2375584768, 2375588096]
[2375588864, 2375592192]
[2375592960, 2375596288]
[2375597056, 2375600384]
[2375601152, 2375604480]
[2375605248, 2375608576]
[2375609344, 2375612672]
[2375613440, 2375616768]
[2375617536, 2375620864]
[2375621632, 2375624960]
[2375625728, 2375629056]
[2375629824, 2375633152]
[2375633920, 2375637248]
[2375638016, 2375638528]
[2375638784, 2375641344]
[2375642112, 2375645440]
[2375646208, 2375649536]
[2375650304, 2375653632]
[2375654400, 2375657728]
[2375658496, 2375661824]
[2375662592, 2375665920]
[2375666688, 2375670016]
[2375670784, 2375674112]
[2375674880, 2375678208]
[2375678976, 2375682304]
[2375683072, 2375686400]
[2375687168, 2375690496]
[2375691264, 2375694592]
[2375695360, 2375698688]
[2375699456, 2375702784]
[2375703552, 2375704064]
[2375704320, 2375706880]
[2375707648, 2375710976]
[2375711744, 2375715072]
[2375715840, 2375719168]
[2375719936, 2375723264]
[2375724032, 2375727360]
[2375728128, 2375731456]
[2375732224, 2375735552]
[2375736320, 2375739648]
[2375740416, 2375743744]
[2375744512, 2375747840]
[2375748608, 2375751936]
[2375752704, 2375756032]
[2375756800, 2375760128]
[2375760896, 2375764224]
[2375764992, 2375768320]
[2375769088, 2375769600]
[2375769856, 2375772416]
[2375773184, 2375776512]
[2375777280, 2375780608]
[2375781376, 2375784704]
[2375785472, 2375788800]
[2375789568, 2375792896]
[2375793664, 2375796992]
[2375797760, 2375801088]
[2375801856, 2375805184]
[2375805952, 2375809280]
[2375810048, 2375813376]
[2375814144, 2375817472]
[2375818240, 2375821568]
[2375822336, 2375825664]
[2375826432, 2375829760]
[2375830528, 2375833856]
[2375834624, 2375835136]
[2375835392, 2375837952]
[2375838720, 2375842048]
[2375842816, 2375846144]
[2375846912, 2375850240]
[2375851008, 2375854336]
[2375855104, 2375858432]
[2375859200, 2375862528]
[2375863296, 2375866624]
[2375867392, 2375870720]
[2375871488, 2375874816]
[2375875584, 2375878912]
[2375879680, 2375883008]
[2375883776, 2375887104]
[2375887872, 2375891200]
[2375891968, 2375895296]
[2375896064, 2375899392]
[2375900160, 2375900672]
[2375900928, 2375903488]
[2375904256, 2375907584]
[2375908352, 2375911680]
[2375912448, 2375915776]
[2375916544, 2375919872]
[2375920640, 2375923968]
[2375924736, 2375928064]
[2375928832, 2375932160]
[2375932928, 2375936256]
[2375937024, 2375940352]
[2375941120, 2375944448]
[2375945216, 2375948544]
[2375949312, 2375952640]
[2375953408, 2375956736]
[2375957504, 2375960832]
[2375961600, 2375964928]
[2375965696, 2375966208]
[2375966464, 2375969024]
[2375969792, 2375973120]
[2375973888, 2375977216]
[2375977984, 2375981312]
[2375982080, 2375985408]
[2375986176, 2375989504]
[2375990272, 2375993600]
[2375994368, 2375997696]
[2375998464, 2376001792]
[2376002560, 2376005888]
[2376006656, 2376009984]
[2376010752, 2376014080]
[2376014848, 2376018176]
[2376018944, 2376022272]
[2376023040, 2376026368]
[2376027136, 2376030464]
[2376031232, 2376034560]
[2376035328, 2376038656]
[2376039424, 2376042752]
[2376043520, 2376046848]
[2376047616, 2376050944]
[2376051712, 2376055040]
[2376055808, 2376059136]
[2376059904, 2376063232]
[2376064000, 2376067328]
[2376068096, 2376071424]
[2376072192, 2376097280]
[2376097536, 2376162816]
[2376163072, 2376228352]
[2376228608, 2376293888]
[2376294144, 2376359424]
[2376359680, 2376424960]
[2376425216, 2376490496]
[2376490752, 2376556032]
[2376556288, 2376621568]
[2376621824, 2376687104]
[2376687360, 2376752640]
[2376752896, 2376818176]
[2376818432, 2376883712]
[2376883968, 2376949248]
[2376949504, 2377014784]
[2377015040, 2377080320]
[2377080576, 2377145856]
[2377146112, 2377211392]
[2377211648, 2377276928]
[2377277184, 2377342464]
[2377342720, 2377408000]
[2377408256, 2377473536]
[2377473792, 2377539072]
[2377539328, 2377604608]
[2377604864, 2377670144]
[2377670400, 2377735680]
[2377735936, 2377801216]
[2377801472, 2377866752]
[2377867008, 2377932288]
[2377932544, 2377997824]
[2377998080, 2378063360]
[2378063616, 2378128896]
[2378129152, 2378172672]
[2378173440, 2378176768]
[2378177536, 2378180864]
[2378181632, 2378184960]
[2378185728, 2378189056]
[2378189824, 2378193152]
[2378193920, 2378197248]
[2378198016, 2378201344]
[2378202112, 2378205440]
[2378206208, 2378209536]
[2378210304, 2378213632]
[2378214400, 2378217728]
[2378218496, 2378221824]
[2378222592, 2378225920]
[2378226688, 2378230016]
[2378230784, 2378234112]
[2378234880, 2378238208]
[2378238976, 2378242304]
[2378243072, 2378246400]
[2378247168, 2378250496]
[2378251264, 2378254592]
[2378255360, 2378258688]
[2378259456, 2378262784]
[2378263552, 2378266880]
[2378267648, 2378270976]
[2378271744, 2378275072]
[2378275840, 2378279168]
[2378279936, 2378283264]
[2378284032, 2378287360]
[2378288128, 2378291456]
[2378292224, 2378295552]
[2378296320, 2378299648]
[2378300416, 2378303744]
[2378304512, 2378307840]
[2378308608, 2378311936]
[2378312704, 2378316032]
[2378316800, 2378320128]
[2378320896, 2378324224]
[2378324992, 2378328320]
[2378329088, 2378332416]
[2378333184, 2378336512]
[2378337280, 2378340608]
[2378341376, 2378344704]
[2378345472, 2378348800]
[2378349568, 2378352896]
[2378353664, 2378356992]
[2378357760, 2378361088]
[2378361856, 2378365184]
[2378365952, 2378369280]
[2378370048, 2378373376]
[2378374144, 2378377472]
[2378378240, 2378381568]
[2378382336, 2378385664]
[2378386432, 2378389760]
[2378390528, 2378393856]
[2378394624, 2378397952]
[2378398720, 2378402048]
[2378402816, 2378406144]
[2378406912, 2378410240]
[2378411008, 2378414336]
[2378415104, 2378418432]
[2378419200, 2378422528]
[2378423296, 2378426624]
[2378427392, 2378430720]
[2378431488, 2378434816]
[2378435584, 2378438912]
[2378439680, 2378443008]
[2378443776, 2378447104]
[2378447872, 2378451200]
[2378451968, 2378455296]
[2378456064, 2378459392]
[2378460160, 2378463488]
[2378464256, 2378467584]
[2378468352, 2378471680]
[2378472448, 2378475776]
[2378476544, 2378479872]
[2378480640, 2378483968]
[2378484736, 2378488064]
[2378488832, 2378492160]
[2378492928, 2378496256]
[2378497024, 2378500352]
[2378501120, 2378504448]
[2378505216, 2378508544]
[2378509312, 2378512640]
[2378513408, 2378516736]
[2378517504, 2378520832]
[2378521600, 2378524928]
[2378525696, 2378529024]
[2378529792, 2378533120]
[2378533888, 2378537216]
[2378537984, 2378541312]
[2378542080, 2378545408]
[2378546176, 2378549504]
[2378550272, 2378553600]
[2378554368, 2378557696]
[2378558464, 2378561792]
[2378562560, 2378565888]
[2378566656, 2378569984]
[2378570752, 2378574080]
[2378574848, 2378578176]
[2378578944, 2378582272]
[2378583040, 2378586368]
[2378587136, 2378590464]
[2378591232, 2378594560]
[2378595328, 2378598656]
[2378599424, 2378602752]
[2378603520, 2378606848]
[2378607616, 2378610944]
[2378611712, 2378615040]
[2378615808, 2378619136]
[2378619904, 2378623232]
[2378624000, 2378627328]
[2378628096, 2378631424]
[2378632192, 2378635520]
[2378636288, 2378639616]
[2378640384, 2378643712]
[2378644480, 2378647808]
[2378648576, 2378651904]
[2378652672, 2378656000]
[2378656768, 2378660096]
[2378660864, 2378664192]
[2378664960, 2378668288]
[2378669056, 2378672384]
[2378673152, 2378676480]
[2378677248, 2378680576]
[2378681344, 2378684672]
[2378685440, 2378688768]
[2378689536, 2378692864]
[2378693632, 2378696960]
[2378697728, 2378701056]
[2378701824, 2378705152]
[2378705920, 2378709248]
[2378710016, 2378713344]
[2378714112, 2378717440]
[2378718208, 2378721536]
[2378722304, 2378725632]
[2378726400, 2378729728]
[2378730496, 2378733824]
[2378734592, 2378737920]
[2378738688, 2378742016]
[2378742784, 2378746112]
[2378746880, 2378750208]
[2378750976, 2378754304]
[2378755072, 2378758400]
[2378759168, 2378762496]
[2378763264, 2378766592]
[2378767360, 2378770688]
[2378771456, 2378774784]
[2378775552, 2378778880]
[2378779648, 2378782976]
[2378783744, 2378787072]
[2378787840, 2378791168]
[2378791936, 2378795264]
[2378796032, 2378799360]
[2378800128, 2378803456]
[2378804224, 2378807552]
[2378808320, 2378811648]
[2378812416, 2378815744]
[2378816512, 2378819840]
[2378820608, 2378823936]
[2378824704, 2378828032]
[2378828800, 2378832128]
[2378832896, 2378836224]
[2378836992, 2378840320]
[2378841088, 2378844416]
[2378845184, 2378848512]
[2378849280, 2378852608]
[2378853376, 2378856704]
[2378857472, 2378860800]
[2378861568, 2378864896]
[2378865664, 2378868992]
[2378869760, 2378873088]
[2378873856, 2378877184]
[2378877952, 2378881280]
[2378882048, 2378885376]
[2378886144, 2378889472]
[2378890240, 2378893568]
[2378894336, 2378897664]
[2378898432, 2378901760]
[2378902528, 2378905856]
[2378906624, 2378909952]
[2378910720, 2378914048]
[2378914816, 2378918144]
[2378918912, 2378922240]
[2378923008, 2378926336]
[2378927104, 2378930432]
[2378931200, 2378934528]
[2378935296, 2378938624]
[2378939392, 2378942720]
[2378943488, 2378946816]
[2378947584, 2378950912]
[2378951680, 2378955008]
[2378955776, 2378959104]
[2378959872, 2378963200]
[2378963968, 2378967296]
[2378968064, 2378971392]
[2378972160, 2378975488]
[2378976256, 2378979584]
[2378980352, 2378983680]
[2378984448, 2378987776]
[2378988544, 2378991872]
[2378992640, 2378995968]
[2378996736, 2379000064]
[2379000832, 2379004160]
[2379004928, 2379008256]
[2379009024, 2379012352]
[2379013120, 2379016448]
[2379017216, 2379020544]
[2379021312, 2379024640]
[2379025408, 2379028736]
[2379029504, 2379032832]
[2379033600, 2379036928]
[2379037696, 2379041024]
[2379041792, 2379045120]
[2379045888, 2379049216]
[2379049984, 2379053312]
[2379054080, 2379057408]
[2379058176, 2379061504]
[2379062272, 2379065600]
[2379066368, 2379069696]
[2379070464, 2379073792]
[2379074560, 2379077888]
[2379078656, 2379081984]
[2379082752, 2379086080]
[2379086848, 2379090176]
[2379090944, 2379094272]
[2379095040, 2379098368]
[2379099136, 2379102464]
[2379103232, 2379106560]
[2379107328, 2379110656]
[2379111424, 2379114752]
[2379115520, 2379118848]
[2379119616, 2379122944]
[2379123712, 2379127040]
[2379127808, 2379131136]
[2379131904, 2379135232]
[2379136000, 2379139328]
[2379140096, 2379143424]
[2379144192, 2379147520]
[2379148288, 2379151616]
[2379152384, 2379155712]
[2379156480, 2379159808]
[2379160576, 2379163904]
[2379164672, 2379168000]
[2379168768, 2379172096]
[2379172864, 2379176192]
[2379176960, 2379180288]
[2379181056, 2379184384]
[2379185152, 2379188480]
[2379189248, 2379192576]
[2379193344, 2379196672]
[2379197440, 2379200768]
[2379201536, 2379204864]
[2379205632, 2379208960]
[2379209728, 2379213056]
[2379213824, 2379217152]
[2379217920, 2379221248]
[2379222016, 2379225344]
[2379226112, 2379229440]
[2379230208, 2379233536]
[2379234304, 2379237632]
[2379238400, 2379241728]
[2379242496, 2379245824]
[2379246592, 2379249920]
[2379250688, 2379254016]
[2379254784, 2379258112]
[2379258880, 2379262208]
[2379262976, 2379266304]
[2379267072, 2379270400]
[2379271168, 2379274496]
[2379275264, 2379278592]
[2379279360, 2379282688]
[2379283456, 2379286784]
[2379287552, 2379290880]
[2379291648, 2379294976]
[2379295744, 2379299072]
[2379299840, 2379303168]
[2379303936, 2379307264]
[2379308032, 2379311360]
[2379312128, 2379315456]
[2379316224, 2379319552]
[2379320320, 2379323648]
[2379324416, 2379327744]
[2379328512, 2379331840]
[2379332608, 2379335936]
[2379336704, 2379340032]
[2379340800, 2379344128]
[2379344896, 2379348224]
[2379348992, 2379352320]
[2379353088, 2379356416]
[2379357184, 2379360512]
[2379361280, 2379364608]
[2379365376, 2379368704]
[2379369472, 2379372800]
[2379373568, 2379376896]
[2379377664, 2379380992]
[2379381760, 2379385088]
[2379385856, 2379389184]
[2379389952, 2379393280]
[2379394048, 2379397376]
[2379398144, 2379401472]
[2379402240, 2379405568]
[2379406336, 2379409664]
[2379410432, 2379413760]
[2379414528, 2379417856]
[2379418624, 2379421952]
[2379422720, 2379426048]
[2379426816, 2379430144]
[2379430912, 2379434240]
[2379435008, 2379438336]
[2379439104, 2379442432]
[2379443200, 2379446528]
[2379447296, 2379450624]
[2379451392, 2379454720]
[2379455488, 2379458816]
[2379459584, 2379462912]
[2379463680, 2379467008]
[2379467776, 2379471104]
[2379471872, 2379475200]
[2379475968, 2379479296]
[2379480064, 2379483392]
[2379484160, 2379487488]
[2379488256, 2379491584]
[2379492352, 2379495680]
[2379496448, 2379499776]
[2379500544, 2379503872]
[2379504640, 2379507968]
[2379508736, 2379512064]
[2379512832, 2379516160]
[2379516928, 2379520256]
[2379521024, 2379524352]
[2379525120, 2379528448]
[2379529216, 2379532544]
[2379533312, 2379536640]
[2379537408, 2379540736]
[2379541504, 2379544832]
[2379545600, 2379548928]
[2379549696, 2379553024]
[2379553792, 2379557120]
[2379557888, 2379561216]
[2379561984, 2379565312]
[2379566080, 2379569408]
[2379570176, 2379573504]
[2379574272, 2379577600]
[2379578368, 2379581696]
[2379582464, 2379585792]
[2379586560, 2379589888]
[2379590656, 2379593984]
[2379594752, 2379598080]
[2379598848, 2379602176]
[2379602944, 2379606272]
[2379607040, 2379610368]
[2379611136, 2379614464]
[2379615232, 2379618560]
[2379619328, 2379622656]
[2379623424, 2379626752]
[2379627520, 2379630848]
[2379631616, 2379634944]
[2379635712, 2379639040]
[2379639808, 2379643136]
[2379643904, 2379647232]
[2379648000, 2379651328]
[2379652096, 2379655424]
[2379656192, 2379659520]
[2379660288, 2379663616]
[2379664384, 2379667712]
[2379668480, 2379671808]
[2379672576, 2379675904]
[2379676672, 2379680000]
[2379680768, 2379684096]
[2379684864, 2379688192]
[2379688960, 2379692288]
[2379693056, 2379696384]
[2379697152, 2379700480]
[2379701248, 2379704576]
[2379705344, 2379708672]
[2379709440, 2379712768]
[2379713536, 2379716864]
[2379717632, 2379720960]
[2379721728, 2379725056]
[2379725824, 2379729152]
[2379729920, 2379733248]
[2379734016, 2379737344]
[2379738112, 2379741440]
[2379742208, 2379745536]
[2379746304, 2379749632]
[2379750400, 2379753728]
[2379754496, 2379757824]
[2379758592, 2379761920]
[2379762688, 2379766016]
[2379766784, 2379770112]
[2379770880, 2379774208]
[2379774976, 2379778304]
[2379779072, 2379782400]
[2379783168, 2379786496]
[2379787264, 2379790592]
[2379791360, 2379794688]
[2379795456, 2379798784]
[2379799552, 2379802880]
[2379803648, 2379806976]
[2379807744, 2379811072]
[2379811840, 2379815168]
[2379815936, 2379819264]
[2379820032, 2379823360]
[2379824128, 2379827456]
[2379828224, 2379831552]
[2379832320, 2379835648]
[2379836416, 2379839744]
[2379840512, 2379843840]
[2379844608, 2379847936]
[2379848704, 2379852032]
[2379852800, 2379856128]
[2379856896, 2379860224]
[2379860992, 2379864320]
[2379865088, 2379868416]
[2379869184, 2379872512]
[2379873280, 2379876608]
[2379877376, 2379880704]
[2379881472, 2379884800]
[2379885568, 2379888896]
[2379889664, 2379892992]
[2379893760, 2379897088]
[2379897856, 2379901184]
[2379901952, 2379905280]
[2379906048, 2379909376]
[2379910144, 2379913472]
[2379914240, 2379917568]
[2379918336, 2379921664]
[2379922432, 2379925760]
[2379926528, 2379929856]
[2379930624, 2379933952]
[2379934720, 2379938048]
[2379938816, 2379942144]
[2379942912, 2379946240]
[2379947008, 2379950336]
[2379951104, 2379954432]
[2379955200, 2379958528]
[2379959296, 2379962624]
[2379963392, 2379966720]
[2379967488, 2379970816]
[2379971584, 2379974912]
[2379975680, 2379979008]
[2379979776, 2379983104]
[2379983872, 2379987200]
[2379987968, 2379991296]
[2379992064, 2379995392]
[2379996160, 2379999488]
[2380000256, 2380003584]
[2380004352, 2380007680]
[2380008448, 2380011776]
[2380012544, 2380015872]
[2380016640, 2380019968]
[2380020736, 2380024064]
[2380024832, 2380028160]
[2380028928, 2380032256]
[2380033024, 2380036352]
[2380037120, 2380040448]
[2380041216, 2380044544]
[2380045312, 2380048640]
[2380049408, 2380052736]
[2380053504, 2380056832]
[2380057600, 2380060928]
[2380061696, 2380065024]
[2380065792, 2380069120]
[2380069888, 2380073216]
[2380073984, 2380077312]
[2380078080, 2380081408]
[2380082176, 2380085504]
[2380086272, 2380089600]
[2380090368, 2380093696]
[2380094464, 2380097792]
[2380098560, 2380101888]
[2380102656, 2380105984]
[2380106752, 2380110080]
[2380110848, 2380114176]
[2380114944, 2380118272]
[2380119040, 2380122368]
[2380123136, 2380126464]
[2380127232, 2380130560]
[2380131328, 2380134656]
[2380135424, 2380138752]
[2380139520, 2380142848]
[2380143616, 2380146944]
[2380147712, 2380151040]
[2380151808, 2380155136]
[2380155904, 2380159232]
[2380160000, 2380163328]
[2380164096, 2380167424]
[2380168192, 2380171520]
[2380172288, 2380175616]
[2380176384, 2380179712]
[2380180480, 2380183808]
[2380184576, 2380187904]
[2380188672, 2380192000]
[2380192768, 2380196096]
[2380196864, 2380200192]
[2380200960, 2380204288]
[2380205056, 2380208384]
[2380209152, 2380212480]
[2380213248, 2380216576]
[2380217344, 2380220672]
[2380221440, 2380224768]
[2380225536, 2380228864]
[2380229632, 2380232960]
[2380233728, 2380237056]
[2380237824, 2380241152]
[2380241920, 2380245248]
[2380246016, 2380249344]
[2380250112, 2380253440]
[2380254208, 2380257536]
[2380258304, 2380261632]
[2380262400, 2380265728]
[2380266496, 2382364672]
