[1828716544, 1828718848]
[1828719616, 1828722944]
[1828723712, 1828727040]
[1828727808, 1828731136]
[1828731904, 1828735232]
[1828736000, 1828739328]
[1828740096, 1828740608]
[1828740864, 1828743424]
[1828744192, 1828747520]
[1828748288, 1828751616]
[1828752384, 1828755712]
[1828756480, 1828759808]
[1828760576, 1828763904]
[1828764672, 1828768000]
[1828768768, 1828772096]
[1828772864, 1828776192]
[1828776960, 1828780288]
[1828781056, 1828784384]
[1828785152, 1828788480]
[1828789248, 1828792576]
[1828793344, 1828796672]
[1828797440, 1828800768]
[1828801536, 1828804864]
[1828805632, 1828806144]
[1828806400, 1828808960]
[1828809728, 1828813056]
[1828813824, 1828817152]
[1828817920, 1828821248]
[1828822016, 1828825344]
[1828826112, 1828829440]
[1828830208, 1828833536]
[1828834304, 1828837632]
[1828838400, 1828841728]
[1828842496, 1828845824]
[1828846592, 1828849920]
[1828850688, 1828854016]
[1828854784, 1828858112]
[1828858880, 1828862208]
[1828862976, 1828866304]
[1828867072, 1828870400]
[1828871168, 1828871680]
[1828871936, 1828874496]
[1828875264, 1828878592]
[1828879360, 1828882688]
[1828883456, 1828886784]
[1828887552, 1828890880]
[1828891648, 1828894976]
[1828895744, 1828899072]
[1828899840, 1828903168]
[1828903936, 1828907264]
[1828908032, 1828911360]
[1828912128, 1828915456]
[1828916224, 1828919552]
[1828920320, 1828923648]
[1828924416, 1828927744]
[1828928512, 1828931840]
[1828932608, 1828935936]
[1828936704, 1828937216]
[1828937472, 1828940032]
[1828940800, 1828944128]
[1828944896, 1828948224]
[1828948992, 1828952320]
[1828953088, 1828956416]
[1828957184, 1828960512]
[1828961280, 1828964608]
[1828965376, 1828968704]
[1828969472, 1828972800]
[1828973568, 1828976896]
[1828977664, 1828980992]
[1828981760, 1828985088]
[1828985856, 1828989184]
[1828989952, 1828993280]
[1828994048, 1828997376]
[1828998144, 1829001472]
[1829002240, 1829002752]
[1829003008, 1829005568]
[1829006336, 1829009664]
[1829010432, 1829013760]
[1829014528, 1829017856]
[1829018624, 1829021952]
[1829022720, 1829026048]
[1829026816, 1829030144]
[1829030912, 1829034240]
[1829035008, 1829038336]
[1829039104, 1829042432]
[1829043200, 1829046528]
[1829047296, 1829050624]
[1829051392, 1829054720]
[1829055488, 1829058816]
[1829059584, 1829062912]
[1829063680, 1829067008]
[1829067776, 1829068288]
[1829068544, 1829071104]
[1829071872, 1829075200]
[1829075968, 1829079296]
[1829080064, 1829083392]
[1829084160, 1829087488]
[1829088256, 1829091584]
[1829092352, 1829095680]
[1829096448, 1829099776]
[1829100544, 1829103872]
[1829104640, 1829107968]
[1829108736, 1829112064]
[1829112832, 1829116160]
[1829116928, 1829120256]
[1829121024, 1829124352]
[1829125120, 1829128448]
[1829129216, 1829132544]
[1829133312, 1829133824]
[1829134080, 1829136640]
[1829137408, 1829140736]
[1829141504, 1829144832]
[1829145600, 1829148928]
[1829149696, 1829153024]
[1829153792, 1829157120]
[1829157888, 1829161216]
[1829161984, 1829165312]
[1829166080, 1829169408]
[1829170176, 1829173504]
[1829174272, 1829177600]
[1829178368, 1829181696]
[1829182464, 1829185792]
[1829186560, 1829189888]
[1829190656, 1829193984]
[1829194752, 1829198080]
[1829198848, 1829199360]
[1829199616, 1829202176]
[1829202944, 1829206272]
[1829207040, 1829210368]
[1829211136, 1829214464]
[1829215232, 1829218560]
[1829219328, 1829222656]
[1829223424, 1829226752]
[1829227520, 1829230848]
[1829231616, 1829234944]
[1829235712, 1829239040]
[1829239808, 1829243136]
[1829243904, 1829247232]
[1829248000, 1829251328]
[1829252096, 1829255424]
[1829256192, 1829259520]
[1829260288, 1829263616]
[1829264384, 1829264896]
[1829265152, 1829267712]
[1829268480, 1829271808]
[1829272576, 1829275904]
[1829276672, 1829280000]
[1829280768, 1829284096]
[1829284864, 1829288192]
[1829288960, 1829292288]
[1829293056, 1829296384]
[1829297152, 1829300480]
[1829301248, 1829304576]
[1829305344, 1829308672]
[1829309440, 1829312768]
[1829313536, 1829316864]
[1829317632, 1829320960]
[1829321728, 1829325056]
[1829325824, 1829329152]
[1829329920, 1829330432]
[1829330688, 1829333248]
[1829334016, 1829337344]
[1829338112, 1829341440]
[1829342208, 1829345536]
[1829346304, 1829349632]
[1829350400, 1829353728]
[1829354496, 1829357824]
[1829358592, 1829361920]
[1829362688, 1829366016]
[1829366784, 1829370112]
[1829370880, 1829374208]
[1829374976, 1829378304]
[1829379072, 1829382400]
[1829383168, 1829386496]
[1829387264, 1829390592]
[1829391360, 1829394688]
[1829395456, 1829395968]
[1829396224, 1829398784]
[1829399552, 1829402880]
[1829403648, 1829406976]
[1829407744, 1829411072]
[1829411840, 1829415168]
[1829415936, 1829419264]
[1829420032, 1829423360]
[1829424128, 1829427456]
[1829428224, 1829431552]
[1829432320, 1829435648]
[1829436416, 1829439744]
[1829440512, 1829443840]
[1829444608, 1829447936]
[1829448704, 1829452032]
[1829452800, 1829456128]
[1829456896, 1829460224]
[1829460992, 1829461504]
[1829461760, 1829464320]
[1829465088, 1829468416]
[1829469184, 1829472512]
[1829473280, 1829476608]
[1829477376, 1829480704]
[1829481472, 1829484800]
[1829485568, 1829488896]
[1829489664, 1829492992]
[1829493760, 1829497088]
[1829497856, 1829501184]
[1829501952, 1829505280]
[1829506048, 1829509376]
[1829510144, 1829513472]
[1829514240, 1829517568]
[1829518336, 1829521664]
[1829522432, 1829525760]
[1829526528, 1829527040]
[1829527296, 1829529856]
[1829530624, 1829533952]
[1829534720, 1829538048]
[1829538816, 1829542144]
[1829542912, 1829546240]
[1829547008, 1829550336]
[1829551104, 1829554432]
[1829555200, 1829558528]
[1829559296, 1829562624]
[1829563392, 1829566720]
[1829567488, 1829570816]
[1829571584, 1829574912]
[1829575680, 1829579008]
[1829579776, 1829583104]
[1829583872, 1829587200]
[1829587968, 1829591296]
[1829592064, 1829592576]
[1829592832, 1829595392]
[1829596160, 1829599488]
[1829600256, 1829603584]
[1829604352, 1829607680]
[1829608448, 1829611776]
[1829612544, 1829615872]
[1829616640, 1829619968]
[1829620736, 1829624064]
[1829624832, 1829628160]
[1829628928, 1829632256]
[1829633024, 1829636352]
[1829637120, 1829640448]
[1829641216, 1829644544]
[1829645312, 1829648640]
[1829649408, 1829652736]
[1829653504, 1829656832]
[1829657600, 1829658112]
[1829658368, 1829660928]
[1829661696, 1829665024]
[1829665792, 1829669120]
[1829669888, 1829673216]
[1829673984, 1829677312]
[1829678080, 1829681408]
[1829682176, 1829685504]
[1829686272, 1829689600]
[1829690368, 1829693696]
[1829694464, 1829697792]
[1829698560, 1829701888]
[1829702656, 1829705984]
[1829706752, 1829710080]
[1829710848, 1829714176]
[1829714944, 1829718272]
[1829719040, 1829722368]
[1829723136, 1829723648]
[1829723904, 1829726464]
[1829727232, 1829730560]
[1829731328, 1829734656]
[1829735424, 1829738752]
[1829739520, 1829742848]
[1829743616, 1829746944]
[1829747712, 1829751040]
[1829751808, 1829755136]
[1829755904, 1829759232]
[1829760000, 1829763328]
[1829764096, 1829767424]
[1829768192, 1829771520]
[1829772288, 1829775616]
[1829776384, 1829779712]
[1829780480, 1829783808]
[1829784576, 1829787904]
[1829788672, 1829789184]
[1829789440, 1829792000]
[1829792768, 1829796096]
[1829796864, 1829800192]
[1829800960, 1829804288]
[1829805056, 1829808384]
[1829809152, 1829812480]
[1829813248, 1829816576]
[1829817344, 1829820672]
[1829821440, 1829824768]
[1829825536, 1829828864]
[1829829632, 1829832960]
[1829833728, 1829837056]
[1829837824, 1829841152]
[1829841920, 1829845248]
[1829846016, 1829849344]
[1829850112, 1829853440]
[1829854208, 1829854720]
[1829854976, 1829857536]
[1829858304, 1829861632]
[1829862400, 1829865728]
[1829866496, 1829869824]
[1829870592, 1829873920]
[1829874688, 1829878016]
[1829878784, 1829882112]
[1829882880, 1829886208]
[1829886976, 1829890304]
[1829891072, 1829894400]
[1829895168, 1829898496]
[1829899264, 1829902592]
[1829903360, 1829906688]
[1829907456, 1829910784]
[1829911552, 1829914880]
[1829915648, 1829918976]
[1829919744, 1829920256]
[1829920512, 1829923072]
[1829923840, 1829927168]
[1829927936, 1829931264]
[1829932032, 1829935360]
[1829936128, 1829939456]
[1829940224, 1829943552]
[1829944320, 1829947648]
[1829948416, 1829951744]
[1829952512, 1829955840]
[1829956608, 1829959936]
[1829960704, 1829964032]
[1829964800, 1829968128]
[1829968896, 1829972224]
[1829972992, 1829976320]
[1829977088, 1829980416]
[1829981184, 1829984512]
[1829985280, 1829985792]
[1829986048, 1829988608]
[1829989376, 1829992704]
[1829993472, 1829996800]
[1829997568, 1830000896]
[1830001664, 1830004992]
[1830005760, 1830009088]
[1830009856, 1830013184]
[1830013952, 1830017280]
[1830018048, 1830021376]
[1830022144, 1830025472]
[1830026240, 1830029568]
[1830030336, 1830033664]
[1830034432, 1830037760]
[1830038528, 1830041856]
[1830042624, 1830045952]
[1830046720, 1830050048]
[1830050816, 1830051328]
[1830051584, 1830054144]
[1830054912, 1830058240]
[1830059008, 1830062336]
[1830063104, 1830066432]
[1830067200, 1830070528]
[1830071296, 1830074624]
[1830075392, 1830078720]
[1830079488, 1830082816]
[1830083584, 1830086912]
[1830087680, 1830091008]
[1830091776, 1830095104]
[1830095872, 1830099200]
[1830099968, 1830103296]
[1830104064, 1830107392]
[1830108160, 1830111488]
[1830112256, 1830115584]
[1830116352, 1830116864]
[1830117120, 1830119680]
[1830120448, 1830123776]
[1830124544, 1830127872]
[1830128640, 1830131968]
[1830132736, 1830136064]
[1830136832, 1830140160]
[1830140928, 1830144256]
[1830145024, 1830148352]
[1830149120, 1830152448]
[1830153216, 1830156544]
[1830157312, 1830160640]
[1830161408, 1830164736]
[1830165504, 1830168832]
[1830169600, 1830172928]
[1830173696, 1830177024]
[1830177792, 1830181120]
[1830181888, 1830182400]
[1830182656, 1830185216]
[1830185984, 1830189312]
[1830190080, 1830193408]
[1830194176, 1830197504]
[1830198272, 1830201600]
[1830202368, 1830205696]
[1830206464, 1830209792]
[1830210560, 1830213888]
[1830214656, 1830217984]
[1830218752, 1830222080]
[1830222848, 1830226176]
[1830226944, 1830230272]
[1830231040, 1830234368]
[1830235136, 1830238464]
[1830239232, 1830242560]
[1830243328, 1830246656]
[1830247424, 1830247936]
[1830248192, 1830250752]
[1830251520, 1830254848]
[1830255616, 1830258944]
[1830259712, 1830263040]
[1830263808, 1830267136]
[1830267904, 1830271232]
[1830272000, 1830275328]
[1830276096, 1830279424]
[1830280192, 1830283520]
[1830284288, 1830287616]
[1830288384, 1830291712]
[1830292480, 1830295808]
[1830296576, 1830299904]
[1830300672, 1830304000]
[1830304768, 1830308096]
[1830308864, 1830312192]
[1830312960, 1830313472]
[1830313728, 1830316288]
[1830317056, 1830320384]
[1830321152, 1830324480]
[1830325248, 1830328576]
[1830329344, 1830332672]
[1830333440, 1830336768]
[1830337536, 1830340864]
[1830341632, 1830344960]
[1830345728, 1830349056]
[1830349824, 1830353152]
[1830353920, 1830357248]
[1830358016, 1830361344]
[1830362112, 1830365440]
[1830366208, 1830369536]
[1830370304, 1830373632]
[1830374400, 1830377728]
[1830378496, 1830379008]
[1830379264, 1830381824]
[1830382592, 1830385920]
[1830386688, 1830390016]
[1830390784, 1830394112]
[1830394880, 1830398208]
[1830398976, 1830402304]
[1830403072, 1830406400]
[1830407168, 1830410496]
[1830411264, 1830414592]
[1830415360, 1830418688]
[1830419456, 1830422784]
[1830423552, 1830426880]
[1830427648, 1830430976]
[1830431744, 1830435072]
[1830435840, 1830439168]
[1830439936, 1830443264]
[1830444032, 1830444544]
[1830444800, 1830447360]
[1830448128, 1830451456]
[1830452224, 1830455552]
[1830456320, 1830459648]
[1830460416, 1830463744]
[1830464512, 1830467840]
[1830468608, 1830471936]
[1830472704, 1830476032]
[1830476800, 1830480128]
[1830480896, 1830484224]
[1830484992, 1830488320]
[1830489088, 1830492416]
[1830493184, 1830496512]
[1830497280, 1830500608]
[1830501376, 1830504704]
[1830505472, 1830508800]
[1830509568, 1830510080]
[1830510336, 1830512896]
[1830513664, 1830516992]
[1830517760, 1830521088]
[1830521856, 1830525184]
[1830525952, 1830529280]
[1830530048, 1830533376]
[1830534144, 1830537472]
[1830538240, 1830541568]
[1830542336, 1830545664]
[1830546432, 1830549760]
[1830550528, 1830553856]
[1830554624, 1830557952]
[1830558720, 1830562048]
[1830562816, 1830566144]
[1830566912, 1830570240]
[1830571008, 1830574336]
[1830575104, 1830575616]
[1830575872, 1830578432]
[1830579200, 1830582528]
[1830583296, 1830586624]
[1830587392, 1830590720]
[1830591488, 1830594816]
[1830595584, 1830598912]
[1830599680, 1830603008]
[1830603776, 1830607104]
[1830607872, 1830611200]
[1830611968, 1830615296]
[1830616064, 1830619392]
[1830620160, 1830623488]
[1830624256, 1830627584]
[1830628352, 1830631680]
[1830632448, 1830635776]
[1830636544, 1830639872]
[1830640640, 1830641152]
[1830641408, 1830643968]
[1830644736, 1830648064]
[1830648832, 1830652160]
[1830652928, 1830656256]
[1830657024, 1830660352]
[1830661120, 1830664448]
[1830665216, 1830668544]
[1830669312, 1830672640]
[1830673408, 1830676736]
[1830677504, 1830680832]
[1830681600, 1830684928]
[1830685696, 1830689024]
[1830689792, 1830693120]
[1830693888, 1830697216]
[1830697984, 1830701312]
[1830702080, 1830705408]
[1830706176, 1830706688]
[1830706944, 1830709504]
[1830710272, 1830713600]
[1830714368, 1830717696]
[1830718464, 1830721792]
[1830722560, 1830725888]
[1830726656, 1830729984]
[1830730752, 1830734080]
[1830734848, 1830738176]
[1830738944, 1830742272]
[1830743040, 1830746368]
[1830747136, 1830750464]
[1830751232, 1830754560]
[1830755328, 1830758656]
[1830759424, 1830762752]
[1830763520, 1830766848]
[1830767616, 1830770944]
[1830771712, 1830775040]
[1830775808, 1830779136]
[1830779904, 1830783232]
[1830784000, 1830787328]
[1830788096, 1830791424]
[1830792192, 1830795520]
[1830796288, 1830799616]
[1830800384, 1830803712]
[1830804480, 1830807808]
[1830808576, 1830811904]
[1830812672, 1830816512]
[1830816768, 1830820608]
[1830820864, 1830824704]
[1830824960, 1830828800]
[1830829056, 1830832896]
[1830833152, 1830836992]
[1830837248, 1830837760]
[1830838016, 1830841088]
[1830841344, 1830845184]
[1830845440, 1830849280]
[1830849536, 1830853376]
[1830853632, 1830857472]
[1830857728, 1830861568]
[1830861824, 1830865664]
[1830865920, 1830869760]
[1830870016, 1830873856]
[1830874112, 1830877952]
[1830878208, 1830882048]
[1830882304, 1830886144]
[1830886400, 1830890240]
[1830890496, 1830894336]
[1830894592, 1830898432]
[1830898688, 1830902528]
[1830902784, 1830903296]
[1830903552, 1830906624]
[1830906880, 1830910720]
[1830910976, 1830914816]
[1830915072, 1830918912]
[1830919168, 1830923008]
[1830923264, 1830927104]
[1830927360, 1830931200]
[1830931456, 1830935296]
[1830935552, 1830939392]
[1830939648, 1830943488]
[1830943744, 1830947584]
[1830947840, 1830951680]
[1830951936, 1830955776]
[1830956032, 1830959872]
[1830960128, 1830963968]
[1830964224, 1830968064]
[1830968320, 1830968832]
[1830969088, 1830972160]
[1830972416, 1830976256]
[1830976512, 1830980352]
[1830980608, 1830984448]
[1830984704, 1830988544]
[1830988800, 1830992640]
[1830992896, 1830996736]
[1830996992, 1831000832]
[1831001088, 1831004928]
[1831005184, 1831009024]
[1831009280, 1831013120]
[1831013376, 1831017216]
[1831017472, 1831021312]
[1831021568, 1831025408]
[1831025664, 1831029504]
[1831029760, 1831033600]
[1831033856, 1831034368]
[1831034624, 1831037696]
[1831037952, 1831041792]
[1831042048, 1831045888]
[1831046144, 1831049984]
[1831050240, 1831054080]
[1831054336, 1831058176]
[1831058432, 1831062272]
[1831062528, 1831066368]
[1831066624, 1831070464]
[1831070720, 1831074560]
[1831074816, 1831078656]
[1831078912, 1831082752]
[1831083008, 1831086848]
[1831087104, 1831090944]
[1831091200, 1831095040]
[1831095296, 1831099136]
[1831099392, 1831099904]
[1831100160, 1831103232]
[1831103488, 1831107328]
[1831107584, 1831111424]
[1831111680, 1831115520]
[1831115776, 1831119616]
[1831119872, 1831123712]
[1831123968, 1831127808]
[1831128064, 1831131904]
[1831132160, 1831136000]
[1831136256, 1831140096]
[1831140352, 1831144192]
[1831144448, 1831148288]
[1831148544, 1831152384]
[1831152640, 1831156480]
[1831156736, 1831160576]
[1831160832, 1831164672]
[1831164928, 1831165440]
[1831165696, 1831168768]
[1831169024, 1831172864]
[1831173120, 1831176960]
[1831177216, 1831181056]
[1831181312, 1831185152]
[1831185408, 1831189248]
[1831189504, 1831193344]
[1831193600, 1831197440]
[1831197696, 1831201536]
[1831201792, 1831205632]
[1831205888, 1831209728]
[1831209984, 1831213824]
[1831214080, 1831217920]
[1831218176, 1831222016]
[1831222272, 1831226112]
[1831226368, 1831230208]
[1831230464, 1831230976]
[1831231232, 1831234304]
[1831234560, 1831238400]
[1831238656, 1831242496]
[1831242752, 1831246592]
[1831246848, 1831250688]
[1831250944, 1831254784]
[1831255040, 1831258880]
[1831259136, 1831262976]
[1831263232, 1831267072]
[1831267328, 1831271168]
[1831271424, 1831275264]
[1831275520, 1831279360]
[1831279616, 1831283456]
[1831283712, 1831287552]
[1831287808, 1831291648]
[1831291904, 1831295744]
[1831296000, 1831296512]
[1831296768, 1831299840]
[1831300096, 1831303936]
[1831304192, 1831308032]
[1831308288, 1831312128]
[1831312384, 1831316224]
[1831316480, 1831320320]
[1831320576, 1831324416]
[1831324672, 1831328512]
[1831328768, 1831332608]
[1831332864, 1831336704]
[1831336960, 1831340800]
[1831341056, 1831344896]
[1831345152, 1831348992]
[1831349248, 1831353088]
[1831353344, 1831357184]
[1831357440, 1831361280]
[1831361536, 1831362048]
[1831362304, 1831365376]
[1831365632, 1831369472]
[1831369728, 1831373568]
[1831373824, 1831377664]
[1831377920, 1831381760]
[1831382016, 1831385856]
[1831386112, 1831389952]
[1831390208, 1831394048]
[1831394304, 1831398144]
[1831398400, 1831402240]
[1831402496, 1831406336]
[1831406592, 1831410432]
[1831410688, 1831414528]
[1831414784, 1831418624]
[1831418880, 1831422720]
[1831422976, 1831426816]
[1831427072, 1831427584]
[1831427840, 1831430912]
[1831431168, 1831435008]
[1831435264, 1831439104]
[1831439360, 1831443200]
[1831443456, 1831447296]
[1831447552, 1831451392]
[1831451648, 1831455488]
[1831455744, 1831459584]
[1831459840, 1831463680]
[1831463936, 1831467776]
[1831468032, 1831471872]
[1831472128, 1831475968]
[1831476224, 1831480064]
[1831480320, 1831484160]
[1831484416, 1831488256]
[1831488512, 1831492352]
[1831492608, 1831493120]
[1831493376, 1831496448]
[1831496704, 1831500544]
[1831500800, 1831504640]
[1831504896, 1831508736]
[1831508992, 1831512832]
[1831513088, 1831516928]
[1831517184, 1831521024]
[1831521280, 1831525120]
[1831525376, 1831529216]
[1831529472, 1831533312]
[1831533568, 1831537408]
[1831537664, 1831541504]
[1831541760, 1831545600]
[1831545856, 1831549696]
[1831549952, 1831553792]
[1831554048, 1831557888]
[1831558144, 1831558656]
[1831558912, 1831561984]
[1831562240, 1831566080]
[1831566336, 1831570176]
[1831570432, 1831574272]
[1831574528, 1831578368]
[1831578624, 1831582464]
[1831582720, 1831586560]
[1831586816, 1831590656]
[1831590912, 1831594752]
[1831595008, 1831598848]
[1831599104, 1831602944]
[1831603200, 1831607040]
[1831607296, 1831611136]
[1831611392, 1831615232]
[1831615488, 1831619328]
[1831619584, 1831623424]
[1831623680, 1831624192]
[1831624448, 1831627520]
[1831627776, 1831631616]
[1831631872, 1831635712]
[1831635968, 1831639808]
[1831640064, 1831643904]
[1831644160, 1831648000]
[1831648256, 1831652096]
[1831652352, 1831656192]
[1831656448, 1831660288]
[1831660544, 1831664384]
[1831664640, 1831668480]
[1831668736, 1831672576]
[1831672832, 1831676672]
[1831676928, 1831680768]
[1831681024, 1831684864]
[1831685120, 1831688960]
[1831689216, 1831689728]
[1831689984, 1831693056]
[1831693312, 1831697152]
[1831697408, 1831701248]
[1831701504, 1831705344]
[1831705600, 1831709440]
[1831709696, 1831713536]
[1831713792, 1831717632]
[1831717888, 1831721728]
[1831721984, 1831725824]
[1831726080, 1831729920]
[1831730176, 1831734016]
[1831734272, 1831738112]
[1831738368, 1831742208]
[1831742464, 1831746304]
[1831746560, 1831750400]
[1831750656, 1831754496]
[1831754752, 1831755264]
[1831755520, 1831758592]
[1831758848, 1831762688]
[1831762944, 1831766784]
[1831767040, 1831770880]
[1831771136, 1831774976]
[1831775232, 1831779072]
[1831779328, 1831783168]
[1831783424, 1831787264]
[1831787520, 1831791360]
[1831791616, 1831795456]
[1831795712, 1831799552]
[1831799808, 1831803648]
[1831803904, 1831807744]
[1831808000, 1831811840]
[1831812096, 1831815936]
[1831816192, 1831820032]
[1831820288, 1831820800]
[1831821056, 1831824128]
[1831824384, 1831828224]
[1831828480, 1831832320]
[1831832576, 1831836416]
[1831836672, 1831840512]
[1831840768, 1831844608]
[1831844864, 1831848704]
[1831848960, 1831852800]
[1831853056, 1831856896]
[1831857152, 1831860992]
[1831861248, 1831865088]
[1831865344, 1831869184]
[1831869440, 1831873280]
[1831873536, 1831877376]
[1831877632, 1831881472]
[1831881728, 1831885568]
[1831885824, 1831886336]
[1831886592, 1831889664]
[1831889920, 1831893760]
[1831894016, 1831897856]
[1831898112, 1831901952]
[1831902208, 1831906048]
[1831906304, 1831910144]
[1831910400, 1831914240]
[1831914496, 1831918336]
[1831918592, 1831922432]
[1831922688, 1831926528]
[1831926784, 1831930624]
[1831930880, 1831934720]
[1831934976, 1831938816]
[1831939072, 1831942912]
[1831943168, 1831947008]
[1831947264, 1831951104]
[1831951360, 1831951872]
[1831952128, 1831955200]
[1831955456, 1831959296]
[1831959552, 1831963392]
[1831963648, 1831967488]
[1831967744, 1831971584]
[1831971840, 1831975680]
[1831975936, 1831979776]
[1831980032, 1831983872]
[1831984128, 1831987968]
[1831988224, 1831992064]
[1831992320, 1831996160]
[1831996416, 1832000256]
[1832000512, 1832004352]
[1832004608, 1832008448]
[1832008704, 1832012544]
[1832012800, 1832016640]
[1832016896, 1832017408]
[1832017664, 1832020736]
[1832020992, 1832024832]
[1832025088, 1832028928]
[1832029184, 1832033024]
[1832033280, 1832037120]
[1832037376, 1832041216]
[1832041472, 1832045312]
[1832045568, 1832049408]
[1832049664, 1832053504]
[1832053760, 1832057600]
[1832057856, 1832061696]
[1832061952, 1832065792]
[1832066048, 1832069888]
[1832070144, 1832073984]
[1832074240, 1832078080]
[1832078336, 1832082176]
[1832082432, 1832082944]
[1832083200, 1832086272]
[1832086528, 1832090368]
[1832090624, 1832094464]
[1832094720, 1832098560]
[1832098816, 1832102656]
[1832102912, 1832106752]
[1832107008, 1832110848]
[1832111104, 1832114944]
[1832115200, 1832119040]
[1832119296, 1832123136]
[1832123392, 1832127232]
[1832127488, 1832131328]
[1832131584, 1832135424]
[1832135680, 1832139520]
[1832139776, 1832143616]
[1832143872, 1832147712]
[1832147968, 1832148480]
[1832148736, 1832151808]
[1832152064, 1832155904]
[1832156160, 1832160000]
[1832160256, 1832164096]
[1832164352, 1832168192]
[1832168448, 1832172288]
[1832172544, 1832176384]
[1832176640, 1832180480]
[1832180736, 1832184576]
[1832184832, 1832188672]
[1832188928, 1832192768]
[1832193024, 1832196864]
[1832197120, 1832200960]
[1832201216, 1832205056]
[1832205312, 1832209152]
[1832209408, 1832213248]
[1832213504, 1832214016]
[1832214272, 1832217344]
[1832217600, 1832221440]
[1832221696, 1832225536]
[1832225792, 1832229632]
[1832229888, 1832233728]
[1832233984, 1832237824]
[1832238080, 1832241920]
[1832242176, 1832246016]
[1832246272, 1832250112]
[1832250368, 1832254208]
[1832254464, 1832258304]
[1832258560, 1832262400]
[1832262656, 1832266496]
[1832266752, 1832270592]
[1832270848, 1832274688]
[1832274944, 1832278784]
[1832279040, 1832279552]
[1832279808, 1832282880]
[1832283136, 1832286976]
[1832287232, 1832291072]
[1832291328, 1832295168]
[1832295424, 1832299264]
[1832299520, 1832303360]
[1832303616, 1832307456]
[1832307712, 1832311552]
[1832311808, 1832315648]
[1832315904, 1832319744]
[1832320000, 1832323840]
[1832324096, 1832327936]
[1832328192, 1832332032]
[1832332288, 1832336128]
[1832336384, 1832340224]
[1832340480, 1832344320]
[1832344576, 1832345088]
[1832345344, 1832348416]
[1832348672, 1832352512]
[1832352768, 1832356608]
[1832356864, 1832360704]
[1832360960, 1832364800]
[1832365056, 1832368896]
[1832369152, 1832372992]
[1832373248, 1832377088]
[1832377344, 1832381184]
[1832381440, 1832385280]
[1832385536, 1832389376]
[1832389632, 1832393472]
[1832393728, 1832397568]
[1832397824, 1832401664]
[1832401920, 1832405760]
[1832406016, 1832409856]
[1832410112, 1832410624]
[1832410880, 1832413952]
[1832414208, 1832418048]
[1832418304, 1832422144]
[1832422400, 1832426240]
[1832426496, 1832430336]
[1832430592, 1832434432]
[1832434688, 1832438528]
[1832438784, 1832442624]
[1832442880, 1832446720]
[1832446976, 1832450816]
[1832451072, 1832454912]
[1832455168, 1832459008]
[1832459264, 1832463104]
[1832463360, 1832467200]
[1832467456, 1832471296]
[1832471552, 1832475392]
[1832475648, 1832476160]
[1832476416, 1832479488]
[1832479744, 1832483584]
[1832483840, 1832487680]
[1832487936, 1832491776]
[1832492032, 1832495872]
[1832496128, 1832499968]
[1832500224, 1832504064]
[1832504320, 1832508160]
[1832508416, 1832512256]
[1832512512, 1832516352]
[1832516608, 1832520448]
[1832520704, 1832524544]
[1832524800, 1832528640]
[1832528896, 1832532736]
[1832532992, 1832536832]
[1832537088, 1832540928]
[1832541184, 1832541696]
[1832541952, 1832545024]
[1832545280, 1832549120]
[1832549376, 1832553216]
[1832553472, 1832557312]
[1832557568, 1832561408]
[1832561664, 1832565504]
[1832565760, 1832569600]
[1832569856, 1832573696]
[1832573952, 1832577792]
[1832578048, 1832581888]
[1832582144, 1832585984]
[1832586240, 1832590080]
[1832590336, 1832594176]
[1832594432, 1832598272]
[1832598528, 1832602368]
[1832602624, 1832606464]
[1832606720, 1832607232]
[1832607488, 1832610560]
[1832610816, 1832614656]
[1832614912, 1832618752]
[1832619008, 1832622848]
[1832623104, 1832626944]
[1832627200, 1832631040]
[1832631296, 1832635136]
[1832635392, 1832639232]
[1832639488, 1832643328]
[1832643584, 1832647424]
[1832647680, 1832651520]
[1832651776, 1832655616]
[1832655872, 1832659712]
[1832659968, 1832663808]
[1832664064, 1832667904]
[1832668160, 1832672000]
[1832672256, 1832672768]
[1832673024, 1832676096]
[1832676352, 1832680192]
[1832680448, 1832684288]
[1832684544, 1832688384]
[1832688640, 1832692480]
[1832692736, 1832696576]
[1832696832, 1832700672]
[1832700928, 1832704768]
[1832705024, 1832708864]
[1832709120, 1832712960]
[1832713216, 1832717056]
[1832717312, 1832721152]
[1832721408, 1832725248]
[1832725504, 1832729344]
[1832729600, 1832733440]
[1832733696, 1832737536]
[1832737792, 1832738304]
[1832738560, 1832741632]
[1832741888, 1832745728]
[1832745984, 1832749824]
[1832750080, 1832753920]
[1832754176, 1832758016]
[1832758272, 1832762112]
[1832762368, 1832766208]
[1832766464, 1832770304]
[1832770560, 1832774400]
[1832774656, 1832778496]
[1832778752, 1832782592]
[1832782848, 1832786688]
[1832786944, 1832790784]
[1832791040, 1832794880]
[1832795136, 1832798976]
[1832799232, 1832803072]
[1832803328, 1832803840]
[1832804096, 1832807168]
[1832807424, 1832811264]
[1832811520, 1832815360]
[1832815616, 1832819456]
[1832819712, 1832823552]
[1832823808, 1832827648]
[1832827904, 1832831744]
[1832832000, 1832835840]
[1832836096, 1832839936]
[1832840192, 1832844032]
[1832844288, 1832848128]
[1832848384, 1832852224]
[1832852480, 1832856320]
[1832856576, 1832860416]
[1832860672, 1832864512]
[1832864768, 1832868608]
[1832868864, 1832869376]
[1832869632, 1832872704]
[1832872960, 1832876800]
[1832877056, 1832880896]
[1832881152, 1832884992]
[1832885248, 1832889088]
[1832889344, 1832893184]
[1832893440, 1832897280]
[1832897536, 1832901376]
[1832901632, 1832905472]
[1832905728, 1832909568]
[1832909824, 1832913152]
[1832913920, 1832917248]
[1832918016, 1832921344]
[1832922112, 1832925440]
[1832926208, 1832929536]
[1832930304, 1832933632]
[1832934400, 1832937728]
[1832938496, 1832941824]
[1832942592, 1832945920]
[1832946688, 1832950016]
[1832950784, 1832954112]
[1832954880, 1832958208]
[1832958976, 1832962304]
[1832963072, 1832966400]
[1832967168, 1832970496]
[1832971264, 1832974592]
[1832975360, 1832978688]
[1832979456, 1832982784]
[1832983552, 1832986880]
[1832987648, 1832990976]
[1832991744, 1832995072]
[1832995840, 1832999168]
[1832999936, 1833003264]
[1833004032, 1833007360]
[1833008128, 1833011456]
[1833012224, 1833015552]
[1833016320, 1833019648]
[1833020416, 1833023744]
[1833024512, 1833027840]
[1833028608, 1833031936]
[1833032704, 1833036032]
[1833036800, 1833040128]
[1833040896, 1833044224]
[1833044992, 1833048320]
[1833049088, 1833052416]
[1833053184, 1833056512]
[1833057280, 1833060608]
[1833061376, 1833064704]
[1833065472, 1833068800]
[1833069568, 1833072896]
[1833073664, 1833076992]
[1833077760, 1833081088]
[1833081856, 1833085184]
[1833085952, 1833089280]
[1833090048, 1833093376]
[1833094144, 1833097472]
[1833098240, 1833101568]
[1833102336, 1833105664]
[1833106432, 1833109760]
[1833110528, 1833113856]
[1833114624, 1833117952]
[1833118720, 1833122048]
[1833122816, 1833126144]
[1833126912, 1833130240]
[1833131008, 1833134336]
[1833135104, 1833138432]
[1833139200, 1833142528]
[1833143296, 1833146624]
[1833147392, 1833150720]
[1833151488, 1833154816]
[1833155584, 1833158912]
[1833159680, 1833163008]
[1833163776, 1833167104]
[1833167872, 1833171200]
[1833171968, 1833175296]
[1833176064, 1833179392]
[1833180160, 1833183488]
[1833184256, 1833187584]
[1833188352, 1833191680]
[1833192448, 1833195776]
[1833196544, 1833199872]
[1833200640, 1833203968]
[1833204736, 1833208064]
[1833208832, 1833212160]
[1833212928, 1833216256]
[1833217024, 1833220352]
[1833221120, 1833224448]
[1833225216, 1833228544]
[1833229312, 1833232640]
[1833233408, 1833236736]
[1833237504, 1833240832]
[1833241600, 1833244928]
[1833245696, 1833249024]
[1833249792, 1833253120]
[1833253888, 1833257216]
[1833257984, 1833261312]
[1833262080, 1833265408]
[1833266176, 1833269504]
[1833270272, 1833273600]
[1833274368, 1833277696]
[1833278464, 1833281792]
[1833282560, 1833285888]
[1833286656, 1833289984]
[1833290752, 1833294080]
[1833294848, 1833298176]
[1833298944, 1833302272]
[1833303040, 1833306368]
[1833307136, 1833310464]
[1833311232, 1833314560]
[1833315328, 1833318656]
[1833319424, 1833322752]
[1833323520, 1833326848]
[1833327616, 1833330944]
[1833331712, 1833335040]
[1833335808, 1833339136]
[1833339904, 1833343232]
[1833344000, 1833347328]
[1833348096, 1833351424]
[1833352192, 1833355520]
[1833356288, 1833359616]
[1833360384, 1833363712]
[1833364480, 1833367808]
[1833368576, 1833371904]
[1833372672, 1833376000]
[1833376768, 1833380096]
[1833380864, 1833384192]
[1833384960, 1833388288]
[1833389056, 1833392384]
[1833393152, 1833396480]
[1833397248, 1833400576]
[1833401344, 1833404672]
[1833405440, 1833408768]
[1833409536, 1833412864]
[1833413632, 1833416960]
[1833417728, 1833421056]
[1833421824, 1833425152]
[1833425920, 1833429248]
[1833430016, 1833433344]
[1833434112, 1833437440]
[1833438208, 1833441536]
[1833442304, 1833445632]
[1833446400, 1833449728]
[1833450496, 1833453824]
[1833454592, 1833457920]
[1833458688, 1833462016]
[1833462784, 1833466112]
[1833466880, 1833470208]
[1833470976, 1833474304]
[1833475072, 1833478400]
[1833479168, 1833482496]
[1833483264, 1833486592]
[1833487360, 1833490688]
[1833491456, 1833494784]
[1833495552, 1833498880]
[1833499648, 1833502976]
[1833503744, 1833507072]
[1833507840, 1833511168]
[1833511936, 1833515264]
[1833516032, 1833519360]
[1833520128, 1833523456]
[1833524224, 1833527552]
[1833528320, 1833531648]
[1833532416, 1833535744]
[1833536512, 1833539840]
[1833540608, 1833543936]
[1833544704, 1833548032]
[1833548800, 1833552128]
[1833552896, 1833556224]
[1833556992, 1833560320]
[1833561088, 1833564416]
[1833565184, 1833568512]
[1833569280, 1833572608]
[1833573376, 1833576704]
[1833577472, 1833580800]
[1833581568, 1833584896]
[1833585664, 1833588992]
[1833589760, 1833593088]
[1833593856, 1833597184]
[1833597952, 1833601280]
[1833602048, 1833605376]
[1833606144, 1833609472]
[1833610240, 1833613568]
[1833614336, 1833617664]
[1833618432, 1833621760]
[1833622528, 1833625856]
[1833626624, 1833629952]
[1833630720, 1833634048]
[1833634816, 1833638144]
[1833638912, 1833642240]
[1833643008, 1833646336]
[1833647104, 1833650432]
[1833651200, 1833654528]
[1833655296, 1833658624]
[1833659392, 1833662720]
[1833663488, 1833666816]
[1833667584, 1833670912]
[1833671680, 1833675008]
[1833675776, 1833679104]
[1833679872, 1833683200]
[1833683968, 1833687296]
[1833688064, 1833691392]
[1833692160, 1833695488]
[1833696256, 1833699584]
[1833700352, 1833703680]
[1833704448, 1833707776]
[1833708544, 1833711872]
[1833712640, 1833715968]
[1833716736, 1833720064]
[1833720832, 1833724160]
[1833724928, 1833728256]
[1833729024, 1833732352]
[1833733120, 1833736448]
[1833737216, 1833740544]
[1833741312, 1833744640]
[1833745408, 1833748736]
[1833749504, 1833752832]
[1833753600, 1833756928]
[1833757696, 1833761024]
[1833761792, 1833765120]
[1833765888, 1833769216]
[1833769984, 1833773312]
[1833774080, 1833777408]
[1833778176, 1833781504]
[1833782272, 1833785600]
[1833786368, 1833789696]
[1833790464, 1833793792]
[1833794560, 1833797888]
[1833798656, 1833801984]
[1833802752, 1833806080]
[1833806848, 1833810176]
[1833810944, 1833814272]
[1833815040, 1833818368]
[1833819136, 1833822464]
[1833823232, 1833826560]
[1833827328, 1833830656]
[1833831424, 1833834752]
[1833835520, 1833838848]
[1833839616, 1833842944]
[1833843712, 1833847040]
[1833847808, 1833851136]
[1833851904, 1833855232]
[1833856000, 1833859328]
[1833860096, 1833863424]
[1833864192, 1833867520]
[1833868288, 1833871616]
[1833872384, 1833875712]
[1833876480, 1833879808]
[1833880576, 1833883904]
[1833884672, 1833888000]
[1833888768, 1833892096]
[1833892864, 1833896192]
[1833896960, 1833900288]
[1833901056, 1833904384]
[1833905152, 1833908480]
[1833909248, 1833912576]
[1833913344, 1833916672]
[1833917440, 1833920768]
[1833921536, 1833924864]
[1833925632, 1833928960]
[1833929728, 1833933056]
[1833933824, 1833937152]
[1833937920, 1833941248]
[1833942016, 1833945344]
[1833946112, 1833949440]
[1833950208, 1833953536]
[1833954304, 1833957632]
[1833958400, 1833961728]
[1833962496, 1833965824]
[1833966592, 1833969920]
[1833970688, 1833974016]
[1833974784, 1833978112]
[1833978880, 1833982208]
[1833982976, 1833986304]
[1833987072, 1833990400]
[1833991168, 1833994496]
[1833995264, 1833998592]
[1833999360, 1834002688]
[1834003456, 1834006784]
[1834007552, 1834010880]
[1834011648, 1834014976]
[1834015744, 1834019072]
[1834019840, 1834023168]
[1834023936, 1834027264]
[1834028032, 1834031360]
[1834032128, 1834035456]
[1834036224, 1834039552]
[1834040320, 1834043648]
[1834044416, 1834047744]
[1834048512, 1834051840]
[1834052608, 1834055936]
[1834056704, 1834060032]
[1834060800, 1834064128]
[1834064896, 1834068224]
[1834068992, 1834072320]
[1834073088, 1834076416]
[1834077184, 1834080512]
[1834081280, 1834084608]
[1834085376, 1834088704]
[1834089472, 1834092800]
[1834093568, 1834096896]
[1834097664, 1834100992]
[1834101760, 1834105088]
[1834105856, 1834109184]
[1834109952, 1834113280]
[1834114048, 1834117376]
[1834118144, 1834121472]
[1834122240, 1834125568]
[1834126336, 1834129664]
[1834130432, 1834133760]
[1834134528, 1834137856]
[1834138624, 1834141952]
[1834142720, 1834146048]
[1834146816, 1834150144]
[1834150912, 1834154240]
[1834155008, 1834158336]
[1834159104, 1834162432]
[1834163200, 1834166528]
[1834167296, 1834170624]
[1834171392, 1834174720]
[1834175488, 1834178816]
[1834179584, 1834182912]
[1834183680, 1834187008]
[1834187776, 1834191104]
[1834191872, 1834195200]
[1834195968, 1834199296]
[1834200064, 1834203392]
[1834204160, 1834207488]
[1834208256, 1834211584]
[1834212352, 1834215680]
[1834216448, 1834219776]
[1834220544, 1834223872]
[1834224640, 1834227968]
[1834228736, 1834232064]
[1834232832, 1834236160]
[1834236928, 1834240256]
[1834241024, 1834244352]
[1834245120, 1834248448]
[1834249216, 1834252544]
[1834253312, 1834256640]
[1834257408, 1834260736]
[1834261504, 1834264832]
[1834265600, 1834268928]
[1834269696, 1834273024]
[1834273792, 1834277120]
[1834277888, 1834281216]
[1834281984, 1834285312]
[1834286080, 1834289408]
[1834290176, 1834293504]
[1834294272, 1834297600]
[1834298368, 1834301696]
[1834302464, 1834305792]
[1834306560, 1834309888]
[1834310656, 1834313984]
[1834314752, 1834318080]
[1834318848, 1834322176]
[1834322944, 1834326272]
[1834327040, 1834330368]
[1834331136, 1834334464]
[1834335232, 1834338560]
[1834339328, 1834342656]
[1834343424, 1834346752]
[1834347520, 1834350848]
[1834351616, 1834354944]
[1834355712, 1834359040]
[1834359808, 1834363136]
[1834363904, 1834367232]
[1834368000, 1834371328]
[1834372096, 1834375424]
[1834376192, 1834379520]
[1834380288, 1834383616]
[1834384384, 1834387712]
[1834388480, 1834391808]
[1834392576, 1834395904]
[1834396672, 1834400000]
[1834400768, 1834404096]
[1834404864, 1834408192]
[1834408960, 1834412288]
[1834413056, 1834416384]
[1834417152, 1834420480]
[1834421248, 1834424576]
[1834425344, 1834428672]
[1834429440, 1834432768]
[1834433536, 1834436864]
[1834437632, 1834440960]
[1834441728, 1834445056]
[1834445824, 1834449152]
[1834449920, 1834453248]
[1834454016, 1834457344]
[1834458112, 1834461440]
[1834462208, 1834465536]
[1834466304, 1834469632]
[1834470400, 1834473728]
[1834474496, 1834477824]
[1834478592, 1834481920]
[1834482688, 1834486016]
[1834486784, 1834490112]
[1834490880, 1834494208]
[1834494976, 1834498304]
[1834499072, 1834502400]
[1834503168, 1834506496]
[1834507264, 1834510592]
[1834511360, 1834514688]
[1834515456, 1834518784]
[1834519552, 1834522880]
[1834523648, 1834526976]
[1834527744, 1834531072]
[1834531840, 1834535168]
[1834535936, 1834539264]
[1834540032, 1834543360]
[1834544128, 1834547456]
[1834548224, 1834551552]
[1834552320, 1834555648]
[1834556416, 1834559744]
[1834560512, 1834563840]
[1834564608, 1834567936]
[1834568704, 1834572032]
[1834572800, 1834576128]
[1834576896, 1834580224]
[1834580992, 1834584320]
[1834585088, 1834588416]
[1834589184, 1834592512]
[1834593280, 1834596608]
[1834597376, 1834600704]
[1834601472, 1834604800]
[1834605568, 1834608896]
[1834609664, 1834612992]
[1834613760, 1834617088]
[1834617856, 1834621184]
[1834621952, 1834625280]
[1834626048, 1834629376]
[1834630144, 1834633472]
[1834634240, 1834637568]
[1834638336, 1834641664]
[1834642432, 1834645760]
[1834646528, 1834649856]
[1834650624, 1834653952]
[1834654720, 1834658048]
[1834658816, 1834662144]
[1834662912, 1834666240]
[1834667008, 1834670336]
[1834671104, 1834674432]
[1834675200, 1834678528]
[1834679296, 1834682624]
[1834683392, 1834686720]
[1834687488, 1834690816]
[1834691584, 1834694912]
[1834695680, 1834699008]
[1834699776, 1834703104]
[1834703872, 1834707200]
[1834707968, 1834711296]
[1834712064, 1834715392]
[1834716160, 1834719488]
[1834720256, 1834723584]
[1834724352, 1834727680]
[1834728448, 1834731776]
[1834732544, 1834735872]
[1834736640, 1834739968]
[1834740736, 1834744064]
[1834744832, 1834748160]
[1834748928, 1834752256]
[1834753024, 1834756352]
[1834757120, 1834760448]
[1834761216, 1834764544]
[1834765312, 1834768640]
[1834769408, 1834772736]
[1834773504, 1834776832]
[1834777600, 1834780928]
[1834781696, 1834785024]
[1834785792, 1834789120]
[1834789888, 1834793216]
[1834793984, 1834797312]
[1834798080, 1834801408]
[1834802176, 1834805504]
[1834806272, 1834809600]
[1834810368, 1834813696]
[1834814464, 1834817792]
[1834818560, 1834821888]
[1834822656, 1834825984]
[1834826752, 1834830080]
[1834830848, 1834834176]
[1834834944, 1834838272]
[1834839040, 1834842368]
[1834843136, 1834846464]
[1834847232, 1834850560]
[1834851328, 1834854656]
[1834855424, 1834858752]
[1834859520, 1834862848]
[1834863616, 1834866944]
[1834867712, 1834871040]
[1834871808, 1834875136]
[1834875904, 1834879232]
[1834880000, 1834883328]
[1834884096, 1834887424]
[1834888192, 1834891520]
[1834892288, 1834895616]
[1834896384, 1834899712]
[1834900480, 1834903808]
[1834904576, 1834907904]
[1834908672, 1834912000]
[1834912768, 1834916096]
[1834916864, 1834920192]
[1834920960, 1834924288]
[1834925056, 1834928384]
[1834929152, 1834932480]
[1834933248, 1834936576]
[1834937344, 1834940672]
[1834941440, 1834944768]
[1834945536, 1834948864]
[1834949632, 1834952960]
[1834953728, 1834957056]
[1834957824, 1834961152]
[1834961920, 1834965248]
[1834966016, 1834969344]
[1834970112, 1834973440]
[1834974208, 1834977536]
[1834978304, 1834981632]
[1834982400, 1834985728]
[1834986496, 1834989824]
[1834990592, 1834993920]
[1834994688, 1834998016]
[1834998784, 1835002112]
[1835002880, 1835006208]
[1835006976, 1835010816]
[1835011072, 1835014912]
[1835015168, 1835019008]
[1835019264, 1835023104]
[1835023360, 1835027200]
[1835027456, 1835031296]
[1835031552, 1835035392]
[1835035648, 1835039488]
[1835039744, 1835043584]
[1835043840, 1835047680]
[1835047936, 1835051776]
[1835052032, 1835055872]
[1835056128, 1835059968]
[1835060224, 1835064064]
[1835064320, 1835068160]
[1835068416, 1835072256]
[1835072512, 1835076352]
[1835076608, 1835080448]
[1835080704, 1835084544]
[1835084800, 1835088640]
[1835088896, 1835092736]
[1835092992, 1835096832]
[1835097088, 1835100928]
[1835101184, 1835105024]
[1835105280, 1835109120]
[1835109376, 1835113216]
[1835113472, 1835117312]
[1835117568, 1835121408]
[1835121664, 1835125504]
[1835125760, 1835129600]
[1835129856, 1835133696]
[1835133952, 1835137792]
[1835138048, 1835141888]
[1835142144, 1835145984]
[1835146240, 1835150080]
[1835150336, 1835154176]
[1835154432, 1835158272]
[1835158528, 1835162368]
[1835162624, 1835166464]
[1835166720, 1835170560]
[1835170816, 1835174656]
[1835174912, 1835178752]
[1835179008, 1835182848]
[1835183104, 1835186944]
[1835187200, 1835191040]
[1835191296, 1835195136]
[1835195392, 1835199232]
[1835199488, 1835203328]
[1835203584, 1835207424]
[1835207680, 1835211520]
[1835211776, 1835215616]
[1835215872, 1835219712]
[1835219968, 1835223808]
[1835224064, 1835227904]
[1835228160, 1835232000]
[1835232256, 1835236096]
[1835236352, 1835240192]
[1835240448, 1835244288]
[1835244544, 1835248384]
[1835248640, 1835252480]
[1835252736, 1835256576]
[1835256832, 1835260672]
[1835260928, 1835264768]
[1835265024, 1835268864]
[1835269120, 1835272960]
[1835273216, 1835277056]
[1835277312, 1835281152]
[1835281408, 1835285248]
[1835285504, 1835289344]
[1835289600, 1835293440]
[1835293696, 1835297536]
[1835297792, 1835301632]
[1835301888, 1835305728]
[1835305984, 1835309824]
[1835310080, 1835313920]
[1835314176, 1835318016]
[1835318272, 1835322112]
[1835322368, 1835326208]
[1835326464, 1835330304]
[1835330560, 1835334400]
[1835334656, 1835338496]
[1835338752, 1835342592]
[1835342848, 1835346688]
[1835346944, 1835350784]
[1835351040, 1835354880]
[1835355136, 1835358976]
[1835359232, 1835363072]
[1835363328, 1835367168]
[1835367424, 1835371264]
[1835371520, 1835375360]
[1835375616, 1835379456]
[1835379712, 1835383552]
[1835383808, 1835387648]
[1835387904, 1835391744]
[1835392000, 1835395840]
[1835396096, 1835399936]
[1835400192, 1835404032]
[1835404288, 1835408128]
[1835408384, 1835412224]
[1835412480, 1835416320]
[1835416576, 1835420416]
[1835420672, 1835424512]
[1835424768, 1835428608]
[1835428864, 1835432704]
[1835432960, 1835436800]
[1835437056, 1835440896]
[1835441152, 1835444992]
[1835445248, 1835449088]
[1835449344, 1835453184]
[1835453440, 1835457280]
[1835457536, 1835461376]
[1835461632, 1835465472]
[1835465728, 1835469568]
[1835469824, 1835473664]
[1835473920, 1835477760]
[1835478016, 1835481856]
[1835482112, 1835485952]
[1835486208, 1835490048]
[1835490304, 1835494144]
[1835494400, 1835498240]
[1835498496, 1835502336]
[1835502592, 1835506432]
[1835506688, 1835510528]
[1835510784, 1835514624]
[1835514880, 1835518720]
[1835518976, 1835522816]
[1835523072, 1835526912]
[1835527168, 1835531008]
[1835531264, 1835535104]
[1835535360, 1835539200]
[1835539456, 1835543296]
[1835543552, 1835547392]
[1835547648, 1835551488]
[1835551744, 1835555584]
[1835555840, 1835559680]
[1835559936, 1835563776]
[1835564032, 1835567872]
[1835568128, 1835571968]
[1835572224, 1835576064]
[1835576320, 1835580160]
[1835580416, 1835584256]
[1835584512, 1835588352]
[1835588608, 1835592448]
[1835592704, 1835596544]
[1835596800, 1835600640]
[1835600896, 1835604736]
[1835604992, 1835608832]
[1835609088, 1835612928]
[1835613184, 1835617024]
[1835617280, 1835621120]
[1835621376, 1835625216]
[1835625472, 1835629312]
[1835629568, 1835633408]
[1835633664, 1835637504]
[1835637760, 1835641600]
[1835641856, 1835645696]
[1835645952, 1835649792]
[1835650048, 1835653888]
[1835654144, 1835657984]
[1835658240, 1835662080]
[1835662336, 1835666176]
[1835666432, 1835670272]
[1835670528, 1835674368]
[1835674624, 1835678464]
[1835678720, 1835682560]
[1835682816, 1835686656]
[1835686912, 1835690752]
[1835691008, 1835694848]
[1835695104, 1835698944]
[1835699200, 1835703040]
[1835703296, 1835707136]
[1835707392, 1835711232]
[1835711488, 1835715328]
[1835715584, 1835719424]
[1835719680, 1835723520]
[1835723776, 1835727616]
[1835727872, 1835731712]
[1835731968, 1835735808]
[1835736064, 1835739904]
[1835740160, 1835744000]
[1835744256, 1835748096]
[1835748352, 1835752192]
[1835752448, 1835756288]
[1835756544, 1835760384]
[1835760640, 1835764480]
[1835764736, 1835768576]
[1835768832, 1835772672]
[1835772928, 1835776768]
[1835777024, 1835780864]
[1835781120, 1835784960]
[1835785216, 1835789056]
[1835789312, 1835793152]
[1835793408, 1835797248]
[1835797504, 1835801344]
[1835801600, 1835805440]
[1835805696, 1835809536]
[1835809792, 1835813632]
[1835813888, 1835817728]
[1835817984, 1835821824]
[1835822080, 1835825920]
[1835826176, 1835830016]
[1835830272, 1835834112]
[1835834368, 1835838208]
[1835838464, 1835842304]
[1835842560, 1835846400]
[1835846656, 1835850496]
[1835850752, 1835854592]
[1835854848, 1835858688]
[1835858944, 1835862784]
[1835863040, 1835866880]
[1835867136, 1835870976]
[1835871232, 1835875072]
[1835875328, 1835879168]
[1835879424, 1835883264]
[1835883520, 1835887360]
[1835887616, 1835891456]
[1835891712, 1835895552]
[1835895808, 1835899648]
[1835899904, 1835903744]
[1835904000, 1835907840]
[1835908096, 1835911936]
[1835912192, 1835916032]
[1835916288, 1835920128]
[1835920384, 1835924224]
[1835924480, 1835928320]
[1835928576, 1835932416]
[1835932672, 1835936512]
[1835936768, 1835940608]
[1835940864, 1835944704]
[1835944960, 1835948800]
[1835949056, 1835952896]
[1835953152, 1835956992]
[1835957248, 1835961088]
[1835961344, 1835965184]
[1835965440, 1835969280]
[1835969536, 1835973376]
[1835973632, 1835977472]
[1835977728, 1835981568]
[1835981824, 1835985664]
[1835985920, 1835989760]
[1835990016, 1835993856]
[1835994112, 1835997952]
[1835998208, 1836002048]
[1836002304, 1836006144]
[1836006400, 1836010240]
[1836010496, 1836014336]
[1836014592, 1836018432]
[1836018688, 1836022528]
[1836022784, 1836026624]
[1836026880, 1836030720]
[1836030976, 1836034816]
[1836035072, 1836038912]
[1836039168, 1836043008]
[1836043264, 1836047104]
[1836047360, 1836051200]
[1836051456, 1836055296]
[1836055552, 1836059392]
[1836059648, 1836063488]
[1836063744, 1836067584]
[1836067840, 1836071680]
[1836071936, 1836075776]
[1836076032, 1836079872]
[1836080128, 1836083968]
[1836084224, 1836088064]
[1836088320, 1836092160]
[1836092416, 1836096256]
[1836096512, 1836100352]
[1836100608, 1836104448]
[1836104704, 1836108544]
[1836108800, 1836112640]
[1836112896, 1836116736]
[1836116992, 1836120832]
[1836121088, 1836124928]
[1836125184, 1836129024]
[1836129280, 1836133120]
[1836133376, 1836137216]
[1836137472, 1836141312]
[1836141568, 1836145408]
[1836145664, 1836149504]
[1836149760, 1836153600]
[1836153856, 1836157696]
[1836157952, 1836161792]
[1836162048, 1836165888]
[1836166144, 1836169984]
[1836170240, 1836174080]
[1836174336, 1836178176]
[1836178432, 1836182272]
[1836182528, 1836186368]
[1836186624, 1836190464]
[1836190720, 1836194560]
[1836194816, 1836198656]
[1836198912, 1836202752]
[1836203008, 1836206848]
[1836207104, 1836210944]
[1836211200, 1836215040]
[1836215296, 1836219136]
[1836219392, 1836223232]
[1836223488, 1836227328]
[1836227584, 1836231424]
[1836231680, 1836235520]
[1836235776, 1836239616]
[1836239872, 1836243712]
[1836243968, 1836247808]
[1836248064, 1836251904]
[1836252160, 1836256000]
[1836256256, 1836260096]
[1836260352, 1836264192]
[1836264448, 1836268288]
[1836268544, 1836272384]
[1836272640, 1836276480]
[1836276736, 1836280576]
[1836280832, 1836284672]
[1836284928, 1836288768]
[1836289024, 1836292864]
[1836293120, 1836296960]
[1836297216, 1836301056]
[1836301312, 1836305152]
[1836305408, 1836309248]
[1836309504, 1836313344]
[1836313600, 1836317440]
[1836317696, 1836321536]
[1836321792, 1836325632]
[1836325888, 1836329728]
[1836329984, 1836333824]
[1836334080, 1836337920]
[1836338176, 1836342016]
[1836342272, 1836346112]
[1836346368, 1836350208]
[1836350464, 1836354304]
[1836354560, 1836358400]
[1836358656, 1836362496]
[1836362752, 1836366592]
[1836366848, 1836370688]
[1836370944, 1836374784]
[1836375040, 1836378880]
[1836379136, 1836382976]
[1836383232, 1836387072]
[1836387328, 1836391168]
[1836391424, 1836395264]
[1836395520, 1836399360]
[1836399616, 1836403456]
[1836403712, 1836407552]
[1836407808, 1836411648]
[1836411904, 1836415744]
[1836416000, 1836419840]
[1836420096, 1836423936]
[1836424192, 1836428032]
[1836428288, 1836432128]
[1836432384, 1836436224]
[1836436480, 1836440320]
[1836440576, 1836444416]
[1836444672, 1836448512]
[1836448768, 1836452608]
[1836452864, 1836456704]
[1836456960, 1836460800]
[1836461056, 1836464896]
[1836465152, 1836468992]
[1836469248, 1836473088]
[1836473344, 1836477184]
[1836477440, 1836481280]
[1836481536, 1836485376]
[1836485632, 1836489472]
[1836489728, 1836493568]
[1836493824, 1836497664]
[1836497920, 1836501760]
[1836502016, 1836505856]
[1836506112, 1836509952]
[1836510208, 1836514048]
[1836514304, 1836518144]
[1836518400, 1836522240]
[1836522496, 1836526336]
[1836526592, 1836530432]
[1836530688, 1836534528]
[1836534784, 1836538624]
[1836538880, 1836542720]
[1836542976, 1836546816]
[1836547072, 1836550912]
[1836551168, 1836555008]
[1836555264, 1836559104]
[1836559360, 1836563200]
[1836563456, 1836567296]
[1836567552, 1836571392]
[1836571648, 1836575488]
[1836575744, 1836579584]
[1836579840, 1836583680]
[1836583936, 1836587776]
[1836588032, 1836591872]
[1836592128, 1836595968]
[1836596224, 1836600064]
[1836600320, 1836604160]
[1836604416, 1836608256]
[1836608512, 1836612352]
[1836612608, 1836616448]
[1836616704, 1836620544]
[1836620800, 1836624640]
[1836624896, 1836628736]
[1836628992, 1836632832]
[1836633088, 1836636928]
[1836637184, 1836641024]
[1836641280, 1836645120]
[1836645376, 1836649216]
[1836649472, 1836653312]
[1836653568, 1836657408]
[1836657664, 1836661504]
[1836661760, 1836665600]
[1836665856, 1836669696]
[1836669952, 1836673792]
[1836674048, 1836677888]
[1836678144, 1836681984]
[1836682240, 1836686080]
[1836686336, 1836690176]
[1836690432, 1836694272]
[1836694528, 1836698368]
[1836698624, 1836702464]
[1836702720, 1836706560]
[1836706816, 1836710656]
[1836710912, 1836714752]
[1836715008, 1836718848]
[1836719104, 1836722944]
[1836723200, 1836727040]
[1836727296, 1836731136]
[1836731392, 1836735232]
[1836735488, 1836739328]
[1836739584, 1836743424]
[1836743680, 1836747520]
[1836747776, 1836751616]
[1836751872, 1836755712]
[1836755968, 1836759808]
[1836760064, 1836763904]
[1836764160, 1836768000]
[1836768256, 1836772096]
[1836772352, 1836776192]
[1836776448, 1836780288]
[1836780544, 1836784384]
[1836784640, 1836788480]
[1836788736, 1836792576]
[1836792832, 1836796672]
[1836796928, 1836800768]
[1836801024, 1836804864]
[1836805120, 1836808960]
[1836809216, 1836813056]
[1836813312, 1836817152]
[1836817408, 1836821248]
[1836821504, 1836825344]
[1836825600, 1836829440]
[1836829696, 1836833536]
[1836833792, 1836837632]
[1836837888, 1836841728]
[1836841984, 1836845824]
[1836846080, 1836849920]
[1836850176, 1836854016]
[1836854272, 1836858112]
[1836858368, 1836862208]
[1836862464, 1836866304]
[1836866560, 1836870400]
[1836870656, 1836874496]
[1836874752, 1836878592]
[1836878848, 1836882688]
[1836882944, 1836886784]
[1836887040, 1836890880]
[1836891136, 1836894976]
[1836895232, 1836899072]
[1836899328, 1836903168]
[1836903424, 1836907264]
[1836907520, 1836911360]
[1836911616, 1836915456]
[1836915712, 1836919552]
[1836919808, 1836923648]
[1836923904, 1836927744]
[1836928000, 1836931840]
[1836932096, 1836935936]
[1836936192, 1836940032]
[1836940288, 1836944128]
[1836944384, 1836948224]
[1836948480, 1836952320]
[1836952576, 1836956416]
[1836956672, 1836960512]
[1836960768, 1836964608]
[1836964864, 1836968704]
[1836968960, 1836972800]
[1836973056, 1836976896]
[1836977152, 1836980992]
[1836981248, 1836985088]
[1836985344, 1836989184]
[1836989440, 1836993280]
[1836993536, 1836997376]
[1836997632, 1837001472]
[1837001728, 1837005568]
[1837005824, 1837009664]
[1837009920, 1837013760]
[1837014016, 1837017856]
[1837018112, 1837021952]
[1837022208, 1837026048]
[1837026304, 1837030144]
[1837030400, 1837034240]
[1837034496, 1837038336]
[1837038592, 1837042432]
[1837042688, 1837046528]
[1837046784, 1837050624]
[1837050880, 1837054720]
[1837054976, 1837058816]
[1837059072, 1837062912]
[1837063168, 1837067008]
[1837067264, 1837071104]
[1837071360, 1837075200]
[1837075456, 1837079296]
[1837079552, 1837083392]
[1837083648, 1837087488]
[1837087744, 1837091584]
[1837091840, 1837095680]
[1837095936, 1837099776]
[1837100032, 1837103872]
[1837104128, 1837107456]
[1837108224, 1837111552]
[1837112320, 1837115648]
[1837116416, 1837119744]
[1837120512, 1837123840]
[1837124608, 1837127936]
[1837128704, 1837129216]
[1837129472, 1837132032]
[1837132800, 1837136128]
[1837136896, 1837140224]
[1837140992, 1837144320]
[1837145088, 1837148416]
[1837149184, 1837152512]
[1837153280, 1837156608]
[1837157376, 1837160704]
[1837161472, 1837164800]
[1837165568, 1837168896]
[1837169664, 1837172992]
[1837173760, 1837177088]
[1837177856, 1837181184]
[1837181952, 1837185280]
[1837186048, 1837189376]
[1837190144, 1837193472]
[1837194240, 1837194752]
[1837195008, 1837197568]
[1837198336, 1837201664]
[1837202432, 1837205760]
[1837206528, 1837209856]
[1837210624, 1837213952]
[1837214720, 1837218048]
[1837218816, 1837222144]
[1837222912, 1837226240]
[1837227008, 1837230336]
[1837231104, 1837234432]
[1837235200, 1837238528]
[1837239296, 1837242624]
[1837243392, 1837246720]
[1837247488, 1837250816]
[1837251584, 1837254912]
[1837255680, 1837259008]
[1837259776, 1837260288]
[1837260544, 1837263104]
[1837263872, 1837267200]
[1837267968, 1837271296]
[1837272064, 1837275392]
[1837276160, 1837279488]
[1837280256, 1837283584]
[1837284352, 1837287680]
[1837288448, 1837291776]
[1837292544, 1837295872]
[1837296640, 1837299968]
[1837300736, 1837304064]
[1837304832, 1837308160]
[1837308928, 1837312256]
[1837313024, 1837316352]
[1837317120, 1837320448]
[1837321216, 1837324544]
[1837325312, 1837325824]
[1837326080, 1837328640]
[1837329408, 1837332736]
[1837333504, 1837336832]
[1837337600, 1837340928]
[1837341696, 1837345024]
[1837345792, 1837349120]
[1837349888, 1837353216]
[1837353984, 1837357312]
[1837358080, 1837361408]
[1837362176, 1837365504]
[1837366272, 1837369600]
[1837370368, 1837373696]
[1837374464, 1837377792]
[1837378560, 1837381888]
[1837382656, 1837385984]
[1837386752, 1837390080]
[1837390848, 1837391360]
[1837391616, 1837394176]
[1837394944, 1837398272]
[1837399040, 1837402368]
[1837403136, 1837406464]
[1837407232, 1837410560]
[1837411328, 1837414656]
[1837415424, 1837418752]
[1837419520, 1837422848]
[1837423616, 1837426944]
[1837427712, 1837431040]
[1837431808, 1837435136]
[1837435904, 1837439232]
[1837440000, 1837443328]
[1837444096, 1837447424]
[1837448192, 1837451520]
[1837452288, 1837455616]
[1837456384, 1837456896]
[1837457152, 1837459712]
[1837460480, 1837463808]
[1837464576, 1837467904]
[1837468672, 1837472000]
[1837472768, 1837476096]
[1837476864, 1837480192]
[1837480960, 1837484288]
[1837485056, 1837488384]
[1837489152, 1837492480]
[1837493248, 1837496576]
[1837497344, 1837500672]
[1837501440, 1837504768]
[1837505536, 1837508864]
[1837509632, 1837512960]
[1837513728, 1837517056]
[1837517824, 1837521152]
[1837521920, 1837522432]
[1837522688, 1837525248]
[1837526016, 1837529344]
[1837530112, 1837533440]
[1837534208, 1837537536]
[1837538304, 1837541632]
[1837542400, 1837545728]
[1837546496, 1837549824]
[1837550592, 1837553920]
[1837554688, 1837558016]
[1837558784, 1837562112]
[1837562880, 1837566208]
[1837566976, 1837570304]
[1837571072, 1837574400]
[1837575168, 1837578496]
[1837579264, 1837582592]
[1837583360, 1837586688]
[1837587456, 1837587968]
[1837588224, 1837590784]
[1837591552, 1837594880]
[1837595648, 1837598976]
[1837599744, 1837603072]
[1837603840, 1837607168]
[1837607936, 1837611264]
[1837612032, 1837615360]
[1837616128, 1837619456]
[1837620224, 1837623552]
[1837624320, 1837627648]
[1837628416, 1837631744]
[1837632512, 1837635840]
[1837636608, 1837639936]
[1837640704, 1837644032]
[1837644800, 1837648128]
[1837648896, 1837652224]
[1837652992, 1837653504]
[1837653760, 1837656320]
[1837657088, 1837660416]
[1837661184, 1837664512]
[1837665280, 1837668608]
[1837669376, 1837672704]
[1837673472, 1837676800]
[1837677568, 1837680896]
[1837681664, 1837684992]
[1837685760, 1837689088]
[1837689856, 1837693184]
[1837693952, 1837697280]
[1837698048, 1837701376]
[1837702144, 1837705472]
[1837706240, 1837709568]
[1837710336, 1837713664]
[1837714432, 1837717760]
[1837718528, 1837719040]
[1837719296, 1837721856]
[1837722624, 1837725952]
[1837726720, 1837730048]
[1837730816, 1837734144]
[1837734912, 1837738240]
[1837739008, 1837742336]
[1837743104, 1837746432]
[1837747200, 1837750528]
[1837751296, 1837754624]
[1837755392, 1837758720]
[1837759488, 1837762816]
[1837763584, 1837766912]
[1837767680, 1837771008]
[1837771776, 1837775104]
[1837775872, 1837779200]
[1837779968, 1837783296]
[1837784064, 1837784576]
[1837784832, 1837787392]
[1837788160, 1837791488]
[1837792256, 1837795584]
[1837796352, 1837799680]
[1837800448, 1837803776]
[1837804544, 1837807872]
[1837808640, 1837811968]
[1837812736, 1837816064]
[1837816832, 1837820160]
[1837820928, 1837824256]
[1837825024, 1837828352]
[1837829120, 1837832448]
[1837833216, 1837836544]
[1837837312, 1837840640]
[1837841408, 1837844736]
[1837845504, 1837848832]
[1837849600, 1837850112]
[1837850368, 1837852928]
[1837853696, 1837857024]
[1837857792, 1837861120]
[1837861888, 1837865216]
[1837865984, 1837869312]
[1837870080, 1837873408]
[1837874176, 1837877504]
[1837878272, 1837881600]
[1837882368, 1837885696]
[1837886464, 1837889792]
[1837890560, 1837893888]
[1837894656, 1837897984]
[1837898752, 1837902080]
[1837902848, 1837906176]
[1837906944, 1837910272]
[1837911040, 1837914368]
[1837915136, 1837915648]
[1837915904, 1837918464]
[1837919232, 1837922560]
[1837923328, 1837926656]
[1837927424, 1837930752]
[1837931520, 1837934848]
[1837935616, 1837938944]
[1837939712, 1837943040]
[1837943808, 1837947136]
[1837947904, 1837951232]
[1837952000, 1837955328]
[1837956096, 1837959424]
[1837960192, 1837963520]
[1837964288, 1837967616]
[1837968384, 1837971712]
[1837972480, 1837975808]
[1837976576, 1837979904]
[1837980672, 1837981184]
[1837981440, 1837984000]
[1837984768, 1837988096]
[1837988864, 1837992192]
[1837992960, 1837996288]
[1837997056, 1838000384]
[1838001152, 1838004480]
[1838005248, 1838008576]
[1838009344, 1838012672]
[1838013440, 1838016768]
[1838017536, 1838020864]
[1838021632, 1838024960]
[1838025728, 1838029056]
[1838029824, 1838033152]
[1838033920, 1838037248]
[1838038016, 1838041344]
[1838042112, 1838045440]
[1838046208, 1838046720]
[1838046976, 1838049536]
[1838050304, 1838053632]
[1838054400, 1838057728]
[1838058496, 1838061824]
[1838062592, 1838065920]
[1838066688, 1838070016]
[1838070784, 1838074112]
[1838074880, 1838078208]
[1838078976, 1838082304]
[1838083072, 1838086400]
[1838087168, 1838090496]
[1838091264, 1838094592]
[1838095360, 1838098688]
[1838099456, 1838102784]
[1838103552, 1838106880]
[1838107648, 1838110976]
[1838111744, 1838112256]
[1838112512, 1838115072]
[1838115840, 1838119168]
[1838119936, 1838123264]
[1838124032, 1838127360]
[1838128128, 1838131456]
[1838132224, 1838135552]
[1838136320, 1838139648]
[1838140416, 1838143744]
[1838144512, 1838147840]
[1838148608, 1838151936]
[1838152704, 1838156032]
[1838156800, 1838160128]
[1838160896, 1838164224]
[1838164992, 1838168320]
[1838169088, 1838172416]
[1838173184, 1838176512]
[1838177280, 1838177792]
[1838178048, 1838180608]
[1838181376, 1838184704]
[1838185472, 1838188800]
[1838189568, 1838192896]
[1838193664, 1838196992]
[1838197760, 1838201088]
[1838201856, 1838205184]
[1838205952, 1838209280]
[1838210048, 1838213376]
[1838214144, 1838217472]
[1838218240, 1838221568]
[1838222336, 1838225664]
[1838226432, 1838229760]
[1838230528, 1838233856]
[1838234624, 1838237952]
[1838238720, 1838242048]
[1838242816, 1838243328]
[1838243584, 1838246144]
[1838246912, 1838250240]
[1838251008, 1838254336]
[1838255104, 1838258432]
[1838259200, 1838262528]
[1838263296, 1838266624]
[1838267392, 1838270720]
[1838271488, 1838274816]
[1838275584, 1838278912]
[1838279680, 1838283008]
[1838283776, 1838287104]
[1838287872, 1838291200]
[1838291968, 1838295296]
[1838296064, 1838299392]
[1838300160, 1838303488]
[1838304256, 1838307584]
[1838308352, 1838308864]
[1838309120, 1838311680]
[1838312448, 1838315776]
[1838316544, 1838319872]
[1838320640, 1838323968]
[1838324736, 1838328064]
[1838328832, 1838332160]
[1838332928, 1838336256]
[1838337024, 1838340352]
[1838341120, 1838344448]
[1838345216, 1838348544]
[1838349312, 1838352640]
[1838353408, 1838356736]
[1838357504, 1838360832]
[1838361600, 1838364928]
[1838365696, 1838369024]
[1838369792, 1838373120]
[1838373888, 1838374400]
[1838374656, 1838377216]
[1838377984, 1838381312]
[1838382080, 1838385408]
[1838386176, 1838389504]
[1838390272, 1838393600]
[1838394368, 1838397696]
[1838398464, 1838401792]
[1838402560, 1838405888]
[1838406656, 1838409984]
[1838410752, 1838414080]
[1838414848, 1838418176]
[1838418944, 1838422272]
[1838423040, 1838426368]
[1838427136, 1838430464]
[1838431232, 1838434560]
[1838435328, 1838438656]
[1838439424, 1838439936]
[1838440192, 1838442752]
[1838443520, 1838446848]
[1838447616, 1838450944]
[1838451712, 1838455040]
[1838455808, 1838459136]
[1838459904, 1838463232]
[1838464000, 1838467328]
[1838468096, 1838471424]
[1838472192, 1838475520]
[1838476288, 1838479616]
[1838480384, 1838483712]
[1838484480, 1838487808]
[1838488576, 1838491904]
[1838492672, 1838496000]
[1838496768, 1838500096]
[1838500864, 1838504192]
[1838504960, 1838505472]
[1838505728, 1838508288]
[1838509056, 1838512384]
[1838513152, 1838516480]
[1838517248, 1838520576]
[1838521344, 1838524672]
[1838525440, 1838528768]
[1838529536, 1838532864]
[1838533632, 1838536960]
[1838537728, 1838541056]
[1838541824, 1838545152]
[1838545920, 1838549248]
[1838550016, 1838553344]
[1838554112, 1838557440]
[1838558208, 1838561536]
[1838562304, 1838565632]
[1838566400, 1838569728]
[1838570496, 1838571008]
[1838571264, 1838573824]
[1838574592, 1838577920]
[1838578688, 1838582016]
[1838582784, 1838586112]
[1838586880, 1838590208]
[1838590976, 1838594304]
[1838595072, 1838598400]
[1838599168, 1838602496]
[1838603264, 1838606592]
[1838607360, 1838610688]
[1838611456, 1838614784]
[1838615552, 1838618880]
[1838619648, 1838622976]
[1838623744, 1838627072]
[1838627840, 1838631168]
[1838631936, 1838635264]
[1838636032, 1838636544]
[1838636800, 1838639360]
[1838640128, 1838643456]
[1838644224, 1838647552]
[1838648320, 1838651648]
[1838652416, 1838655744]
[1838656512, 1838659840]
[1838660608, 1838663936]
[1838664704, 1838668032]
[1838668800, 1838672128]
[1838672896, 1838676224]
[1838676992, 1838680320]
[1838681088, 1838684416]
[1838685184, 1838688512]
[1838689280, 1838692608]
[1838693376, 1838696704]
[1838697472, 1838700800]
[1838701568, 1838702080]
[1838702336, 1838704896]
[1838705664, 1838708992]
[1838709760, 1838713088]
[1838713856, 1838717184]
[1838717952, 1838721280]
[1838722048, 1838725376]
[1838726144, 1838729472]
[1838730240, 1838733568]
[1838734336, 1838737664]
[1838738432, 1838741760]
[1838742528, 1838745856]
[1838746624, 1838749952]
[1838750720, 1838754048]
[1838754816, 1838758144]
[1838758912, 1838762240]
[1838763008, 1838766336]
[1838767104, 1838767616]
[1838767872, 1838770432]
[1838771200, 1838774528]
[1838775296, 1838778624]
[1838779392, 1838782720]
[1838783488, 1838786816]
[1838787584, 1838790912]
[1838791680, 1838795008]
[1838795776, 1838799104]
[1838799872, 1838803200]
[1838803968, 1838807296]
[1838808064, 1838811392]
[1838812160, 1838815488]
[1838816256, 1838819584]
[1838820352, 1838823680]
[1838824448, 1838827776]
[1838828544, 1838831872]
[1838832640, 1838833152]
[1838833408, 1838835968]
[1838836736, 1838840064]
[1838840832, 1838844160]
[1838844928, 1838848256]
[1838849024, 1838852352]
[1838853120, 1838856448]
[1838857216, 1838860544]
[1838861312, 1838864640]
[1838865408, 1838868736]
[1838869504, 1838872832]
[1838873600, 1838876928]
[1838877696, 1838881024]
[1838881792, 1838885120]
[1838885888, 1838889216]
[1838889984, 1838893312]
[1838894080, 1838897408]
[1838898176, 1838898688]
[1838898944, 1838901504]
[1838902272, 1838905600]
[1838906368, 1838909696]
[1838910464, 1838913792]
[1838914560, 1838917888]
[1838918656, 1838921984]
[1838922752, 1838926080]
[1838926848, 1838930176]
[1838930944, 1838934272]
[1838935040, 1838938368]
[1838939136, 1838942464]
[1838943232, 1838946560]
[1838947328, 1838950656]
[1838951424, 1838954752]
[1838955520, 1838958848]
[1838959616, 1838962944]
[1838963712, 1838964224]
[1838964480, 1838967040]
[1838967808, 1838971136]
[1838971904, 1838975232]
[1838976000, 1838979328]
[1838980096, 1838983424]
[1838984192, 1838987520]
[1838988288, 1838991616]
[1838992384, 1838995712]
[1838996480, 1838999808]
[1839000576, 1839003904]
[1839004672, 1839008000]
[1839008768, 1839012096]
[1839012864, 1839016192]
[1839016960, 1839020288]
[1839021056, 1839024384]
[1839025152, 1839028480]
[1839029248, 1839029760]
[1839030016, 1839032576]
[1839033344, 1839036672]
[1839037440, 1839040768]
[1839041536, 1839044864]
[1839045632, 1839048960]
[1839049728, 1839053056]
[1839053824, 1839057152]
[1839057920, 1839061248]
[1839062016, 1839065344]
[1839066112, 1839069440]
[1839070208, 1839073536]
[1839074304, 1839077632]
[1839078400, 1839081728]
[1839082496, 1839085824]
[1839086592, 1839089920]
[1839090688, 1839094016]
[1839094784, 1839095296]
[1839095552, 1839098112]
[1839098880, 1839102208]
[1839102976, 1839106304]
[1839107072, 1839110400]
[1839111168, 1839114496]
[1839115264, 1839118592]
[1839119360, 1839122688]
[1839123456, 1839126784]
[1839127552, 1839130880]
[1839131648, 1839134976]
[1839135744, 1839139072]
[1839139840, 1839143168]
[1839143936, 1839147264]
[1839148032, 1839151360]
[1839152128, 1839155456]
[1839156224, 1839159552]
[1839160320, 1839163648]
[1839164416, 1839167744]
[1839168512, 1839171840]
[1839172608, 1839175936]
[1839176704, 1839180032]
[1839180800, 1839184128]
[1839184896, 1839188224]
[1839188992, 1839192320]
[1839193088, 1839196416]
[1839197184, 1839200512]
[1839201280, 1839226368]
[1839226624, 1839291904]
[1839292160, 1839357440]
[1839357696, 1839422976]
[1839423232, 1839488512]
[1839488768, 1839554048]
[1839554304, 1839619584]
[1839619840, 1839685120]
[1839685376, 1839750656]
[1839750912, 1839816192]
[1839816448, 1839881728]
[1839881984, 1839947264]
[1839947520, 1840012800]
[1840013056, 1840078336]
[1840078592, 1840143872]
[1840144128, 1840209408]
[1840209664, 1840274944]
[1840275200, 1840340480]
[1840340736, 1840406016]
[1840406272, 1840471552]
[1840471808, 1840537088]
[1840537344, 1840602624]
[1840602880, 1840668160]
[1840668416, 1840733696]
[1840733952, 1840799232]
[1840799488, 1840864768]
[1840865024, 1840930304]
[1840930560, 1840995840]
[1840996096, 1841061376]
[1841061632, 1841126912]
[1841127168, 1841192448]
[1841192704, 1841257984]
[1841258240, 1841301760]
[1841302528, 1841305856]
[1841306624, 1841309952]
[1841310720, 1841314048]
[1841314816, 1841318144]
[1841318912, 1841322240]
[1841323008, 1841326336]
[1841327104, 1841330432]
[1841331200, 1841334528]
[1841335296, 1841338624]
[1841339392, 1841342720]
[1841343488, 1841346816]
[1841347584, 1841350912]
[1841351680, 1841355008]
[1841355776, 1841359104]
[1841359872, 1841363200]
[1841363968, 1841367296]
[1841368064, 1841371392]
[1841372160, 1841375488]
[1841376256, 1841379584]
[1841380352, 1841383680]
[1841384448, 1841387776]
[1841388544, 1841391872]
[1841392640, 1841395968]
[1841396736, 1841400064]
[1841400832, 1841404160]
[1841404928, 1841408256]
[1841409024, 1841412352]
[1841413120, 1841416448]
[1841417216, 1841420544]
[1841421312, 1841424640]
[1841425408, 1841428736]
[1841429504, 1841432832]
[1841433600, 1841436928]
[1841437696, 1841441024]
[1841441792, 1841445120]
[1841445888, 1841449216]
[1841449984, 1841453312]
[1841454080, 1841457408]
[1841458176, 1841461504]
[1841462272, 1841465600]
[1841466368, 1841469696]
[1841470464, 1841473792]
[1841474560, 1841477888]
[1841478656, 1841481984]
[1841482752, 1841486080]
[1841486848, 1841490176]
[1841490944, 1841494272]
[1841495040, 1841498368]
[1841499136, 1841502464]
[1841503232, 1841506560]
[1841507328, 1841510656]
[1841511424, 1841514752]
[1841515520, 1841518848]
[1841519616, 1841522944]
[1841523712, 1841527040]
[1841527808, 1841531136]
[1841531904, 1841535232]
[1841536000, 1841539328]
[1841540096, 1841543424]
[1841544192, 1841547520]
[1841548288, 1841551616]
[1841552384, 1841555712]
[1841556480, 1841559808]
[1841560576, 1841563904]
[1841564672, 1841568000]
[1841568768, 1841572096]
[1841572864, 1841576192]
[1841576960, 1841580288]
[1841581056, 1841584384]
[1841585152, 1841588480]
[1841589248, 1841592576]
[1841593344, 1841596672]
[1841597440, 1841600768]
[1841601536, 1841604864]
[1841605632, 1841608960]
[1841609728, 1841613056]
[1841613824, 1841617152]
[1841617920, 1841621248]
[1841622016, 1841625344]
[1841626112, 1841629440]
[1841630208, 1841633536]
[1841634304, 1841637632]
[1841638400, 1841641728]
[1841642496, 1841645824]
[1841646592, 1841649920]
[1841650688, 1841654016]
[1841654784, 1841658112]
[1841658880, 1841662208]
[1841662976, 1841666304]
[1841667072, 1841670400]
[1841671168, 1841674496]
[1841675264, 1841678592]
[1841679360, 1841682688]
[1841683456, 1841686784]
[1841687552, 1841690880]
[1841691648, 1841694976]
[1841695744, 1841699072]
[1841699840, 1841703168]
[1841703936, 1841707264]
[1841708032, 1841711360]
[1841712128, 1841715456]
[1841716224, 1841719552]
[1841720320, 1841723648]
[1841724416, 1841727744]
[1841728512, 1841731840]
[1841732608, 1841735936]
[1841736704, 1841740032]
[1841740800, 1841744128]
[1841744896, 1841748224]
[1841748992, 1841752320]
[1841753088, 1841756416]
[1841757184, 1841760512]
[1841761280, 1841764608]
[1841765376, 1841768704]
[1841769472, 1841772800]
[1841773568, 1841776896]
[1841777664, 1841780992]
[1841781760, 1841785088]
[1841785856, 1841789184]
[1841789952, 1841793280]
[1841794048, 1841797376]
[1841798144, 1841801472]
[1841802240, 1841805568]
[1841806336, 1841809664]
[1841810432, 1841813760]
[1841814528, 1841817856]
[1841818624, 1841821952]
[1841822720, 1841826048]
[1841826816, 1841830144]
[1841830912, 1841834240]
[1841835008, 1841838336]
[1841839104, 1841842432]
[1841843200, 1841846528]
[1841847296, 1841850624]
[1841851392, 1841854720]
[1841855488, 1841858816]
[1841859584, 1841862912]
[1841863680, 1841867008]
[1841867776, 1841871104]
[1841871872, 1841875200]
[1841875968, 1841879296]
[1841880064, 1841883392]
[1841884160, 1841887488]
[1841888256, 1841891584]
[1841892352, 1841895680]
[1841896448, 1841899776]
[1841900544, 1841903872]
[1841904640, 1841907968]
[1841908736, 1841912064]
[1841912832, 1841916160]
[1841916928, 1841920256]
[1841921024, 1841924352]
[1841925120, 1841928448]
[1841929216, 1841932544]
[1841933312, 1841936640]
[1841937408, 1841940736]
[1841941504, 1841944832]
[1841945600, 1841948928]
[1841949696, 1841953024]
[1841953792, 1841957120]
[1841957888, 1841961216]
[1841961984, 1841965312]
[1841966080, 1841969408]
[1841970176, 1841973504]
[1841974272, 1841977600]
[1841978368, 1841981696]
[1841982464, 1841985792]
[1841986560, 1841989888]
[1841990656, 1841993984]
[1841994752, 1841998080]
[1841998848, 1842002176]
[1842002944, 1842006272]
[1842007040, 1842010368]
[1842011136, 1842014464]
[1842015232, 1842018560]
[1842019328, 1842022656]
[1842023424, 1842026752]
[1842027520, 1842030848]
[1842031616, 1842034944]
[1842035712, 1842039040]
[1842039808, 1842043136]
[1842043904, 1842047232]
[1842048000, 1842051328]
[1842052096, 1842055424]
[1842056192, 1842059520]
[1842060288, 1842063616]
[1842064384, 1842067712]
[1842068480, 1842071808]
[1842072576, 1842075904]
[1842076672, 1842080000]
[1842080768, 1842084096]
[1842084864, 1842088192]
[1842088960, 1842092288]
[1842093056, 1842096384]
[1842097152, 1842100480]
[1842101248, 1842104576]
[1842105344, 1842108672]
[1842109440, 1842112768]
[1842113536, 1842116864]
[1842117632, 1842120960]
[1842121728, 1842125056]
[1842125824, 1842129152]
[1842129920, 1842133248]
[1842134016, 1842137344]
[1842138112, 1842141440]
[1842142208, 1842145536]
[1842146304, 1842149632]
[1842150400, 1842153728]
[1842154496, 1842157824]
[1842158592, 1842161920]
[1842162688, 1842166016]
[1842166784, 1842170112]
[1842170880, 1842174208]
[1842174976, 1842178304]
[1842179072, 1842182400]
[1842183168, 1842186496]
[1842187264, 1842190592]
[1842191360, 1842194688]
[1842195456, 1842198784]
[1842199552, 1842202880]
[1842203648, 1842206976]
[1842207744, 1842211072]
[1842211840, 1842215168]
[1842215936, 1842219264]
[1842220032, 1842223360]
[1842224128, 1842227456]
[1842228224, 1842231552]
[1842232320, 1842235648]
[1842236416, 1842239744]
[1842240512, 1842243840]
[1842244608, 1842247936]
[1842248704, 1842252032]
[1842252800, 1842256128]
[1842256896, 1842260224]
[1842260992, 1842264320]
[1842265088, 1842268416]
[1842269184, 1842272512]
[1842273280, 1842276608]
[1842277376, 1842280704]
[1842281472, 1842284800]
[1842285568, 1842288896]
[1842289664, 1842292992]
[1842293760, 1842297088]
[1842297856, 1842301184]
[1842301952, 1842305280]
[1842306048, 1842309376]
[1842310144, 1842313472]
[1842314240, 1842317568]
[1842318336, 1842321664]
[1842322432, 1842325760]
[1842326528, 1842329856]
[1842330624, 1842333952]
[1842334720, 1842338048]
[1842338816, 1842342144]
[1842342912, 1842346240]
[1842347008, 1842350336]
[1842351104, 1842354432]
[1842355200, 1842358528]
[1842359296, 1842362624]
[1842363392, 1842366720]
[1842367488, 1842370816]
[1842371584, 1842374912]
[1842375680, 1842379008]
[1842379776, 1842383104]
[1842383872, 1842387200]
[1842387968, 1842391296]
[1842392064, 1842395392]
[1842396160, 1842399488]
[1842400256, 1842403584]
[1842404352, 1842407680]
[1842408448, 1842411776]
[1842412544, 1842415872]
[1842416640, 1842419968]
[1842420736, 1842424064]
[1842424832, 1842428160]
[1842428928, 1842432256]
[1842433024, 1842436352]
[1842437120, 1842440448]
[1842441216, 1842444544]
[1842445312, 1842448640]
[1842449408, 1842452736]
[1842453504, 1842456832]
[1842457600, 1842460928]
[1842461696, 1842465024]
[1842465792, 1842469120]
[1842469888, 1842473216]
[1842473984, 1842477312]
[1842478080, 1842481408]
[1842482176, 1842485504]
[1842486272, 1842489600]
[1842490368, 1842493696]
[1842494464, 1842497792]
[1842498560, 1842501888]
[1842502656, 1842505984]
[1842506752, 1842510080]
[1842510848, 1842514176]
[1842514944, 1842518272]
[1842519040, 1842522368]
[1842523136, 1842526464]
[1842527232, 1842530560]
[1842531328, 1842534656]
[1842535424, 1842538752]
[1842539520, 1842542848]
[1842543616, 1842546944]
[1842547712, 1842551040]
[1842551808, 1842555136]
[1842555904, 1842559232]
[1842560000, 1842563328]
[1842564096, 1842567424]
[1842568192, 1842571520]
[1842572288, 1842575616]
[1842576384, 1842579712]
[1842580480, 1842583808]
[1842584576, 1842587904]
[1842588672, 1842592000]
[1842592768, 1842596096]
[1842596864, 1842600192]
[1842600960, 1842604288]
[1842605056, 1842608384]
[1842609152, 1842612480]
[1842613248, 1842616576]
[1842617344, 1842620672]
[1842621440, 1842624768]
[1842625536, 1842628864]
[1842629632, 1842632960]
[1842633728, 1842637056]
[1842637824, 1842641152]
[1842641920, 1842645248]
[1842646016, 1842649344]
[1842650112, 1842653440]
[1842654208, 1842657536]
[1842658304, 1842661632]
[1842662400, 1842665728]
[1842666496, 1842669824]
[1842670592, 1842673920]
[1842674688, 1842678016]
[1842678784, 1842682112]
[1842682880, 1842686208]
[1842686976, 1842690304]
[1842691072, 1842694400]
[1842695168, 1842698496]
[1842699264, 1842702592]
[1842703360, 1842706688]
[1842707456, 1842710784]
[1842711552, 1842714880]
[1842715648, 1842718976]
[1842719744, 1842723072]
[1842723840, 1842727168]
[1842727936, 1842731264]
[1842732032, 1842735360]
[1842736128, 1842739456]
[1842740224, 1842743552]
[1842744320, 1842747648]
[1842748416, 1842751744]
[1842752512, 1842755840]
[1842756608, 1842759936]
[1842760704, 1842764032]
[1842764800, 1842768128]
[1842768896, 1842772224]
[1842772992, 1842776320]
[1842777088, 1842780416]
[1842781184, 1842784512]
[1842785280, 1842788608]
[1842789376, 1842792704]
[1842793472, 1842796800]
[1842797568, 1842800896]
[1842801664, 1842804992]
[1842805760, 1842809088]
[1842809856, 1842813184]
[1842813952, 1842817280]
[1842818048, 1842821376]
[1842822144, 1842825472]
[1842826240, 1842829568]
[1842830336, 1842833664]
[1842834432, 1842837760]
[1842838528, 1842841856]
[1842842624, 1842845952]
[1842846720, 1842850048]
[1842850816, 1842854144]
[1842854912, 1842858240]
[1842859008, 1842862336]
[1842863104, 1842866432]
[1842867200, 1842870528]
[1842871296, 1842874624]
[1842875392, 1842878720]
[1842879488, 1842882816]
[1842883584, 1842886912]
[1842887680, 1842891008]
[1842891776, 1842895104]
[1842895872, 1842899200]
[1842899968, 1842903296]
[1842904064, 1842907392]
[1842908160, 1842911488]
[1842912256, 1842915584]
[1842916352, 1842919680]
[1842920448, 1842923776]
[1842924544, 1842927872]
[1842928640, 1842931968]
[1842932736, 1842936064]
[1842936832, 1842940160]
[1842940928, 1842944256]
[1842945024, 1842948352]
[1842949120, 1842952448]
[1842953216, 1842956544]
[1842957312, 1842960640]
[1842961408, 1842964736]
[1842965504, 1842968832]
[1842969600, 1842972928]
[1842973696, 1842977024]
[1842977792, 1842981120]
[1842981888, 1842985216]
[1842985984, 1842989312]
[1842990080, 1842993408]
[1842994176, 1842997504]
[1842998272, 1843001600]
[1843002368, 1843005696]
[1843006464, 1843009792]
[1843010560, 1843013888]
[1843014656, 1843017984]
[1843018752, 1843022080]
[1843022848, 1843026176]
[1843026944, 1843030272]
[1843031040, 1843034368]
[1843035136, 1843038464]
[1843039232, 1843042560]
[1843043328, 1843046656]
[1843047424, 1843050752]
[1843051520, 1843054848]
[1843055616, 1843058944]
[1843059712, 1843063040]
[1843063808, 1843067136]
[1843067904, 1843071232]
[1843072000, 1843075328]
[1843076096, 1843079424]
[1843080192, 1843083520]
[1843084288, 1843087616]
[1843088384, 1843091712]
[1843092480, 1843095808]
[1843096576, 1843099904]
[1843100672, 1843104000]
[1843104768, 1843108096]
[1843108864, 1843112192]
[1843112960, 1843116288]
[1843117056, 1843120384]
[1843121152, 1843124480]
[1843125248, 1843128576]
[1843129344, 1843132672]
[1843133440, 1843136768]
[1843137536, 1843140864]
[1843141632, 1843144960]
[1843145728, 1843149056]
[1843149824, 1843153152]
[1843153920, 1843157248]
[1843158016, 1843161344]
[1843162112, 1843165440]
[1843166208, 1843169536]
[1843170304, 1843173632]
[1843174400, 1843177728]
[1843178496, 1843181824]
[1843182592, 1843185920]
[1843186688, 1843190016]
[1843190784, 1843194112]
[1843194880, 1843198208]
[1843198976, 1843202304]
[1843203072, 1843206400]
[1843207168, 1843210496]
[1843211264, 1843214592]
[1843215360, 1843218688]
[1843219456, 1843222784]
[1843223552, 1843226880]
[1843227648, 1843230976]
[1843231744, 1843235072]
[1843235840, 1843239168]
[1843239936, 1843243264]
[1843244032, 1843247360]
[1843248128, 1843251456]
[1843252224, 1843255552]
[1843256320, 1843259648]
[1843260416, 1843263744]
[1843264512, 1843267840]
[1843268608, 1843271936]
[1843272704, 1843276032]
[1843276800, 1843280128]
[1843280896, 1843284224]
[1843284992, 1843288320]
[1843289088, 1843292416]
[1843293184, 1843296512]
[1843297280, 1843300608]
[1843301376, 1843304704]
[1843305472, 1843308800]
[1843309568, 1843312896]
[1843313664, 1843316992]
[1843317760, 1843321088]
[1843321856, 1843325184]
[1843325952, 1843329280]
[1843330048, 1843333376]
[1843334144, 1843337472]
[1843338240, 1843341568]
[1843342336, 1843345664]
[1843346432, 1843349760]
[1843350528, 1843353856]
[1843354624, 1843357952]
[1843358720, 1843362048]
[1843362816, 1843366144]
[1843366912, 1843370240]
[1843371008, 1843374336]
[1843375104, 1843378432]
[1843379200, 1843382528]
[1843383296, 1843386624]
[1843387392, 1843390720]
[1843391488, 1843394816]
[1843395584, 1845493760]
