[2902458368, 2902460672]
[2902461440, 2902464768]
[2902465536, 2902468864]
[2902469632, 2902472960]
[2902473728, 2902477056]
[2902477824, 2902481152]
[2902481920, 2902482432]
[2902482688, 2902485248]
[2902486016, 2902489344]
[2902490112, 2902493440]
[2902494208, 2902497536]
[2902498304, 2902501632]
[2902502400, 2902505728]
[2902506496, 2902509824]
[2902510592, 2902513920]
[2902514688, 2902518016]
[2902518784, 2902522112]
[2902522880, 2902526208]
[2902526976, 2902530304]
[2902531072, 2902534400]
[2902535168, 2902538496]
[2902539264, 2902542592]
[2902543360, 2902546688]
[2902547456, 2902547968]
[2902548224, 2902550784]
[2902551552, 2902554880]
[2902555648, 2902558976]
[2902559744, 2902563072]
[2902563840, 2902567168]
[2902567936, 2902571264]
[2902572032, 2902575360]
[2902576128, 2902579456]
[2902580224, 2902583552]
[2902584320, 2902587648]
[2902588416, 2902591744]
[2902592512, 2902595840]
[2902596608, 2902599936]
[2902600704, 2902604032]
[2902604800, 2902608128]
[2902608896, 2902612224]
[2902612992, 2902613504]
[2902613760, 2902616320]
[2902617088, 2902620416]
[2902621184, 2902624512]
[2902625280, 2902628608]
[2902629376, 2902632704]
[2902633472, 2902636800]
[2902637568, 2902640896]
[2902641664, 2902644992]
[2902645760, 2902649088]
[2902649856, 2902653184]
[2902653952, 2902657280]
[2902658048, 2902661376]
[2902662144, 2902665472]
[2902666240, 2902669568]
[2902670336, 2902673664]
[2902674432, 2902677760]
[2902678528, 2902679040]
[2902679296, 2902681856]
[2902682624, 2902685952]
[2902686720, 2902690048]
[2902690816, 2902694144]
[2902694912, 2902698240]
[2902699008, 2902702336]
[2902703104, 2902706432]
[2902707200, 2902710528]
[2902711296, 2902714624]
[2902715392, 2902718720]
[2902719488, 2902722816]
[2902723584, 2902726912]
[2902727680, 2902731008]
[2902731776, 2902735104]
[2902735872, 2902739200]
[2902739968, 2902743296]
[2902744064, 2902744576]
[2902744832, 2902747392]
[2902748160, 2902751488]
[2902752256, 2902755584]
[2902756352, 2902759680]
[2902760448, 2902763776]
[2902764544, 2902767872]
[2902768640, 2902771968]
[2902772736, 2902776064]
[2902776832, 2902780160]
[2902780928, 2902784256]
[2902785024, 2902788352]
[2902789120, 2902792448]
[2902793216, 2902796544]
[2902797312, 2902800640]
[2902801408, 2902804736]
[2902805504, 2902808832]
[2902809600, 2902810112]
[2902810368, 2902812928]
[2902813696, 2902817024]
[2902817792, 2902821120]
[2902821888, 2902825216]
[2902825984, 2902829312]
[2902830080, 2902833408]
[2902834176, 2902837504]
[2902838272, 2902841600]
[2902842368, 2902845696]
[2902846464, 2902849792]
[2902850560, 2902853888]
[2902854656, 2902857984]
[2902858752, 2902862080]
[2902862848, 2902866176]
[2902866944, 2902870272]
[2902871040, 2902874368]
[2902875136, 2902875648]
[2902875904, 2902878464]
[2902879232, 2902882560]
[2902883328, 2902886656]
[2902887424, 2902890752]
[2902891520, 2902894848]
[2902895616, 2902898944]
[2902899712, 2902903040]
[2902903808, 2902907136]
[2902907904, 2902911232]
[2902912000, 2902915328]
[2902916096, 2902919424]
[2902920192, 2902923520]
[2902924288, 2902927616]
[2902928384, 2902931712]
[2902932480, 2902935808]
[2902936576, 2902939904]
[2902940672, 2902941184]
[2902941440, 2902944000]
[2902944768, 2902948096]
[2902948864, 2902952192]
[2902952960, 2902956288]
[2902957056, 2902960384]
[2902961152, 2902964480]
[2902965248, 2902968576]
[2902969344, 2902972672]
[2902973440, 2902976768]
[2902977536, 2902980864]
[2902981632, 2902984960]
[2902985728, 2902989056]
[2902989824, 2902993152]
[2902993920, 2902997248]
[2902998016, 2903001344]
[2903002112, 2903005440]
[2903006208, 2903006720]
[2903006976, 2903009536]
[2903010304, 2903013632]
[2903014400, 2903017728]
[2903018496, 2903021824]
[2903022592, 2903025920]
[2903026688, 2903030016]
[2903030784, 2903034112]
[2903034880, 2903038208]
[2903038976, 2903042304]
[2903043072, 2903046400]
[2903047168, 2903050496]
[2903051264, 2903054592]
[2903055360, 2903058688]
[2903059456, 2903062784]
[2903063552, 2903066880]
[2903067648, 2903070976]
[2903071744, 2903072256]
[2903072512, 2903075072]
[2903075840, 2903079168]
[2903079936, 2903083264]
[2903084032, 2903087360]
[2903088128, 2903091456]
[2903092224, 2903095552]
[2903096320, 2903099648]
[2903100416, 2903103744]
[2903104512, 2903107840]
[2903108608, 2903111936]
[2903112704, 2903116032]
[2903116800, 2903120128]
[2903120896, 2903124224]
[2903124992, 2903128320]
[2903129088, 2903132416]
[2903133184, 2903136512]
[2903137280, 2903137792]
[2903138048, 2903140608]
[2903141376, 2903144704]
[2903145472, 2903148800]
[2903149568, 2903152896]
[2903153664, 2903156992]
[2903157760, 2903161088]
[2903161856, 2903165184]
[2903165952, 2903169280]
[2903170048, 2903173376]
[2903174144, 2903177472]
[2903178240, 2903181568]
[2903182336, 2903185664]
[2903186432, 2903189760]
[2903190528, 2903193856]
[2903194624, 2903197952]
[2903198720, 2903202048]
[2903202816, 2903203328]
[2903203584, 2903206144]
[2903206912, 2903210240]
[2903211008, 2903214336]
[2903215104, 2903218432]
[2903219200, 2903222528]
[2903223296, 2903226624]
[2903227392, 2903230720]
[2903231488, 2903234816]
[2903235584, 2903238912]
[2903239680, 2903243008]
[2903243776, 2903247104]
[2903247872, 2903251200]
[2903251968, 2903255296]
[2903256064, 2903259392]
[2903260160, 2903263488]
[2903264256, 2903267584]
[2903268352, 2903268864]
[2903269120, 2903271680]
[2903272448, 2903275776]
[2903276544, 2903279872]
[2903280640, 2903283968]
[2903284736, 2903288064]
[2903288832, 2903292160]
[2903292928, 2903296256]
[2903297024, 2903300352]
[2903301120, 2903304448]
[2903305216, 2903308544]
[2903309312, 2903312640]
[2903313408, 2903316736]
[2903317504, 2903320832]
[2903321600, 2903324928]
[2903325696, 2903329024]
[2903329792, 2903333120]
[2903333888, 2903334400]
[2903334656, 2903337216]
[2903337984, 2903341312]
[2903342080, 2903345408]
[2903346176, 2903349504]
[2903350272, 2903353600]
[2903354368, 2903357696]
[2903358464, 2903361792]
[2903362560, 2903365888]
[2903366656, 2903369984]
[2903370752, 2903374080]
[2903374848, 2903378176]
[2903378944, 2903382272]
[2903383040, 2903386368]
[2903387136, 2903390464]
[2903391232, 2903394560]
[2903395328, 2903398656]
[2903399424, 2903399936]
[2903400192, 2903402752]
[2903403520, 2903406848]
[2903407616, 2903410944]
[2903411712, 2903415040]
[2903415808, 2903419136]
[2903419904, 2903423232]
[2903424000, 2903427328]
[2903428096, 2903431424]
[2903432192, 2903435520]
[2903436288, 2903439616]
[2903440384, 2903443712]
[2903444480, 2903447808]
[2903448576, 2903451904]
[2903452672, 2903456000]
[2903456768, 2903460096]
[2903460864, 2903464192]
[2903464960, 2903465472]
[2903465728, 2903468288]
[2903469056, 2903472384]
[2903473152, 2903476480]
[2903477248, 2903480576]
[2903481344, 2903484672]
[2903485440, 2903488768]
[2903489536, 2903492864]
[2903493632, 2903496960]
[2903497728, 2903501056]
[2903501824, 2903505152]
[2903505920, 2903509248]
[2903510016, 2903513344]
[2903514112, 2903517440]
[2903518208, 2903521536]
[2903522304, 2903525632]
[2903526400, 2903529728]
[2903530496, 2903531008]
[2903531264, 2903533824]
[2903534592, 2903537920]
[2903538688, 2903542016]
[2903542784, 2903546112]
[2903546880, 2903550208]
[2903550976, 2903554304]
[2903555072, 2903558400]
[2903559168, 2903562496]
[2903563264, 2903566592]
[2903567360, 2903570688]
[2903571456, 2903574784]
[2903575552, 2903578880]
[2903579648, 2903582976]
[2903583744, 2903587072]
[2903587840, 2903591168]
[2903591936, 2903595264]
[2903596032, 2903596544]
[2903596800, 2903599360]
[2903600128, 2903603456]
[2903604224, 2903607552]
[2903608320, 2903611648]
[2903612416, 2903615744]
[2903616512, 2903619840]
[2903620608, 2903623936]
[2903624704, 2903628032]
[2903628800, 2903632128]
[2903632896, 2903636224]
[2903636992, 2903640320]
[2903641088, 2903644416]
[2903645184, 2903648512]
[2903649280, 2903652608]
[2903653376, 2903656704]
[2903657472, 2903660800]
[2903661568, 2903662080]
[2903662336, 2903664896]
[2903665664, 2903668992]
[2903669760, 2903673088]
[2903673856, 2903677184]
[2903677952, 2903681280]
[2903682048, 2903685376]
[2903686144, 2903689472]
[2903690240, 2903693568]
[2903694336, 2903697664]
[2903698432, 2903701760]
[2903702528, 2903705856]
[2903706624, 2903709952]
[2903710720, 2903714048]
[2903714816, 2903718144]
[2903718912, 2903722240]
[2903723008, 2903726336]
[2903727104, 2903727616]
[2903727872, 2903730432]
[2903731200, 2903734528]
[2903735296, 2903738624]
[2903739392, 2903742720]
[2903743488, 2903746816]
[2903747584, 2903750912]
[2903751680, 2903755008]
[2903755776, 2903759104]
[2903759872, 2903763200]
[2903763968, 2903767296]
[2903768064, 2903771392]
[2903772160, 2903775488]
[2903776256, 2903779584]
[2903780352, 2903783680]
[2903784448, 2903787776]
[2903788544, 2903791872]
[2903792640, 2903793152]
[2903793408, 2903795968]
[2903796736, 2903800064]
[2903800832, 2903804160]
[2903804928, 2903808256]
[2903809024, 2903812352]
[2903813120, 2903816448]
[2903817216, 2903820544]
[2903821312, 2903824640]
[2903825408, 2903828736]
[2903829504, 2903832832]
[2903833600, 2903836928]
[2903837696, 2903841024]
[2903841792, 2903845120]
[2903845888, 2903849216]
[2903849984, 2903853312]
[2903854080, 2903857408]
[2903858176, 2903858688]
[2903858944, 2903861504]
[2903862272, 2903865600]
[2903866368, 2903869696]
[2903870464, 2903873792]
[2903874560, 2903877888]
[2903878656, 2903881984]
[2903882752, 2903886080]
[2903886848, 2903890176]
[2903890944, 2903894272]
[2903895040, 2903898368]
[2903899136, 2903902464]
[2903903232, 2903906560]
[2903907328, 2903910656]
[2903911424, 2903914752]
[2903915520, 2903918848]
[2903919616, 2903922944]
[2903923712, 2903924224]
[2903924480, 2903927040]
[2903927808, 2903931136]
[2903931904, 2903935232]
[2903936000, 2903939328]
[2903940096, 2903943424]
[2903944192, 2903947520]
[2903948288, 2903951616]
[2903952384, 2903955712]
[2903956480, 2903959808]
[2903960576, 2903963904]
[2903964672, 2903968000]
[2903968768, 2903972096]
[2903972864, 2903976192]
[2903976960, 2903980288]
[2903981056, 2903984384]
[2903985152, 2903988480]
[2903989248, 2903989760]
[2903990016, 2903992576]
[2903993344, 2903996672]
[2903997440, 2904000768]
[2904001536, 2904004864]
[2904005632, 2904008960]
[2904009728, 2904013056]
[2904013824, 2904017152]
[2904017920, 2904021248]
[2904022016, 2904025344]
[2904026112, 2904029440]
[2904030208, 2904033536]
[2904034304, 2904037632]
[2904038400, 2904041728]
[2904042496, 2904045824]
[2904046592, 2904049920]
[2904050688, 2904054016]
[2904054784, 2904055296]
[2904055552, 2904058112]
[2904058880, 2904062208]
[2904062976, 2904066304]
[2904067072, 2904070400]
[2904071168, 2904074496]
[2904075264, 2904078592]
[2904079360, 2904082688]
[2904083456, 2904086784]
[2904087552, 2904090880]
[2904091648, 2904094976]
[2904095744, 2904099072]
[2904099840, 2904103168]
[2904103936, 2904107264]
[2904108032, 2904111360]
[2904112128, 2904115456]
[2904116224, 2904119552]
[2904120320, 2904120832]
[2904121088, 2904123648]
[2904124416, 2904127744]
[2904128512, 2904131840]
[2904132608, 2904135936]
[2904136704, 2904140032]
[2904140800, 2904144128]
[2904144896, 2904148224]
[2904148992, 2904152320]
[2904153088, 2904156416]
[2904157184, 2904160512]
[2904161280, 2904164608]
[2904165376, 2904168704]
[2904169472, 2904172800]
[2904173568, 2904176896]
[2904177664, 2904180992]
[2904181760, 2904185088]
[2904185856, 2904186368]
[2904186624, 2904189184]
[2904189952, 2904193280]
[2904194048, 2904197376]
[2904198144, 2904201472]
[2904202240, 2904205568]
[2904206336, 2904209664]
[2904210432, 2904213760]
[2904214528, 2904217856]
[2904218624, 2904221952]
[2904222720, 2904226048]
[2904226816, 2904230144]
[2904230912, 2904234240]
[2904235008, 2904238336]
[2904239104, 2904242432]
[2904243200, 2904246528]
[2904247296, 2904250624]
[2904251392, 2904251904]
[2904252160, 2904254720]
[2904255488, 2904258816]
[2904259584, 2904262912]
[2904263680, 2904267008]
[2904267776, 2904271104]
[2904271872, 2904275200]
[2904275968, 2904279296]
[2904280064, 2904283392]
[2904284160, 2904287488]
[2904288256, 2904291584]
[2904292352, 2904295680]
[2904296448, 2904299776]
[2904300544, 2904303872]
[2904304640, 2904307968]
[2904308736, 2904312064]
[2904312832, 2904316160]
[2904316928, 2904317440]
[2904317696, 2904320256]
[2904321024, 2904324352]
[2904325120, 2904328448]
[2904329216, 2904332544]
[2904333312, 2904336640]
[2904337408, 2904340736]
[2904341504, 2904344832]
[2904345600, 2904348928]
[2904349696, 2904353024]
[2904353792, 2904357120]
[2904357888, 2904361216]
[2904361984, 2904365312]
[2904366080, 2904369408]
[2904370176, 2904373504]
[2904374272, 2904377600]
[2904378368, 2904381696]
[2904382464, 2904382976]
[2904383232, 2904385792]
[2904386560, 2904389888]
[2904390656, 2904393984]
[2904394752, 2904398080]
[2904398848, 2904402176]
[2904402944, 2904406272]
[2904407040, 2904410368]
[2904411136, 2904414464]
[2904415232, 2904418560]
[2904419328, 2904422656]
[2904423424, 2904426752]
[2904427520, 2904430848]
[2904431616, 2904434944]
[2904435712, 2904439040]
[2904439808, 2904443136]
[2904443904, 2904447232]
[2904448000, 2904448512]
[2904448768, 2904451328]
[2904452096, 2904455424]
[2904456192, 2904459520]
[2904460288, 2904463616]
[2904464384, 2904467712]
[2904468480, 2904471808]
[2904472576, 2904475904]
[2904476672, 2904480000]
[2904480768, 2904484096]
[2904484864, 2904488192]
[2904488960, 2904492288]
[2904493056, 2904496384]
[2904497152, 2904500480]
[2904501248, 2904504576]
[2904505344, 2904508672]
[2904509440, 2904512768]
[2904513536, 2904516864]
[2904517632, 2904520960]
[2904521728, 2904525056]
[2904525824, 2904529152]
[2904529920, 2904533248]
[2904534016, 2904537344]
[2904538112, 2904541440]
[2904542208, 2904545536]
[2904546304, 2904549632]
[2904550400, 2904553728]
[2904554496, 2904558336]
[2904558592, 2904562432]
[2904562688, 2904566528]
[2904566784, 2904570624]
[2904570880, 2904574720]
[2904574976, 2904578816]
[2904579072, 2904579584]
[2904579840, 2904582912]
[2904583168, 2904587008]
[2904587264, 2904591104]
[2904591360, 2904595200]
[2904595456, 2904599296]
[2904599552, 2904603392]
[2904603648, 2904607488]
[2904607744, 2904611584]
[2904611840, 2904615680]
[2904615936, 2904619776]
[2904620032, 2904623872]
[2904624128, 2904627968]
[2904628224, 2904632064]
[2904632320, 2904636160]
[2904636416, 2904640256]
[2904640512, 2904644352]
[2904644608, 2904645120]
[2904645376, 2904648448]
[2904648704, 2904652544]
[2904652800, 2904656640]
[2904656896, 2904660736]
[2904660992, 2904664832]
[2904665088, 2904668928]
[2904669184, 2904673024]
[2904673280, 2904677120]
[2904677376, 2904681216]
[2904681472, 2904685312]
[2904685568, 2904689408]
[2904689664, 2904693504]
[2904693760, 2904697600]
[2904697856, 2904701696]
[2904701952, 2904705792]
[2904706048, 2904709888]
[2904710144, 2904710656]
[2904710912, 2904713984]
[2904714240, 2904718080]
[2904718336, 2904722176]
[2904722432, 2904726272]
[2904726528, 2904730368]
[2904730624, 2904734464]
[2904734720, 2904738560]
[2904738816, 2904742656]
[2904742912, 2904746752]
[2904747008, 2904750848]
[2904751104, 2904754944]
[2904755200, 2904759040]
[2904759296, 2904763136]
[2904763392, 2904767232]
[2904767488, 2904771328]
[2904771584, 2904775424]
[2904775680, 2904776192]
[2904776448, 2904779520]
[2904779776, 2904783616]
[2904783872, 2904787712]
[2904787968, 2904791808]
[2904792064, 2904795904]
[2904796160, 2904800000]
[2904800256, 2904804096]
[2904804352, 2904808192]
[2904808448, 2904812288]
[2904812544, 2904816384]
[2904816640, 2904820480]
[2904820736, 2904824576]
[2904824832, 2904828672]
[2904828928, 2904832768]
[2904833024, 2904836864]
[2904837120, 2904840960]
[2904841216, 2904841728]
[2904841984, 2904845056]
[2904845312, 2904849152]
[2904849408, 2904853248]
[2904853504, 2904857344]
[2904857600, 2904861440]
[2904861696, 2904865536]
[2904865792, 2904869632]
[2904869888, 2904873728]
[2904873984, 2904877824]
[2904878080, 2904881920]
[2904882176, 2904886016]
[2904886272, 2904890112]
[2904890368, 2904894208]
[2904894464, 2904898304]
[2904898560, 2904902400]
[2904902656, 2904906496]
[2904906752, 2904907264]
[2904907520, 2904910592]
[2904910848, 2904914688]
[2904914944, 2904918784]
[2904919040, 2904922880]
[2904923136, 2904926976]
[2904927232, 2904931072]
[2904931328, 2904935168]
[2904935424, 2904939264]
[2904939520, 2904943360]
[2904943616, 2904947456]
[2904947712, 2904951552]
[2904951808, 2904955648]
[2904955904, 2904959744]
[2904960000, 2904963840]
[2904964096, 2904967936]
[2904968192, 2904972032]
[2904972288, 2904972800]
[2904973056, 2904976128]
[2904976384, 2904980224]
[2904980480, 2904984320]
[2904984576, 2904988416]
[2904988672, 2904992512]
[2904992768, 2904996608]
[2904996864, 2905000704]
[2905000960, 2905004800]
[2905005056, 2905008896]
[2905009152, 2905012992]
[2905013248, 2905017088]
[2905017344, 2905021184]
[2905021440, 2905025280]
[2905025536, 2905029376]
[2905029632, 2905033472]
[2905033728, 2905037568]
[2905037824, 2905038336]
[2905038592, 2905041664]
[2905041920, 2905045760]
[2905046016, 2905049856]
[2905050112, 2905053952]
[2905054208, 2905058048]
[2905058304, 2905062144]
[2905062400, 2905066240]
[2905066496, 2905070336]
[2905070592, 2905074432]
[2905074688, 2905078528]
[2905078784, 2905082624]
[2905082880, 2905086720]
[2905086976, 2905090816]
[2905091072, 2905094912]
[2905095168, 2905099008]
[2905099264, 2905103104]
[2905103360, 2905103872]
[2905104128, 2905107200]
[2905107456, 2905111296]
[2905111552, 2905115392]
[2905115648, 2905119488]
[2905119744, 2905123584]
[2905123840, 2905127680]
[2905127936, 2905131776]
[2905132032, 2905135872]
[2905136128, 2905139968]
[2905140224, 2905144064]
[2905144320, 2905148160]
[2905148416, 2905152256]
[2905152512, 2905156352]
[2905156608, 2905160448]
[2905160704, 2905164544]
[2905164800, 2905168640]
[2905168896, 2905169408]
[2905169664, 2905172736]
[2905172992, 2905176832]
[2905177088, 2905180928]
[2905181184, 2905185024]
[2905185280, 2905189120]
[2905189376, 2905193216]
[2905193472, 2905197312]
[2905197568, 2905201408]
[2905201664, 2905205504]
[2905205760, 2905209600]
[2905209856, 2905213696]
[2905213952, 2905217792]
[2905218048, 2905221888]
[2905222144, 2905225984]
[2905226240, 2905230080]
[2905230336, 2905234176]
[2905234432, 2905234944]
[2905235200, 2905238272]
[2905238528, 2905242368]
[2905242624, 2905246464]
[2905246720, 2905250560]
[2905250816, 2905254656]
[2905254912, 2905258752]
[2905259008, 2905262848]
[2905263104, 2905266944]
[2905267200, 2905271040]
[2905271296, 2905275136]
[2905275392, 2905279232]
[2905279488, 2905283328]
[2905283584, 2905287424]
[2905287680, 2905291520]
[2905291776, 2905295616]
[2905295872, 2905299712]
[2905299968, 2905300480]
[2905300736, 2905303808]
[2905304064, 2905307904]
[2905308160, 2905312000]
[2905312256, 2905316096]
[2905316352, 2905320192]
[2905320448, 2905324288]
[2905324544, 2905328384]
[2905328640, 2905332480]
[2905332736, 2905336576]
[2905336832, 2905340672]
[2905340928, 2905344768]
[2905345024, 2905348864]
[2905349120, 2905352960]
[2905353216, 2905357056]
[2905357312, 2905361152]
[2905361408, 2905365248]
[2905365504, 2905366016]
[2905366272, 2905369344]
[2905369600, 2905373440]
[2905373696, 2905377536]
[2905377792, 2905381632]
[2905381888, 2905385728]
[2905385984, 2905389824]
[2905390080, 2905393920]
[2905394176, 2905398016]
[2905398272, 2905402112]
[2905402368, 2905406208]
[2905406464, 2905410304]
[2905410560, 2905414400]
[2905414656, 2905418496]
[2905418752, 2905422592]
[2905422848, 2905426688]
[2905426944, 2905430784]
[2905431040, 2905431552]
[2905431808, 2905434880]
[2905435136, 2905438976]
[2905439232, 2905443072]
[2905443328, 2905447168]
[2905447424, 2905451264]
[2905451520, 2905455360]
[2905455616, 2905459456]
[2905459712, 2905463552]
[2905463808, 2905467648]
[2905467904, 2905471744]
[2905472000, 2905475840]
[2905476096, 2905479936]
[2905480192, 2905484032]
[2905484288, 2905488128]
[2905488384, 2905492224]
[2905492480, 2905496320]
[2905496576, 2905497088]
[2905497344, 2905500416]
[2905500672, 2905504512]
[2905504768, 2905508608]
[2905508864, 2905512704]
[2905512960, 2905516800]
[2905517056, 2905520896]
[2905521152, 2905524992]
[2905525248, 2905529088]
[2905529344, 2905533184]
[2905533440, 2905537280]
[2905537536, 2905541376]
[2905541632, 2905545472]
[2905545728, 2905549568]
[2905549824, 2905553664]
[2905553920, 2905557760]
[2905558016, 2905561856]
[2905562112, 2905562624]
[2905562880, 2905565952]
[2905566208, 2905570048]
[2905570304, 2905574144]
[2905574400, 2905578240]
[2905578496, 2905582336]
[2905582592, 2905586432]
[2905586688, 2905590528]
[2905590784, 2905594624]
[2905594880, 2905598720]
[2905598976, 2905602816]
[2905603072, 2905606912]
[2905607168, 2905611008]
[2905611264, 2905615104]
[2905615360, 2905619200]
[2905619456, 2905623296]
[2905623552, 2905627392]
[2905627648, 2905628160]
[2905628416, 2905631488]
[2905631744, 2905635584]
[2905635840, 2905639680]
[2905639936, 2905643776]
[2905644032, 2905647872]
[2905648128, 2905651968]
[2905652224, 2905656064]
[2905656320, 2905660160]
[2905660416, 2905664256]
[2905664512, 2905668352]
[2905668608, 2905672448]
[2905672704, 2905676544]
[2905676800, 2905680640]
[2905680896, 2905684736]
[2905684992, 2905688832]
[2905689088, 2905692928]
[2905693184, 2905693696]
[2905693952, 2905697024]
[2905697280, 2905701120]
[2905701376, 2905705216]
[2905705472, 2905709312]
[2905709568, 2905713408]
[2905713664, 2905717504]
[2905717760, 2905721600]
[2905721856, 2905725696]
[2905725952, 2905729792]
[2905730048, 2905733888]
[2905734144, 2905737984]
[2905738240, 2905742080]
[2905742336, 2905746176]
[2905746432, 2905750272]
[2905750528, 2905754368]
[2905754624, 2905758464]
[2905758720, 2905759232]
[2905759488, 2905762560]
[2905762816, 2905766656]
[2905766912, 2905770752]
[2905771008, 2905774848]
[2905775104, 2905778944]
[2905779200, 2905783040]
[2905783296, 2905787136]
[2905787392, 2905791232]
[2905791488, 2905795328]
[2905795584, 2905799424]
[2905799680, 2905803520]
[2905803776, 2905807616]
[2905807872, 2905811712]
[2905811968, 2905815808]
[2905816064, 2905819904]
[2905820160, 2905824000]
[2905824256, 2905824768]
[2905825024, 2905828096]
[2905828352, 2905832192]
[2905832448, 2905836288]
[2905836544, 2905840384]
[2905840640, 2905844480]
[2905844736, 2905848576]
[2905848832, 2905852672]
[2905852928, 2905856768]
[2905857024, 2905860864]
[2905861120, 2905864960]
[2905865216, 2905869056]
[2905869312, 2905873152]
[2905873408, 2905877248]
[2905877504, 2905881344]
[2905881600, 2905885440]
[2905885696, 2905889536]
[2905889792, 2905890304]
[2905890560, 2905893632]
[2905893888, 2905897728]
[2905897984, 2905901824]
[2905902080, 2905905920]
[2905906176, 2905910016]
[2905910272, 2905914112]
[2905914368, 2905918208]
[2905918464, 2905922304]
[2905922560, 2905926400]
[2905926656, 2905930496]
[2905930752, 2905934592]
[2905934848, 2905938688]
[2905938944, 2905942784]
[2905943040, 2905946880]
[2905947136, 2905950976]
[2905951232, 2905955072]
[2905955328, 2905955840]
[2905956096, 2905959168]
[2905959424, 2905963264]
[2905963520, 2905967360]
[2905967616, 2905971456]
[2905971712, 2905975552]
[2905975808, 2905979648]
[2905979904, 2905983744]
[2905984000, 2905987840]
[2905988096, 2905991936]
[2905992192, 2905996032]
[2905996288, 2906000128]
[2906000384, 2906004224]
[2906004480, 2906008320]
[2906008576, 2906012416]
[2906012672, 2906016512]
[2906016768, 2906020608]
[2906020864, 2906021376]
[2906021632, 2906024704]
[2906024960, 2906028800]
[2906029056, 2906032896]
[2906033152, 2906036992]
[2906037248, 2906041088]
[2906041344, 2906045184]
[2906045440, 2906049280]
[2906049536, 2906053376]
[2906053632, 2906057472]
[2906057728, 2906061568]
[2906061824, 2906065664]
[2906065920, 2906069760]
[2906070016, 2906073856]
[2906074112, 2906077952]
[2906078208, 2906082048]
[2906082304, 2906086144]
[2906086400, 2906086912]
[2906087168, 2906090240]
[2906090496, 2906094336]
[2906094592, 2906098432]
[2906098688, 2906102528]
[2906102784, 2906106624]
[2906106880, 2906110720]
[2906110976, 2906114816]
[2906115072, 2906118912]
[2906119168, 2906123008]
[2906123264, 2906127104]
[2906127360, 2906131200]
[2906131456, 2906135296]
[2906135552, 2906139392]
[2906139648, 2906143488]
[2906143744, 2906147584]
[2906147840, 2906151680]
[2906151936, 2906152448]
[2906152704, 2906155776]
[2906156032, 2906159872]
[2906160128, 2906163968]
[2906164224, 2906168064]
[2906168320, 2906172160]
[2906172416, 2906176256]
[2906176512, 2906180352]
[2906180608, 2906184448]
[2906184704, 2906188544]
[2906188800, 2906192640]
[2906192896, 2906196736]
[2906196992, 2906200832]
[2906201088, 2906204928]
[2906205184, 2906209024]
[2906209280, 2906213120]
[2906213376, 2906217216]
[2906217472, 2906217984]
[2906218240, 2906221312]
[2906221568, 2906225408]
[2906225664, 2906229504]
[2906229760, 2906233600]
[2906233856, 2906237696]
[2906237952, 2906241792]
[2906242048, 2906245888]
[2906246144, 2906249984]
[2906250240, 2906254080]
[2906254336, 2906258176]
[2906258432, 2906262272]
[2906262528, 2906266368]
[2906266624, 2906270464]
[2906270720, 2906274560]
[2906274816, 2906278656]
[2906278912, 2906282752]
[2906283008, 2906283520]
[2906283776, 2906286848]
[2906287104, 2906290944]
[2906291200, 2906295040]
[2906295296, 2906299136]
[2906299392, 2906303232]
[2906303488, 2906307328]
[2906307584, 2906311424]
[2906311680, 2906315520]
[2906315776, 2906319616]
[2906319872, 2906323712]
[2906323968, 2906327808]
[2906328064, 2906331904]
[2906332160, 2906336000]
[2906336256, 2906340096]
[2906340352, 2906344192]
[2906344448, 2906348288]
[2906348544, 2906349056]
[2906349312, 2906352384]
[2906352640, 2906356480]
[2906356736, 2906360576]
[2906360832, 2906364672]
[2906364928, 2906368768]
[2906369024, 2906372864]
[2906373120, 2906376960]
[2906377216, 2906381056]
[2906381312, 2906385152]
[2906385408, 2906389248]
[2906389504, 2906393344]
[2906393600, 2906397440]
[2906397696, 2906401536]
[2906401792, 2906405632]
[2906405888, 2906409728]
[2906409984, 2906413824]
[2906414080, 2906414592]
[2906414848, 2906417920]
[2906418176, 2906422016]
[2906422272, 2906426112]
[2906426368, 2906430208]
[2906430464, 2906434304]
[2906434560, 2906438400]
[2906438656, 2906442496]
[2906442752, 2906446592]
[2906446848, 2906450688]
[2906450944, 2906454784]
[2906455040, 2906458880]
[2906459136, 2906462976]
[2906463232, 2906467072]
[2906467328, 2906471168]
[2906471424, 2906475264]
[2906475520, 2906479360]
[2906479616, 2906480128]
[2906480384, 2906483456]
[2906483712, 2906487552]
[2906487808, 2906491648]
[2906491904, 2906495744]
[2906496000, 2906499840]
[2906500096, 2906503936]
[2906504192, 2906508032]
[2906508288, 2906512128]
[2906512384, 2906516224]
[2906516480, 2906520320]
[2906520576, 2906524416]
[2906524672, 2906528512]
[2906528768, 2906532608]
[2906532864, 2906536704]
[2906536960, 2906540800]
[2906541056, 2906544896]
[2906545152, 2906545664]
[2906545920, 2906548992]
[2906549248, 2906553088]
[2906553344, 2906557184]
[2906557440, 2906561280]
[2906561536, 2906565376]
[2906565632, 2906569472]
[2906569728, 2906573568]
[2906573824, 2906577664]
[2906577920, 2906581760]
[2906582016, 2906585856]
[2906586112, 2906589952]
[2906590208, 2906594048]
[2906594304, 2906598144]
[2906598400, 2906602240]
[2906602496, 2906606336]
[2906606592, 2906610432]
[2906610688, 2906611200]
[2906611456, 2906614528]
[2906614784, 2906618624]
[2906618880, 2906622720]
[2906622976, 2906626816]
[2906627072, 2906630912]
[2906631168, 2906635008]
[2906635264, 2906639104]
[2906639360, 2906643200]
[2906643456, 2906647296]
[2906647552, 2906651392]
[2906651648, 2906654976]
[2906655744, 2906659072]
[2906659840, 2906663168]
[2906663936, 2906667264]
[2906668032, 2906671360]
[2906672128, 2906675456]
[2906676224, 2906679552]
[2906680320, 2906683648]
[2906684416, 2906687744]
[2906688512, 2906691840]
[2906692608, 2906695936]
[2906696704, 2906700032]
[2906700800, 2906704128]
[2906704896, 2906708224]
[2906708992, 2906712320]
[2906713088, 2906716416]
[2906717184, 2906720512]
[2906721280, 2906724608]
[2906725376, 2906728704]
[2906729472, 2906732800]
[2906733568, 2906736896]
[2906737664, 2906740992]
[2906741760, 2906745088]
[2906745856, 2906749184]
[2906749952, 2906753280]
[2906754048, 2906757376]
[2906758144, 2906761472]
[2906762240, 2906765568]
[2906766336, 2906769664]
[2906770432, 2906773760]
[2906774528, 2906777856]
[2906778624, 2906781952]
[2906782720, 2906786048]
[2906786816, 2906790144]
[2906790912, 2906794240]
[2906795008, 2906798336]
[2906799104, 2906802432]
[2906803200, 2906806528]
[2906807296, 2906810624]
[2906811392, 2906814720]
[2906815488, 2906818816]
[2906819584, 2906822912]
[2906823680, 2906827008]
[2906827776, 2906831104]
[2906831872, 2906835200]
[2906835968, 2906839296]
[2906840064, 2906843392]
[2906844160, 2906847488]
[2906848256, 2906851584]
[2906852352, 2906855680]
[2906856448, 2906859776]
[2906860544, 2906863872]
[2906864640, 2906867968]
[2906868736, 2906872064]
[2906872832, 2906876160]
[2906876928, 2906880256]
[2906881024, 2906884352]
[2906885120, 2906888448]
[2906889216, 2906892544]
[2906893312, 2906896640]
[2906897408, 2906900736]
[2906901504, 2906904832]
[2906905600, 2906908928]
[2906909696, 2906913024]
[2906913792, 2906917120]
[2906917888, 2906921216]
[2906921984, 2906925312]
[2906926080, 2906929408]
[2906930176, 2906933504]
[2906934272, 2906937600]
[2906938368, 2906941696]
[2906942464, 2906945792]
[2906946560, 2906949888]
[2906950656, 2906953984]
[2906954752, 2906958080]
[2906958848, 2906962176]
[2906962944, 2906966272]
[2906967040, 2906970368]
[2906971136, 2906974464]
[2906975232, 2906978560]
[2906979328, 2906982656]
[2906983424, 2906986752]
[2906987520, 2906990848]
[2906991616, 2906994944]
[2906995712, 2906999040]
[2906999808, 2907003136]
[2907003904, 2907007232]
[2907008000, 2907011328]
[2907012096, 2907015424]
[2907016192, 2907019520]
[2907020288, 2907023616]
[2907024384, 2907027712]
[2907028480, 2907031808]
[2907032576, 2907035904]
[2907036672, 2907040000]
[2907040768, 2907044096]
[2907044864, 2907048192]
[2907048960, 2907052288]
[2907053056, 2907056384]
[2907057152, 2907060480]
[2907061248, 2907064576]
[2907065344, 2907068672]
[2907069440, 2907072768]
[2907073536, 2907076864]
[2907077632, 2907080960]
[2907081728, 2907085056]
[2907085824, 2907089152]
[2907089920, 2907093248]
[2907094016, 2907097344]
[2907098112, 2907101440]
[2907102208, 2907105536]
[2907106304, 2907109632]
[2907110400, 2907113728]
[2907114496, 2907117824]
[2907118592, 2907121920]
[2907122688, 2907126016]
[2907126784, 2907130112]
[2907130880, 2907134208]
[2907134976, 2907138304]
[2907139072, 2907142400]
[2907143168, 2907146496]
[2907147264, 2907150592]
[2907151360, 2907154688]
[2907155456, 2907158784]
[2907159552, 2907162880]
[2907163648, 2907166976]
[2907167744, 2907171072]
[2907171840, 2907175168]
[2907175936, 2907179264]
[2907180032, 2907183360]
[2907184128, 2907187456]
[2907188224, 2907191552]
[2907192320, 2907195648]
[2907196416, 2907199744]
[2907200512, 2907203840]
[2907204608, 2907207936]
[2907208704, 2907212032]
[2907212800, 2907216128]
[2907216896, 2907220224]
[2907220992, 2907224320]
[2907225088, 2907228416]
[2907229184, 2907232512]
[2907233280, 2907236608]
[2907237376, 2907240704]
[2907241472, 2907244800]
[2907245568, 2907248896]
[2907249664, 2907252992]
[2907253760, 2907257088]
[2907257856, 2907261184]
[2907261952, 2907265280]
[2907266048, 2907269376]
[2907270144, 2907273472]
[2907274240, 2907277568]
[2907278336, 2907281664]
[2907282432, 2907285760]
[2907286528, 2907289856]
[2907290624, 2907293952]
[2907294720, 2907298048]
[2907298816, 2907302144]
[2907302912, 2907306240]
[2907307008, 2907310336]
[2907311104, 2907314432]
[2907315200, 2907318528]
[2907319296, 2907322624]
[2907323392, 2907326720]
[2907327488, 2907330816]
[2907331584, 2907334912]
[2907335680, 2907339008]
[2907339776, 2907343104]
[2907343872, 2907347200]
[2907347968, 2907351296]
[2907352064, 2907355392]
[2907356160, 2907359488]
[2907360256, 2907363584]
[2907364352, 2907367680]
[2907368448, 2907371776]
[2907372544, 2907375872]
[2907376640, 2907379968]
[2907380736, 2907384064]
[2907384832, 2907388160]
[2907388928, 2907392256]
[2907393024, 2907396352]
[2907397120, 2907400448]
[2907401216, 2907404544]
[2907405312, 2907408640]
[2907409408, 2907412736]
[2907413504, 2907416832]
[2907417600, 2907420928]
[2907421696, 2907425024]
[2907425792, 2907429120]
[2907429888, 2907433216]
[2907433984, 2907437312]
[2907438080, 2907441408]
[2907442176, 2907445504]
[2907446272, 2907449600]
[2907450368, 2907453696]
[2907454464, 2907457792]
[2907458560, 2907461888]
[2907462656, 2907465984]
[2907466752, 2907470080]
[2907470848, 2907474176]
[2907474944, 2907478272]
[2907479040, 2907482368]
[2907483136, 2907486464]
[2907487232, 2907490560]
[2907491328, 2907494656]
[2907495424, 2907498752]
[2907499520, 2907502848]
[2907503616, 2907506944]
[2907507712, 2907511040]
[2907511808, 2907515136]
[2907515904, 2907519232]
[2907520000, 2907523328]
[2907524096, 2907527424]
[2907528192, 2907531520]
[2907532288, 2907535616]
[2907536384, 2907539712]
[2907540480, 2907543808]
[2907544576, 2907547904]
[2907548672, 2907552000]
[2907552768, 2907556096]
[2907556864, 2907560192]
[2907560960, 2907564288]
[2907565056, 2907568384]
[2907569152, 2907572480]
[2907573248, 2907576576]
[2907577344, 2907580672]
[2907581440, 2907584768]
[2907585536, 2907588864]
[2907589632, 2907592960]
[2907593728, 2907597056]
[2907597824, 2907601152]
[2907601920, 2907605248]
[2907606016, 2907609344]
[2907610112, 2907613440]
[2907614208, 2907617536]
[2907618304, 2907621632]
[2907622400, 2907625728]
[2907626496, 2907629824]
[2907630592, 2907633920]
[2907634688, 2907638016]
[2907638784, 2907642112]
[2907642880, 2907646208]
[2907646976, 2907650304]
[2907651072, 2907654400]
[2907655168, 2907658496]
[2907659264, 2907662592]
[2907663360, 2907666688]
[2907667456, 2907670784]
[2907671552, 2907674880]
[2907675648, 2907678976]
[2907679744, 2907683072]
[2907683840, 2907687168]
[2907687936, 2907691264]
[2907692032, 2907695360]
[2907696128, 2907699456]
[2907700224, 2907703552]
[2907704320, 2907707648]
[2907708416, 2907711744]
[2907712512, 2907715840]
[2907716608, 2907719936]
[2907720704, 2907724032]
[2907724800, 2907728128]
[2907728896, 2907732224]
[2907732992, 2907736320]
[2907737088, 2907740416]
[2907741184, 2907744512]
[2907745280, 2907748608]
[2907749376, 2907752704]
[2907753472, 2907756800]
[2907757568, 2907760896]
[2907761664, 2907764992]
[2907765760, 2907769088]
[2907769856, 2907773184]
[2907773952, 2907777280]
[2907778048, 2907781376]
[2907782144, 2907785472]
[2907786240, 2907789568]
[2907790336, 2907793664]
[2907794432, 2907797760]
[2907798528, 2907801856]
[2907802624, 2907805952]
[2907806720, 2907810048]
[2907810816, 2907814144]
[2907814912, 2907818240]
[2907819008, 2907822336]
[2907823104, 2907826432]
[2907827200, 2907830528]
[2907831296, 2907834624]
[2907835392, 2907838720]
[2907839488, 2907842816]
[2907843584, 2907846912]
[2907847680, 2907851008]
[2907851776, 2907855104]
[2907855872, 2907859200]
[2907859968, 2907863296]
[2907864064, 2907867392]
[2907868160, 2907871488]
[2907872256, 2907875584]
[2907876352, 2907879680]
[2907880448, 2907883776]
[2907884544, 2907887872]
[2907888640, 2907891968]
[2907892736, 2907896064]
[2907896832, 2907900160]
[2907900928, 2907904256]
[2907905024, 2907908352]
[2907909120, 2907912448]
[2907913216, 2907916544]
[2907917312, 2907920640]
[2907921408, 2907924736]
[2907925504, 2907928832]
[2907929600, 2907932928]
[2907933696, 2907937024]
[2907937792, 2907941120]
[2907941888, 2907945216]
[2907945984, 2907949312]
[2907950080, 2907953408]
[2907954176, 2907957504]
[2907958272, 2907961600]
[2907962368, 2907965696]
[2907966464, 2907969792]
[2907970560, 2907973888]
[2907974656, 2907977984]
[2907978752, 2907982080]
[2907982848, 2907986176]
[2907986944, 2907990272]
[2907991040, 2907994368]
[2907995136, 2907998464]
[2907999232, 2908002560]
[2908003328, 2908006656]
[2908007424, 2908010752]
[2908011520, 2908014848]
[2908015616, 2908018944]
[2908019712, 2908023040]
[2908023808, 2908027136]
[2908027904, 2908031232]
[2908032000, 2908035328]
[2908036096, 2908039424]
[2908040192, 2908043520]
[2908044288, 2908047616]
[2908048384, 2908051712]
[2908052480, 2908055808]
[2908056576, 2908059904]
[2908060672, 2908064000]
[2908064768, 2908068096]
[2908068864, 2908072192]
[2908072960, 2908076288]
[2908077056, 2908080384]
[2908081152, 2908084480]
[2908085248, 2908088576]
[2908089344, 2908092672]
[2908093440, 2908096768]
[2908097536, 2908100864]
[2908101632, 2908104960]
[2908105728, 2908109056]
[2908109824, 2908113152]
[2908113920, 2908117248]
[2908118016, 2908121344]
[2908122112, 2908125440]
[2908126208, 2908129536]
[2908130304, 2908133632]
[2908134400, 2908137728]
[2908138496, 2908141824]
[2908142592, 2908145920]
[2908146688, 2908150016]
[2908150784, 2908154112]
[2908154880, 2908158208]
[2908158976, 2908162304]
[2908163072, 2908166400]
[2908167168, 2908170496]
[2908171264, 2908174592]
[2908175360, 2908178688]
[2908179456, 2908182784]
[2908183552, 2908186880]
[2908187648, 2908190976]
[2908191744, 2908195072]
[2908195840, 2908199168]
[2908199936, 2908203264]
[2908204032, 2908207360]
[2908208128, 2908211456]
[2908212224, 2908215552]
[2908216320, 2908219648]
[2908220416, 2908223744]
[2908224512, 2908227840]
[2908228608, 2908231936]
[2908232704, 2908236032]
[2908236800, 2908240128]
[2908240896, 2908244224]
[2908244992, 2908248320]
[2908249088, 2908252416]
[2908253184, 2908256512]
[2908257280, 2908260608]
[2908261376, 2908264704]
[2908265472, 2908268800]
[2908269568, 2908272896]
[2908273664, 2908276992]
[2908277760, 2908281088]
[2908281856, 2908285184]
[2908285952, 2908289280]
[2908290048, 2908293376]
[2908294144, 2908297472]
[2908298240, 2908301568]
[2908302336, 2908305664]
[2908306432, 2908309760]
[2908310528, 2908313856]
[2908314624, 2908317952]
[2908318720, 2908322048]
[2908322816, 2908326144]
[2908326912, 2908330240]
[2908331008, 2908334336]
[2908335104, 2908338432]
[2908339200, 2908342528]
[2908343296, 2908346624]
[2908347392, 2908350720]
[2908351488, 2908354816]
[2908355584, 2908358912]
[2908359680, 2908363008]
[2908363776, 2908367104]
[2908367872, 2908371200]
[2908371968, 2908375296]
[2908376064, 2908379392]
[2908380160, 2908383488]
[2908384256, 2908387584]
[2908388352, 2908391680]
[2908392448, 2908395776]
[2908396544, 2908399872]
[2908400640, 2908403968]
[2908404736, 2908408064]
[2908408832, 2908412160]
[2908412928, 2908416256]
[2908417024, 2908420352]
[2908421120, 2908424448]
[2908425216, 2908428544]
[2908429312, 2908432640]
[2908433408, 2908436736]
[2908437504, 2908440832]
[2908441600, 2908444928]
[2908445696, 2908449024]
[2908449792, 2908453120]
[2908453888, 2908457216]
[2908457984, 2908461312]
[2908462080, 2908465408]
[2908466176, 2908469504]
[2908470272, 2908473600]
[2908474368, 2908477696]
[2908478464, 2908481792]
[2908482560, 2908485888]
[2908486656, 2908489984]
[2908490752, 2908494080]
[2908494848, 2908498176]
[2908498944, 2908502272]
[2908503040, 2908506368]
[2908507136, 2908510464]
[2908511232, 2908514560]
[2908515328, 2908518656]
[2908519424, 2908522752]
[2908523520, 2908526848]
[2908527616, 2908530944]
[2908531712, 2908535040]
[2908535808, 2908539136]
[2908539904, 2908543232]
[2908544000, 2908547328]
[2908548096, 2908551424]
[2908552192, 2908555520]
[2908556288, 2908559616]
[2908560384, 2908563712]
[2908564480, 2908567808]
[2908568576, 2908571904]
[2908572672, 2908576000]
[2908576768, 2908580096]
[2908580864, 2908584192]
[2908584960, 2908588288]
[2908589056, 2908592384]
[2908593152, 2908596480]
[2908597248, 2908600576]
[2908601344, 2908604672]
[2908605440, 2908608768]
[2908609536, 2908612864]
[2908613632, 2908616960]
[2908617728, 2908621056]
[2908621824, 2908625152]
[2908625920, 2908629248]
[2908630016, 2908633344]
[2908634112, 2908637440]
[2908638208, 2908641536]
[2908642304, 2908645632]
[2908646400, 2908649728]
[2908650496, 2908653824]
[2908654592, 2908657920]
[2908658688, 2908662016]
[2908662784, 2908666112]
[2908666880, 2908670208]
[2908670976, 2908674304]
[2908675072, 2908678400]
[2908679168, 2908682496]
[2908683264, 2908686592]
[2908687360, 2908690688]
[2908691456, 2908694784]
[2908695552, 2908698880]
[2908699648, 2908702976]
[2908703744, 2908707072]
[2908707840, 2908711168]
[2908711936, 2908715264]
[2908716032, 2908719360]
[2908720128, 2908723456]
[2908724224, 2908727552]
[2908728320, 2908731648]
[2908732416, 2908735744]
[2908736512, 2908739840]
[2908740608, 2908743936]
[2908744704, 2908748032]
[2908748800, 2908752640]
[2908752896, 2908756736]
[2908756992, 2908760832]
[2908761088, 2908764928]
[2908765184, 2908769024]
[2908769280, 2908773120]
[2908773376, 2908777216]
[2908777472, 2908781312]
[2908781568, 2908785408]
[2908785664, 2908789504]
[2908789760, 2908793600]
[2908793856, 2908797696]
[2908797952, 2908801792]
[2908802048, 2908805888]
[2908806144, 2908809984]
[2908810240, 2908814080]
[2908814336, 2908818176]
[2908818432, 2908822272]
[2908822528, 2908826368]
[2908826624, 2908830464]
[2908830720, 2908834560]
[2908834816, 2908838656]
[2908838912, 2908842752]
[2908843008, 2908846848]
[2908847104, 2908850944]
[2908851200, 2908855040]
[2908855296, 2908859136]
[2908859392, 2908863232]
[2908863488, 2908867328]
[2908867584, 2908871424]
[2908871680, 2908875520]
[2908875776, 2908879616]
[2908879872, 2908883712]
[2908883968, 2908887808]
[2908888064, 2908891904]
[2908892160, 2908896000]
[2908896256, 2908900096]
[2908900352, 2908904192]
[2908904448, 2908908288]
[2908908544, 2908912384]
[2908912640, 2908916480]
[2908916736, 2908920576]
[2908920832, 2908924672]
[2908924928, 2908928768]
[2908929024, 2908932864]
[2908933120, 2908936960]
[2908937216, 2908941056]
[2908941312, 2908945152]
[2908945408, 2908949248]
[2908949504, 2908953344]
[2908953600, 2908957440]
[2908957696, 2908961536]
[2908961792, 2908965632]
[2908965888, 2908969728]
[2908969984, 2908973824]
[2908974080, 2908977920]
[2908978176, 2908982016]
[2908982272, 2908986112]
[2908986368, 2908990208]
[2908990464, 2908994304]
[2908994560, 2908998400]
[2908998656, 2909002496]
[2909002752, 2909006592]
[2909006848, 2909010688]
[2909010944, 2909014784]
[2909015040, 2909018880]
[2909019136, 2909022976]
[2909023232, 2909027072]
[2909027328, 2909031168]
[2909031424, 2909035264]
[2909035520, 2909039360]
[2909039616, 2909043456]
[2909043712, 2909047552]
[2909047808, 2909051648]
[2909051904, 2909055744]
[2909056000, 2909059840]
[2909060096, 2909063936]
[2909064192, 2909068032]
[2909068288, 2909072128]
[2909072384, 2909076224]
[2909076480, 2909080320]
[2909080576, 2909084416]
[2909084672, 2909088512]
[2909088768, 2909092608]
[2909092864, 2909096704]
[2909096960, 2909100800]
[2909101056, 2909104896]
[2909105152, 2909108992]
[2909109248, 2909113088]
[2909113344, 2909117184]
[2909117440, 2909121280]
[2909121536, 2909125376]
[2909125632, 2909129472]
[2909129728, 2909133568]
[2909133824, 2909137664]
[2909137920, 2909141760]
[2909142016, 2909145856]
[2909146112, 2909149952]
[2909150208, 2909154048]
[2909154304, 2909158144]
[2909158400, 2909162240]
[2909162496, 2909166336]
[2909166592, 2909170432]
[2909170688, 2909174528]
[2909174784, 2909178624]
[2909178880, 2909182720]
[2909182976, 2909186816]
[2909187072, 2909190912]
[2909191168, 2909195008]
[2909195264, 2909199104]
[2909199360, 2909203200]
[2909203456, 2909207296]
[2909207552, 2909211392]
[2909211648, 2909215488]
[2909215744, 2909219584]
[2909219840, 2909223680]
[2909223936, 2909227776]
[2909228032, 2909231872]
[2909232128, 2909235968]
[2909236224, 2909240064]
[2909240320, 2909244160]
[2909244416, 2909248256]
[2909248512, 2909252352]
[2909252608, 2909256448]
[2909256704, 2909260544]
[2909260800, 2909264640]
[2909264896, 2909268736]
[2909268992, 2909272832]
[2909273088, 2909276928]
[2909277184, 2909281024]
[2909281280, 2909285120]
[2909285376, 2909289216]
[2909289472, 2909293312]
[2909293568, 2909297408]
[2909297664, 2909301504]
[2909301760, 2909305600]
[2909305856, 2909309696]
[2909309952, 2909313792]
[2909314048, 2909317888]
[2909318144, 2909321984]
[2909322240, 2909326080]
[2909326336, 2909330176]
[2909330432, 2909334272]
[2909334528, 2909338368]
[2909338624, 2909342464]
[2909342720, 2909346560]
[2909346816, 2909350656]
[2909350912, 2909354752]
[2909355008, 2909358848]
[2909359104, 2909362944]
[2909363200, 2909367040]
[2909367296, 2909371136]
[2909371392, 2909375232]
[2909375488, 2909379328]
[2909379584, 2909383424]
[2909383680, 2909387520]
[2909387776, 2909391616]
[2909391872, 2909395712]
[2909395968, 2909399808]
[2909400064, 2909403904]
[2909404160, 2909408000]
[2909408256, 2909412096]
[2909412352, 2909416192]
[2909416448, 2909420288]
[2909420544, 2909424384]
[2909424640, 2909428480]
[2909428736, 2909432576]
[2909432832, 2909436672]
[2909436928, 2909440768]
[2909441024, 2909444864]
[2909445120, 2909448960]
[2909449216, 2909453056]
[2909453312, 2909457152]
[2909457408, 2909461248]
[2909461504, 2909465344]
[2909465600, 2909469440]
[2909469696, 2909473536]
[2909473792, 2909477632]
[2909477888, 2909481728]
[2909481984, 2909485824]
[2909486080, 2909489920]
[2909490176, 2909494016]
[2909494272, 2909498112]
[2909498368, 2909502208]
[2909502464, 2909506304]
[2909506560, 2909510400]
[2909510656, 2909514496]
[2909514752, 2909518592]
[2909518848, 2909522688]
[2909522944, 2909526784]
[2909527040, 2909530880]
[2909531136, 2909534976]
[2909535232, 2909539072]
[2909539328, 2909543168]
[2909543424, 2909547264]
[2909547520, 2909551360]
[2909551616, 2909555456]
[2909555712, 2909559552]
[2909559808, 2909563648]
[2909563904, 2909567744]
[2909568000, 2909571840]
[2909572096, 2909575936]
[2909576192, 2909580032]
[2909580288, 2909584128]
[2909584384, 2909588224]
[2909588480, 2909592320]
[2909592576, 2909596416]
[2909596672, 2909600512]
[2909600768, 2909604608]
[2909604864, 2909608704]
[2909608960, 2909612800]
[2909613056, 2909616896]
[2909617152, 2909620992]
[2909621248, 2909625088]
[2909625344, 2909629184]
[2909629440, 2909633280]
[2909633536, 2909637376]
[2909637632, 2909641472]
[2909641728, 2909645568]
[2909645824, 2909649664]
[2909649920, 2909653760]
[2909654016, 2909657856]
[2909658112, 2909661952]
[2909662208, 2909666048]
[2909666304, 2909670144]
[2909670400, 2909674240]
[2909674496, 2909678336]
[2909678592, 2909682432]
[2909682688, 2909686528]
[2909686784, 2909690624]
[2909690880, 2909694720]
[2909694976, 2909698816]
[2909699072, 2909702912]
[2909703168, 2909707008]
[2909707264, 2909711104]
[2909711360, 2909715200]
[2909715456, 2909719296]
[2909719552, 2909723392]
[2909723648, 2909727488]
[2909727744, 2909731584]
[2909731840, 2909735680]
[2909735936, 2909739776]
[2909740032, 2909743872]
[2909744128, 2909747968]
[2909748224, 2909752064]
[2909752320, 2909756160]
[2909756416, 2909760256]
[2909760512, 2909764352]
[2909764608, 2909768448]
[2909768704, 2909772544]
[2909772800, 2909776640]
[2909776896, 2909780736]
[2909780992, 2909784832]
[2909785088, 2909788928]
[2909789184, 2909793024]
[2909793280, 2909797120]
[2909797376, 2909801216]
[2909801472, 2909805312]
[2909805568, 2909809408]
[2909809664, 2909813504]
[2909813760, 2909817600]
[2909817856, 2909821696]
[2909821952, 2909825792]
[2909826048, 2909829888]
[2909830144, 2909833984]
[2909834240, 2909838080]
[2909838336, 2909842176]
[2909842432, 2909846272]
[2909846528, 2909850368]
[2909850624, 2909854464]
[2909854720, 2909858560]
[2909858816, 2909862656]
[2909862912, 2909866752]
[2909867008, 2909870848]
[2909871104, 2909874944]
[2909875200, 2909879040]
[2909879296, 2909883136]
[2909883392, 2909887232]
[2909887488, 2909891328]
[2909891584, 2909895424]
[2909895680, 2909899520]
[2909899776, 2909903616]
[2909903872, 2909907712]
[2909907968, 2909911808]
[2909912064, 2909915904]
[2909916160, 2909920000]
[2909920256, 2909924096]
[2909924352, 2909928192]
[2909928448, 2909932288]
[2909932544, 2909936384]
[2909936640, 2909940480]
[2909940736, 2909944576]
[2909944832, 2909948672]
[2909948928, 2909952768]
[2909953024, 2909956864]
[2909957120, 2909960960]
[2909961216, 2909965056]
[2909965312, 2909969152]
[2909969408, 2909973248]
[2909973504, 2909977344]
[2909977600, 2909981440]
[2909981696, 2909985536]
[2909985792, 2909989632]
[2909989888, 2909993728]
[2909993984, 2909997824]
[2909998080, 2910001920]
[2910002176, 2910006016]
[2910006272, 2910010112]
[2910010368, 2910014208]
[2910014464, 2910018304]
[2910018560, 2910022400]
[2910022656, 2910026496]
[2910026752, 2910030592]
[2910030848, 2910034688]
[2910034944, 2910038784]
[2910039040, 2910042880]
[2910043136, 2910046976]
[2910047232, 2910051072]
[2910051328, 2910055168]
[2910055424, 2910059264]
[2910059520, 2910063360]
[2910063616, 2910067456]
[2910067712, 2910071552]
[2910071808, 2910075648]
[2910075904, 2910079744]
[2910080000, 2910083840]
[2910084096, 2910087936]
[2910088192, 2910092032]
[2910092288, 2910096128]
[2910096384, 2910100224]
[2910100480, 2910104320]
[2910104576, 2910108416]
[2910108672, 2910112512]
[2910112768, 2910116608]
[2910116864, 2910120704]
[2910120960, 2910124800]
[2910125056, 2910128896]
[2910129152, 2910132992]
[2910133248, 2910137088]
[2910137344, 2910141184]
[2910141440, 2910145280]
[2910145536, 2910149376]
[2910149632, 2910153472]
[2910153728, 2910157568]
[2910157824, 2910161664]
[2910161920, 2910165760]
[2910166016, 2910169856]
[2910170112, 2910173952]
[2910174208, 2910178048]
[2910178304, 2910182144]
[2910182400, 2910186240]
[2910186496, 2910190336]
[2910190592, 2910194432]
[2910194688, 2910198528]
[2910198784, 2910202624]
[2910202880, 2910206720]
[2910206976, 2910210816]
[2910211072, 2910214912]
[2910215168, 2910219008]
[2910219264, 2910223104]
[2910223360, 2910227200]
[2910227456, 2910231296]
[2910231552, 2910235392]
[2910235648, 2910239488]
[2910239744, 2910243584]
[2910243840, 2910247680]
[2910247936, 2910251776]
[2910252032, 2910255872]
[2910256128, 2910259968]
[2910260224, 2910264064]
[2910264320, 2910268160]
[2910268416, 2910272256]
[2910272512, 2910276352]
[2910276608, 2910280448]
[2910280704, 2910284544]
[2910284800, 2910288640]
[2910288896, 2910292736]
[2910292992, 2910296832]
[2910297088, 2910300928]
[2910301184, 2910305024]
[2910305280, 2910309120]
[2910309376, 2910313216]
[2910313472, 2910317312]
[2910317568, 2910321408]
[2910321664, 2910325504]
[2910325760, 2910329600]
[2910329856, 2910333696]
[2910333952, 2910337792]
[2910338048, 2910341888]
[2910342144, 2910345984]
[2910346240, 2910350080]
[2910350336, 2910354176]
[2910354432, 2910358272]
[2910358528, 2910362368]
[2910362624, 2910366464]
[2910366720, 2910370560]
[2910370816, 2910374656]
[2910374912, 2910378752]
[2910379008, 2910382848]
[2910383104, 2910386944]
[2910387200, 2910391040]
[2910391296, 2910395136]
[2910395392, 2910399232]
[2910399488, 2910403328]
[2910403584, 2910407424]
[2910407680, 2910411520]
[2910411776, 2910415616]
[2910415872, 2910419712]
[2910419968, 2910423808]
[2910424064, 2910427904]
[2910428160, 2910432000]
[2910432256, 2910436096]
[2910436352, 2910440192]
[2910440448, 2910444288]
[2910444544, 2910448384]
[2910448640, 2910452480]
[2910452736, 2910456576]
[2910456832, 2910460672]
[2910460928, 2910464768]
[2910465024, 2910468864]
[2910469120, 2910472960]
[2910473216, 2910477056]
[2910477312, 2910481152]
[2910481408, 2910485248]
[2910485504, 2910489344]
[2910489600, 2910493440]
[2910493696, 2910497536]
[2910497792, 2910501632]
[2910501888, 2910505728]
[2910505984, 2910509824]
[2910510080, 2910513920]
[2910514176, 2910518016]
[2910518272, 2910522112]
[2910522368, 2910526208]
[2910526464, 2910530304]
[2910530560, 2910534400]
[2910534656, 2910538496]
[2910538752, 2910542592]
[2910542848, 2910546688]
[2910546944, 2910550784]
[2910551040, 2910554880]
[2910555136, 2910558976]
[2910559232, 2910563072]
[2910563328, 2910567168]
[2910567424, 2910571264]
[2910571520, 2910575360]
[2910575616, 2910579456]
[2910579712, 2910583552]
[2910583808, 2910587648]
[2910587904, 2910591744]
[2910592000, 2910595840]
[2910596096, 2910599936]
[2910600192, 2910604032]
[2910604288, 2910608128]
[2910608384, 2910612224]
[2910612480, 2910616320]
[2910616576, 2910620416]
[2910620672, 2910624512]
[2910624768, 2910628608]
[2910628864, 2910632704]
[2910632960, 2910636800]
[2910637056, 2910640896]
[2910641152, 2910644992]
[2910645248, 2910649088]
[2910649344, 2910653184]
[2910653440, 2910657280]
[2910657536, 2910661376]
[2910661632, 2910665472]
[2910665728, 2910669568]
[2910669824, 2910673664]
[2910673920, 2910677760]
[2910678016, 2910681856]
[2910682112, 2910685952]
[2910686208, 2910690048]
[2910690304, 2910694144]
[2910694400, 2910698240]
[2910698496, 2910702336]
[2910702592, 2910706432]
[2910706688, 2910710528]
[2910710784, 2910714624]
[2910714880, 2910718720]
[2910718976, 2910722816]
[2910723072, 2910726912]
[2910727168, 2910731008]
[2910731264, 2910735104]
[2910735360, 2910739200]
[2910739456, 2910743296]
[2910743552, 2910747392]
[2910747648, 2910751488]
[2910751744, 2910755584]
[2910755840, 2910759680]
[2910759936, 2910763776]
[2910764032, 2910767872]
[2910768128, 2910771968]
[2910772224, 2910776064]
[2910776320, 2910780160]
[2910780416, 2910784256]
[2910784512, 2910788352]
[2910788608, 2910792448]
[2910792704, 2910796544]
[2910796800, 2910800640]
[2910800896, 2910804736]
[2910804992, 2910808832]
[2910809088, 2910812928]
[2910813184, 2910817024]
[2910817280, 2910821120]
[2910821376, 2910825216]
[2910825472, 2910829312]
[2910829568, 2910833408]
[2910833664, 2910837504]
[2910837760, 2910841600]
[2910841856, 2910845696]
[2910845952, 2910849280]
[2910850048, 2910853376]
[2910854144, 2910857472]
[2910858240, 2910861568]
[2910862336, 2910865664]
[2910866432, 2910869760]
[2910870528, 2910871040]
[2910871296, 2910873856]
[2910874624, 2910877952]
[2910878720, 2910882048]
[2910882816, 2910886144]
[2910886912, 2910890240]
[2910891008, 2910894336]
[2910895104, 2910898432]
[2910899200, 2910902528]
[2910903296, 2910906624]
[2910907392, 2910910720]
[2910911488, 2910914816]
[2910915584, 2910918912]
[2910919680, 2910923008]
[2910923776, 2910927104]
[2910927872, 2910931200]
[2910931968, 2910935296]
[2910936064, 2910936576]
[2910936832, 2910939392]
[2910940160, 2910943488]
[2910944256, 2910947584]
[2910948352, 2910951680]
[2910952448, 2910955776]
[2910956544, 2910959872]
[2910960640, 2910963968]
[2910964736, 2910968064]
[2910968832, 2910972160]
[2910972928, 2910976256]
[2910977024, 2910980352]
[2910981120, 2910984448]
[2910985216, 2910988544]
[2910989312, 2910992640]
[2910993408, 2910996736]
[2910997504, 2911000832]
[2911001600, 2911002112]
[2911002368, 2911004928]
[2911005696, 2911009024]
[2911009792, 2911013120]
[2911013888, 2911017216]
[2911017984, 2911021312]
[2911022080, 2911025408]
[2911026176, 2911029504]
[2911030272, 2911033600]
[2911034368, 2911037696]
[2911038464, 2911041792]
[2911042560, 2911045888]
[2911046656, 2911049984]
[2911050752, 2911054080]
[2911054848, 2911058176]
[2911058944, 2911062272]
[2911063040, 2911066368]
[2911067136, 2911067648]
[2911067904, 2911070464]
[2911071232, 2911074560]
[2911075328, 2911078656]
[2911079424, 2911082752]
[2911083520, 2911086848]
[2911087616, 2911090944]
[2911091712, 2911095040]
[2911095808, 2911099136]
[2911099904, 2911103232]
[2911104000, 2911107328]
[2911108096, 2911111424]
[2911112192, 2911115520]
[2911116288, 2911119616]
[2911120384, 2911123712]
[2911124480, 2911127808]
[2911128576, 2911131904]
[2911132672, 2911133184]
[2911133440, 2911136000]
[2911136768, 2911140096]
[2911140864, 2911144192]
[2911144960, 2911148288]
[2911149056, 2911152384]
[2911153152, 2911156480]
[2911157248, 2911160576]
[2911161344, 2911164672]
[2911165440, 2911168768]
[2911169536, 2911172864]
[2911173632, 2911176960]
[2911177728, 2911181056]
[2911181824, 2911185152]
[2911185920, 2911189248]
[2911190016, 2911193344]
[2911194112, 2911197440]
[2911198208, 2911198720]
[2911198976, 2911201536]
[2911202304, 2911205632]
[2911206400, 2911209728]
[2911210496, 2911213824]
[2911214592, 2911217920]
[2911218688, 2911222016]
[2911222784, 2911226112]
[2911226880, 2911230208]
[2911230976, 2911234304]
[2911235072, 2911238400]
[2911239168, 2911242496]
[2911243264, 2911246592]
[2911247360, 2911250688]
[2911251456, 2911254784]
[2911255552, 2911258880]
[2911259648, 2911262976]
[2911263744, 2911264256]
[2911264512, 2911267072]
[2911267840, 2911271168]
[2911271936, 2911275264]
[2911276032, 2911279360]
[2911280128, 2911283456]
[2911284224, 2911287552]
[2911288320, 2911291648]
[2911292416, 2911295744]
[2911296512, 2911299840]
[2911300608, 2911303936]
[2911304704, 2911308032]
[2911308800, 2911312128]
[2911312896, 2911316224]
[2911316992, 2911320320]
[2911321088, 2911324416]
[2911325184, 2911328512]
[2911329280, 2911329792]
[2911330048, 2911332608]
[2911333376, 2911336704]
[2911337472, 2911340800]
[2911341568, 2911344896]
[2911345664, 2911348992]
[2911349760, 2911353088]
[2911353856, 2911357184]
[2911357952, 2911361280]
[2911362048, 2911365376]
[2911366144, 2911369472]
[2911370240, 2911373568]
[2911374336, 2911377664]
[2911378432, 2911381760]
[2911382528, 2911385856]
[2911386624, 2911389952]
[2911390720, 2911394048]
[2911394816, 2911395328]
[2911395584, 2911398144]
[2911398912, 2911402240]
[2911403008, 2911406336]
[2911407104, 2911410432]
[2911411200, 2911414528]
[2911415296, 2911418624]
[2911419392, 2911422720]
[2911423488, 2911426816]
[2911427584, 2911430912]
[2911431680, 2911435008]
[2911435776, 2911439104]
[2911439872, 2911443200]
[2911443968, 2911447296]
[2911448064, 2911451392]
[2911452160, 2911455488]
[2911456256, 2911459584]
[2911460352, 2911460864]
[2911461120, 2911463680]
[2911464448, 2911467776]
[2911468544, 2911471872]
[2911472640, 2911475968]
[2911476736, 2911480064]
[2911480832, 2911484160]
[2911484928, 2911488256]
[2911489024, 2911492352]
[2911493120, 2911496448]
[2911497216, 2911500544]
[2911501312, 2911504640]
[2911505408, 2911508736]
[2911509504, 2911512832]
[2911513600, 2911516928]
[2911517696, 2911521024]
[2911521792, 2911525120]
[2911525888, 2911526400]
[2911526656, 2911529216]
[2911529984, 2911533312]
[2911534080, 2911537408]
[2911538176, 2911541504]
[2911542272, 2911545600]
[2911546368, 2911549696]
[2911550464, 2911553792]
[2911554560, 2911557888]
[2911558656, 2911561984]
[2911562752, 2911566080]
[2911566848, 2911570176]
[2911570944, 2911574272]
[2911575040, 2911578368]
[2911579136, 2911582464]
[2911583232, 2911586560]
[2911587328, 2911590656]
[2911591424, 2911591936]
[2911592192, 2911594752]
[2911595520, 2911598848]
[2911599616, 2911602944]
[2911603712, 2911607040]
[2911607808, 2911611136]
[2911611904, 2911615232]
[2911616000, 2911619328]
[2911620096, 2911623424]
[2911624192, 2911627520]
[2911628288, 2911631616]
[2911632384, 2911635712]
[2911636480, 2911639808]
[2911640576, 2911643904]
[2911644672, 2911648000]
[2911648768, 2911652096]
[2911652864, 2911656192]
[2911656960, 2911657472]
[2911657728, 2911660288]
[2911661056, 2911664384]
[2911665152, 2911668480]
[2911669248, 2911672576]
[2911673344, 2911676672]
[2911677440, 2911680768]
[2911681536, 2911684864]
[2911685632, 2911688960]
[2911689728, 2911693056]
[2911693824, 2911697152]
[2911697920, 2911701248]
[2911702016, 2911705344]
[2911706112, 2911709440]
[2911710208, 2911713536]
[2911714304, 2911717632]
[2911718400, 2911721728]
[2911722496, 2911723008]
[2911723264, 2911725824]
[2911726592, 2911729920]
[2911730688, 2911734016]
[2911734784, 2911738112]
[2911738880, 2911742208]
[2911742976, 2911746304]
[2911747072, 2911750400]
[2911751168, 2911754496]
[2911755264, 2911758592]
[2911759360, 2911762688]
[2911763456, 2911766784]
[2911767552, 2911770880]
[2911771648, 2911774976]
[2911775744, 2911779072]
[2911779840, 2911783168]
[2911783936, 2911787264]
[2911788032, 2911788544]
[2911788800, 2911791360]
[2911792128, 2911795456]
[2911796224, 2911799552]
[2911800320, 2911803648]
[2911804416, 2911807744]
[2911808512, 2911811840]
[2911812608, 2911815936]
[2911816704, 2911820032]
[2911820800, 2911824128]
[2911824896, 2911828224]
[2911828992, 2911832320]
[2911833088, 2911836416]
[2911837184, 2911840512]
[2911841280, 2911844608]
[2911845376, 2911848704]
[2911849472, 2911852800]
[2911853568, 2911854080]
[2911854336, 2911856896]
[2911857664, 2911860992]
[2911861760, 2911865088]
[2911865856, 2911869184]
[2911869952, 2911873280]
[2911874048, 2911877376]
[2911878144, 2911881472]
[2911882240, 2911885568]
[2911886336, 2911889664]
[2911890432, 2911893760]
[2911894528, 2911897856]
[2911898624, 2911901952]
[2911902720, 2911906048]
[2911906816, 2911910144]
[2911910912, 2911914240]
[2911915008, 2911918336]
[2911919104, 2911919616]
[2911919872, 2911922432]
[2911923200, 2911926528]
[2911927296, 2911930624]
[2911931392, 2911934720]
[2911935488, 2911938816]
[2911939584, 2911942912]
[2911943680, 2911947008]
[2911947776, 2911951104]
[2911951872, 2911955200]
[2911955968, 2911959296]
[2911960064, 2911963392]
[2911964160, 2911967488]
[2911968256, 2911971584]
[2911972352, 2911975680]
[2911976448, 2911979776]
[2911980544, 2911983872]
[2911984640, 2911985152]
[2911985408, 2911987968]
[2911988736, 2911992064]
[2911992832, 2911996160]
[2911996928, 2912000256]
[2912001024, 2912004352]
[2912005120, 2912008448]
[2912009216, 2912012544]
[2912013312, 2912016640]
[2912017408, 2912020736]
[2912021504, 2912024832]
[2912025600, 2912028928]
[2912029696, 2912033024]
[2912033792, 2912037120]
[2912037888, 2912041216]
[2912041984, 2912045312]
[2912046080, 2912049408]
[2912050176, 2912050688]
[2912050944, 2912053504]
[2912054272, 2912057600]
[2912058368, 2912061696]
[2912062464, 2912065792]
[2912066560, 2912069888]
[2912070656, 2912073984]
[2912074752, 2912078080]
[2912078848, 2912082176]
[2912082944, 2912086272]
[2912087040, 2912090368]
[2912091136, 2912094464]
[2912095232, 2912098560]
[2912099328, 2912102656]
[2912103424, 2912106752]
[2912107520, 2912110848]
[2912111616, 2912114944]
[2912115712, 2912116224]
[2912116480, 2912119040]
[2912119808, 2912123136]
[2912123904, 2912127232]
[2912128000, 2912131328]
[2912132096, 2912135424]
[2912136192, 2912139520]
[2912140288, 2912143616]
[2912144384, 2912147712]
[2912148480, 2912151808]
[2912152576, 2912155904]
[2912156672, 2912160000]
[2912160768, 2912164096]
[2912164864, 2912168192]
[2912168960, 2912172288]
[2912173056, 2912176384]
[2912177152, 2912180480]
[2912181248, 2912181760]
[2912182016, 2912184576]
[2912185344, 2912188672]
[2912189440, 2912192768]
[2912193536, 2912196864]
[2912197632, 2912200960]
[2912201728, 2912205056]
[2912205824, 2912209152]
[2912209920, 2912213248]
[2912214016, 2912217344]
[2912218112, 2912221440]
[2912222208, 2912225536]
[2912226304, 2912229632]
[2912230400, 2912233728]
[2912234496, 2912237824]
[2912238592, 2912241920]
[2912242688, 2912246016]
[2912246784, 2912247296]
[2912247552, 2912250112]
[2912250880, 2912254208]
[2912254976, 2912258304]
[2912259072, 2912262400]
[2912263168, 2912266496]
[2912267264, 2912270592]
[2912271360, 2912274688]
[2912275456, 2912278784]
[2912279552, 2912282880]
[2912283648, 2912286976]
[2912287744, 2912291072]
[2912291840, 2912295168]
[2912295936, 2912299264]
[2912300032, 2912303360]
[2912304128, 2912307456]
[2912308224, 2912311552]
[2912312320, 2912312832]
[2912313088, 2912315648]
[2912316416, 2912319744]
[2912320512, 2912323840]
[2912324608, 2912327936]
[2912328704, 2912332032]
[2912332800, 2912336128]
[2912336896, 2912340224]
[2912340992, 2912344320]
[2912345088, 2912348416]
[2912349184, 2912352512]
[2912353280, 2912356608]
[2912357376, 2912360704]
[2912361472, 2912364800]
[2912365568, 2912368896]
[2912369664, 2912372992]
[2912373760, 2912377088]
[2912377856, 2912378368]
[2912378624, 2912381184]
[2912381952, 2912385280]
[2912386048, 2912389376]
[2912390144, 2912393472]
[2912394240, 2912397568]
[2912398336, 2912401664]
[2912402432, 2912405760]
[2912406528, 2912409856]
[2912410624, 2912413952]
[2912414720, 2912418048]
[2912418816, 2912422144]
[2912422912, 2912426240]
[2912427008, 2912430336]
[2912431104, 2912434432]
[2912435200, 2912438528]
[2912439296, 2912442624]
[2912443392, 2912443904]
[2912444160, 2912446720]
[2912447488, 2912450816]
[2912451584, 2912454912]
[2912455680, 2912459008]
[2912459776, 2912463104]
[2912463872, 2912467200]
[2912467968, 2912471296]
[2912472064, 2912475392]
[2912476160, 2912479488]
[2912480256, 2912483584]
[2912484352, 2912487680]
[2912488448, 2912491776]
[2912492544, 2912495872]
[2912496640, 2912499968]
[2912500736, 2912504064]
[2912504832, 2912508160]
[2912508928, 2912509440]
[2912509696, 2912512256]
[2912513024, 2912516352]
[2912517120, 2912520448]
[2912521216, 2912524544]
[2912525312, 2912528640]
[2912529408, 2912532736]
[2912533504, 2912536832]
[2912537600, 2912540928]
[2912541696, 2912545024]
[2912545792, 2912549120]
[2912549888, 2912553216]
[2912553984, 2912557312]
[2912558080, 2912561408]
[2912562176, 2912565504]
[2912566272, 2912569600]
[2912570368, 2912573696]
[2912574464, 2912574976]
[2912575232, 2912577792]
[2912578560, 2912581888]
[2912582656, 2912585984]
[2912586752, 2912590080]
[2912590848, 2912594176]
[2912594944, 2912598272]
[2912599040, 2912602368]
[2912603136, 2912606464]
[2912607232, 2912610560]
[2912611328, 2912614656]
[2912615424, 2912618752]
[2912619520, 2912622848]
[2912623616, 2912626944]
[2912627712, 2912631040]
[2912631808, 2912635136]
[2912635904, 2912639232]
[2912640000, 2912640512]
[2912640768, 2912643328]
[2912644096, 2912647424]
[2912648192, 2912651520]
[2912652288, 2912655616]
[2912656384, 2912659712]
[2912660480, 2912663808]
[2912664576, 2912667904]
[2912668672, 2912672000]
[2912672768, 2912676096]
[2912676864, 2912680192]
[2912680960, 2912684288]
[2912685056, 2912688384]
[2912689152, 2912692480]
[2912693248, 2912696576]
[2912697344, 2912700672]
[2912701440, 2912704768]
[2912705536, 2912706048]
[2912706304, 2912708864]
[2912709632, 2912712960]
[2912713728, 2912717056]
[2912717824, 2912721152]
[2912721920, 2912725248]
[2912726016, 2912729344]
[2912730112, 2912733440]
[2912734208, 2912737536]
[2912738304, 2912741632]
[2912742400, 2912745728]
[2912746496, 2912749824]
[2912750592, 2912753920]
[2912754688, 2912758016]
[2912758784, 2912762112]
[2912762880, 2912766208]
[2912766976, 2912770304]
[2912771072, 2912771584]
[2912771840, 2912774400]
[2912775168, 2912778496]
[2912779264, 2912782592]
[2912783360, 2912786688]
[2912787456, 2912790784]
[2912791552, 2912794880]
[2912795648, 2912798976]
[2912799744, 2912803072]
[2912803840, 2912807168]
[2912807936, 2912811264]
[2912812032, 2912815360]
[2912816128, 2912819456]
[2912820224, 2912823552]
[2912824320, 2912827648]
[2912828416, 2912831744]
[2912832512, 2912835840]
[2912836608, 2912837120]
[2912837376, 2912839936]
[2912840704, 2912844032]
[2912844800, 2912848128]
[2912848896, 2912852224]
[2912852992, 2912856320]
[2912857088, 2912860416]
[2912861184, 2912864512]
[2912865280, 2912868608]
[2912869376, 2912872704]
[2912873472, 2912876800]
[2912877568, 2912880896]
[2912881664, 2912884992]
[2912885760, 2912889088]
[2912889856, 2912893184]
[2912893952, 2912897280]
[2912898048, 2912901376]
[2912902144, 2912905472]
[2912906240, 2912909568]
[2912910336, 2912913664]
[2912914432, 2912917760]
[2912918528, 2912921856]
[2912922624, 2912925952]
[2912926720, 2912930048]
[2912930816, 2912934144]
[2912934912, 2912938240]
[2912939008, 2912942336]
[2912943104, 2912968192]
[2912968448, 2913033728]
[2913033984, 2913099264]
[2913099520, 2913164800]
[2913165056, 2913230336]
[2913230592, 2913295872]
[2913296128, 2913361408]
[2913361664, 2913426944]
[2913427200, 2913492480]
[2913492736, 2913558016]
[2913558272, 2913623552]
[2913623808, 2913689088]
[2913689344, 2913754624]
[2913754880, 2913820160]
[2913820416, 2913885696]
[2913885952, 2913951232]
[2913951488, 2914016768]
[2914017024, 2914082304]
[2914082560, 2914147840]
[2914148096, 2914213376]
[2914213632, 2914278912]
[2914279168, 2914344448]
[2914344704, 2914409984]
[2914410240, 2914475520]
[2914475776, 2914541056]
[2914541312, 2914606592]
[2914606848, 2914672128]
[2914672384, 2914737664]
[2914737920, 2914803200]
[2914803456, 2914868736]
[2914868992, 2914934272]
[2914934528, 2914999808]
[2915000064, 2915043584]
[2915044352, 2915047680]
[2915048448, 2915051776]
[2915052544, 2915055872]
[2915056640, 2915059968]
[2915060736, 2915064064]
[2915064832, 2915068160]
[2915068928, 2915072256]
[2915073024, 2915076352]
[2915077120, 2915080448]
[2915081216, 2915084544]
[2915085312, 2915088640]
[2915089408, 2915092736]
[2915093504, 2915096832]
[2915097600, 2915100928]
[2915101696, 2915105024]
[2915105792, 2915109120]
[2915109888, 2915113216]
[2915113984, 2915117312]
[2915118080, 2915121408]
[2915122176, 2915125504]
[2915126272, 2915129600]
[2915130368, 2915133696]
[2915134464, 2915137792]
[2915138560, 2915141888]
[2915142656, 2915145984]
[2915146752, 2915150080]
[2915150848, 2915154176]
[2915154944, 2915158272]
[2915159040, 2915162368]
[2915163136, 2915166464]
[2915167232, 2915170560]
[2915171328, 2915174656]
[2915175424, 2915178752]
[2915179520, 2915182848]
[2915183616, 2915186944]
[2915187712, 2915191040]
[2915191808, 2915195136]
[2915195904, 2915199232]
[2915200000, 2915203328]
[2915204096, 2915207424]
[2915208192, 2915211520]
[2915212288, 2915215616]
[2915216384, 2915219712]
[2915220480, 2915223808]
[2915224576, 2915227904]
[2915228672, 2915232000]
[2915232768, 2915236096]
[2915236864, 2915240192]
[2915240960, 2915244288]
[2915245056, 2915248384]
[2915249152, 2915252480]
[2915253248, 2915256576]
[2915257344, 2915260672]
[2915261440, 2915264768]
[2915265536, 2915268864]
[2915269632, 2915272960]
[2915273728, 2915277056]
[2915277824, 2915281152]
[2915281920, 2915285248]
[2915286016, 2915289344]
[2915290112, 2915293440]
[2915294208, 2915297536]
[2915298304, 2915301632]
[2915302400, 2915305728]
[2915306496, 2915309824]
[2915310592, 2915313920]
[2915314688, 2915318016]
[2915318784, 2915322112]
[2915322880, 2915326208]
[2915326976, 2915330304]
[2915331072, 2915334400]
[2915335168, 2915338496]
[2915339264, 2915342592]
[2915343360, 2915346688]
[2915347456, 2915350784]
[2915351552, 2915354880]
[2915355648, 2915358976]
[2915359744, 2915363072]
[2915363840, 2915367168]
[2915367936, 2915371264]
[2915372032, 2915375360]
[2915376128, 2915379456]
[2915380224, 2915383552]
[2915384320, 2915387648]
[2915388416, 2915391744]
[2915392512, 2915395840]
[2915396608, 2915399936]
[2915400704, 2915404032]
[2915404800, 2915408128]
[2915408896, 2915412224]
[2915412992, 2915416320]
[2915417088, 2915420416]
[2915421184, 2915424512]
[2915425280, 2915428608]
[2915429376, 2915432704]
[2915433472, 2915436800]
[2915437568, 2915440896]
[2915441664, 2915444992]
[2915445760, 2915449088]
[2915449856, 2915453184]
[2915453952, 2915457280]
[2915458048, 2915461376]
[2915462144, 2915465472]
[2915466240, 2915469568]
[2915470336, 2915473664]
[2915474432, 2915477760]
[2915478528, 2915481856]
[2915482624, 2915485952]
[2915486720, 2915490048]
[2915490816, 2915494144]
[2915494912, 2915498240]
[2915499008, 2915502336]
[2915503104, 2915506432]
[2915507200, 2915510528]
[2915511296, 2915514624]
[2915515392, 2915518720]
[2915519488, 2915522816]
[2915523584, 2915526912]
[2915527680, 2915531008]
[2915531776, 2915535104]
[2915535872, 2915539200]
[2915539968, 2915543296]
[2915544064, 2915547392]
[2915548160, 2915551488]
[2915552256, 2915555584]
[2915556352, 2915559680]
[2915560448, 2915563776]
[2915564544, 2915567872]
[2915568640, 2915571968]
[2915572736, 2915576064]
[2915576832, 2915580160]
[2915580928, 2915584256]
[2915585024, 2915588352]
[2915589120, 2915592448]
[2915593216, 2915596544]
[2915597312, 2915600640]
[2915601408, 2915604736]
[2915605504, 2915608832]
[2915609600, 2915612928]
[2915613696, 2915617024]
[2915617792, 2915621120]
[2915621888, 2915625216]
[2915625984, 2915629312]
[2915630080, 2915633408]
[2915634176, 2915637504]
[2915638272, 2915641600]
[2915642368, 2915645696]
[2915646464, 2915649792]
[2915650560, 2915653888]
[2915654656, 2915657984]
[2915658752, 2915662080]
[2915662848, 2915666176]
[2915666944, 2915670272]
[2915671040, 2915674368]
[2915675136, 2915678464]
[2915679232, 2915682560]
[2915683328, 2915686656]
[2915687424, 2915690752]
[2915691520, 2915694848]
[2915695616, 2915698944]
[2915699712, 2915703040]
[2915703808, 2915707136]
[2915707904, 2915711232]
[2915712000, 2915715328]
[2915716096, 2915719424]
[2915720192, 2915723520]
[2915724288, 2915727616]
[2915728384, 2915731712]
[2915732480, 2915735808]
[2915736576, 2915739904]
[2915740672, 2915744000]
[2915744768, 2915748096]
[2915748864, 2915752192]
[2915752960, 2915756288]
[2915757056, 2915760384]
[2915761152, 2915764480]
[2915765248, 2915768576]
[2915769344, 2915772672]
[2915773440, 2915776768]
[2915777536, 2915780864]
[2915781632, 2915784960]
[2915785728, 2915789056]
[2915789824, 2915793152]
[2915793920, 2915797248]
[2915798016, 2915801344]
[2915802112, 2915805440]
[2915806208, 2915809536]
[2915810304, 2915813632]
[2915814400, 2915817728]
[2915818496, 2915821824]
[2915822592, 2915825920]
[2915826688, 2915830016]
[2915830784, 2915834112]
[2915834880, 2915838208]
[2915838976, 2915842304]
[2915843072, 2915846400]
[2915847168, 2915850496]
[2915851264, 2915854592]
[2915855360, 2915858688]
[2915859456, 2915862784]
[2915863552, 2915866880]
[2915867648, 2915870976]
[2915871744, 2915875072]
[2915875840, 2915879168]
[2915879936, 2915883264]
[2915884032, 2915887360]
[2915888128, 2915891456]
[2915892224, 2915895552]
[2915896320, 2915899648]
[2915900416, 2915903744]
[2915904512, 2915907840]
[2915908608, 2915911936]
[2915912704, 2915916032]
[2915916800, 2915920128]
[2915920896, 2915924224]
[2915924992, 2915928320]
[2915929088, 2915932416]
[2915933184, 2915936512]
[2915937280, 2915940608]
[2915941376, 2915944704]
[2915945472, 2915948800]
[2915949568, 2915952896]
[2915953664, 2915956992]
[2915957760, 2915961088]
[2915961856, 2915965184]
[2915965952, 2915969280]
[2915970048, 2915973376]
[2915974144, 2915977472]
[2915978240, 2915981568]
[2915982336, 2915985664]
[2915986432, 2915989760]
[2915990528, 2915993856]
[2915994624, 2915997952]
[2915998720, 2916002048]
[2916002816, 2916006144]
[2916006912, 2916010240]
[2916011008, 2916014336]
[2916015104, 2916018432]
[2916019200, 2916022528]
[2916023296, 2916026624]
[2916027392, 2916030720]
[2916031488, 2916034816]
[2916035584, 2916038912]
[2916039680, 2916043008]
[2916043776, 2916047104]
[2916047872, 2916051200]
[2916051968, 2916055296]
[2916056064, 2916059392]
[2916060160, 2916063488]
[2916064256, 2916067584]
[2916068352, 2916071680]
[2916072448, 2916075776]
[2916076544, 2916079872]
[2916080640, 2916083968]
[2916084736, 2916088064]
[2916088832, 2916092160]
[2916092928, 2916096256]
[2916097024, 2916100352]
[2916101120, 2916104448]
[2916105216, 2916108544]
[2916109312, 2916112640]
[2916113408, 2916116736]
[2916117504, 2916120832]
[2916121600, 2916124928]
[2916125696, 2916129024]
[2916129792, 2916133120]
[2916133888, 2916137216]
[2916137984, 2916141312]
[2916142080, 2916145408]
[2916146176, 2916149504]
[2916150272, 2916153600]
[2916154368, 2916157696]
[2916158464, 2916161792]
[2916162560, 2916165888]
[2916166656, 2916169984]
[2916170752, 2916174080]
[2916174848, 2916178176]
[2916178944, 2916182272]
[2916183040, 2916186368]
[2916187136, 2916190464]
[2916191232, 2916194560]
[2916195328, 2916198656]
[2916199424, 2916202752]
[2916203520, 2916206848]
[2916207616, 2916210944]
[2916211712, 2916215040]
[2916215808, 2916219136]
[2916219904, 2916223232]
[2916224000, 2916227328]
[2916228096, 2916231424]
[2916232192, 2916235520]
[2916236288, 2916239616]
[2916240384, 2916243712]
[2916244480, 2916247808]
[2916248576, 2916251904]
[2916252672, 2916256000]
[2916256768, 2916260096]
[2916260864, 2916264192]
[2916264960, 2916268288]
[2916269056, 2916272384]
[2916273152, 2916276480]
[2916277248, 2916280576]
[2916281344, 2916284672]
[2916285440, 2916288768]
[2916289536, 2916292864]
[2916293632, 2916296960]
[2916297728, 2916301056]
[2916301824, 2916305152]
[2916305920, 2916309248]
[2916310016, 2916313344]
[2916314112, 2916317440]
[2916318208, 2916321536]
[2916322304, 2916325632]
[2916326400, 2916329728]
[2916330496, 2916333824]
[2916334592, 2916337920]
[2916338688, 2916342016]
[2916342784, 2916346112]
[2916346880, 2916350208]
[2916350976, 2916354304]
[2916355072, 2916358400]
[2916359168, 2916362496]
[2916363264, 2916366592]
[2916367360, 2916370688]
[2916371456, 2916374784]
[2916375552, 2916378880]
[2916379648, 2916382976]
[2916383744, 2916387072]
[2916387840, 2916391168]
[2916391936, 2916395264]
[2916396032, 2916399360]
[2916400128, 2916403456]
[2916404224, 2916407552]
[2916408320, 2916411648]
[2916412416, 2916415744]
[2916416512, 2916419840]
[2916420608, 2916423936]
[2916424704, 2916428032]
[2916428800, 2916432128]
[2916432896, 2916436224]
[2916436992, 2916440320]
[2916441088, 2916444416]
[2916445184, 2916448512]
[2916449280, 2916452608]
[2916453376, 2916456704]
[2916457472, 2916460800]
[2916461568, 2916464896]
[2916465664, 2916468992]
[2916469760, 2916473088]
[2916473856, 2916477184]
[2916477952, 2916481280]
[2916482048, 2916485376]
[2916486144, 2916489472]
[2916490240, 2916493568]
[2916494336, 2916497664]
[2916498432, 2916501760]
[2916502528, 2916505856]
[2916506624, 2916509952]
[2916510720, 2916514048]
[2916514816, 2916518144]
[2916518912, 2916522240]
[2916523008, 2916526336]
[2916527104, 2916530432]
[2916531200, 2916534528]
[2916535296, 2916538624]
[2916539392, 2916542720]
[2916543488, 2916546816]
[2916547584, 2916550912]
[2916551680, 2916555008]
[2916555776, 2916559104]
[2916559872, 2916563200]
[2916563968, 2916567296]
[2916568064, 2916571392]
[2916572160, 2916575488]
[2916576256, 2916579584]
[2916580352, 2916583680]
[2916584448, 2916587776]
[2916588544, 2916591872]
[2916592640, 2916595968]
[2916596736, 2916600064]
[2916600832, 2916604160]
[2916604928, 2916608256]
[2916609024, 2916612352]
[2916613120, 2916616448]
[2916617216, 2916620544]
[2916621312, 2916624640]
[2916625408, 2916628736]
[2916629504, 2916632832]
[2916633600, 2916636928]
[2916637696, 2916641024]
[2916641792, 2916645120]
[2916645888, 2916649216]
[2916649984, 2916653312]
[2916654080, 2916657408]
[2916658176, 2916661504]
[2916662272, 2916665600]
[2916666368, 2916669696]
[2916670464, 2916673792]
[2916674560, 2916677888]
[2916678656, 2916681984]
[2916682752, 2916686080]
[2916686848, 2916690176]
[2916690944, 2916694272]
[2916695040, 2916698368]
[2916699136, 2916702464]
[2916703232, 2916706560]
[2916707328, 2916710656]
[2916711424, 2916714752]
[2916715520, 2916718848]
[2916719616, 2916722944]
[2916723712, 2916727040]
[2916727808, 2916731136]
[2916731904, 2916735232]
[2916736000, 2916739328]
[2916740096, 2916743424]
[2916744192, 2916747520]
[2916748288, 2916751616]
[2916752384, 2916755712]
[2916756480, 2916759808]
[2916760576, 2916763904]
[2916764672, 2916768000]
[2916768768, 2916772096]
[2916772864, 2916776192]
[2916776960, 2916780288]
[2916781056, 2916784384]
[2916785152, 2916788480]
[2916789248, 2916792576]
[2916793344, 2916796672]
[2916797440, 2916800768]
[2916801536, 2916804864]
[2916805632, 2916808960]
[2916809728, 2916813056]
[2916813824, 2916817152]
[2916817920, 2916821248]
[2916822016, 2916825344]
[2916826112, 2916829440]
[2916830208, 2916833536]
[2916834304, 2916837632]
[2916838400, 2916841728]
[2916842496, 2916845824]
[2916846592, 2916849920]
[2916850688, 2916854016]
[2916854784, 2916858112]
[2916858880, 2916862208]
[2916862976, 2916866304]
[2916867072, 2916870400]
[2916871168, 2916874496]
[2916875264, 2916878592]
[2916879360, 2916882688]
[2916883456, 2916886784]
[2916887552, 2916890880]
[2916891648, 2916894976]
[2916895744, 2916899072]
[2916899840, 2916903168]
[2916903936, 2916907264]
[2916908032, 2916911360]
[2916912128, 2916915456]
[2916916224, 2916919552]
[2916920320, 2916923648]
[2916924416, 2916927744]
[2916928512, 2916931840]
[2916932608, 2916935936]
[2916936704, 2916940032]
[2916940800, 2916944128]
[2916944896, 2916948224]
[2916948992, 2916952320]
[2916953088, 2916956416]
[2916957184, 2916960512]
[2916961280, 2916964608]
[2916965376, 2916968704]
[2916969472, 2916972800]
[2916973568, 2916976896]
[2916977664, 2916980992]
[2916981760, 2916985088]
[2916985856, 2916989184]
[2916989952, 2916993280]
[2916994048, 2916997376]
[2916998144, 2917001472]
[2917002240, 2917005568]
[2917006336, 2917009664]
[2917010432, 2917013760]
[2917014528, 2917017856]
[2917018624, 2917021952]
[2917022720, 2917026048]
[2917026816, 2917030144]
[2917030912, 2917034240]
[2917035008, 2917038336]
[2917039104, 2917042432]
[2917043200, 2917046528]
[2917047296, 2917050624]
[2917051392, 2917054720]
[2917055488, 2917058816]
[2917059584, 2917062912]
[2917063680, 2917067008]
[2917067776, 2917071104]
[2917071872, 2917075200]
[2917075968, 2917079296]
[2917080064, 2917083392]
[2917084160, 2917087488]
[2917088256, 2917091584]
[2917092352, 2917095680]
[2917096448, 2917099776]
[2917100544, 2917103872]
[2917104640, 2917107968]
[2917108736, 2917112064]
[2917112832, 2917116160]
[2917116928, 2917120256]
[2917121024, 2917124352]
[2917125120, 2917128448]
[2917129216, 2917132544]
[2917133312, 2917136640]
[2917137408, 2919235584]
