[2634022912, 2634025216]
[2634025984, 2634029312]
[2634030080, 2634033408]
[2634034176, 2634037504]
[2634038272, 2634041600]
[2634042368, 2634045696]
[2634046464, 2634046976]
[2634047232, 2634049792]
[2634050560, 2634053888]
[2634054656, 2634057984]
[2634058752, 2634062080]
[2634062848, 2634066176]
[2634066944, 2634070272]
[2634071040, 2634074368]
[2634075136, 2634078464]
[2634079232, 2634082560]
[2634083328, 2634086656]
[2634087424, 2634090752]
[2634091520, 2634094848]
[2634095616, 2634098944]
[2634099712, 2634103040]
[2634103808, 2634107136]
[2634107904, 2634111232]
[2634112000, 2634112512]
[2634112768, 2634115328]
[2634116096, 2634119424]
[2634120192, 2634123520]
[2634124288, 2634127616]
[2634128384, 2634131712]
[2634132480, 2634135808]
[2634136576, 2634139904]
[2634140672, 2634144000]
[2634144768, 2634148096]
[2634148864, 2634152192]
[2634152960, 2634156288]
[2634157056, 2634160384]
[2634161152, 2634164480]
[2634165248, 2634168576]
[2634169344, 2634172672]
[2634173440, 2634176768]
[2634177536, 2634178048]
[2634178304, 2634180864]
[2634181632, 2634184960]
[2634185728, 2634189056]
[2634189824, 2634193152]
[2634193920, 2634197248]
[2634198016, 2634201344]
[2634202112, 2634205440]
[2634206208, 2634209536]
[2634210304, 2634213632]
[2634214400, 2634217728]
[2634218496, 2634221824]
[2634222592, 2634225920]
[2634226688, 2634230016]
[2634230784, 2634234112]
[2634234880, 2634238208]
[2634238976, 2634242304]
[2634243072, 2634243584]
[2634243840, 2634246400]
[2634247168, 2634250496]
[2634251264, 2634254592]
[2634255360, 2634258688]
[2634259456, 2634262784]
[2634263552, 2634266880]
[2634267648, 2634270976]
[2634271744, 2634275072]
[2634275840, 2634279168]
[2634279936, 2634283264]
[2634284032, 2634287360]
[2634288128, 2634291456]
[2634292224, 2634295552]
[2634296320, 2634299648]
[2634300416, 2634303744]
[2634304512, 2634307840]
[2634308608, 2634309120]
[2634309376, 2634311936]
[2634312704, 2634316032]
[2634316800, 2634320128]
[2634320896, 2634324224]
[2634324992, 2634328320]
[2634329088, 2634332416]
[2634333184, 2634336512]
[2634337280, 2634340608]
[2634341376, 2634344704]
[2634345472, 2634348800]
[2634349568, 2634352896]
[2634353664, 2634356992]
[2634357760, 2634361088]
[2634361856, 2634365184]
[2634365952, 2634369280]
[2634370048, 2634373376]
[2634374144, 2634374656]
[2634374912, 2634377472]
[2634378240, 2634381568]
[2634382336, 2634385664]
[2634386432, 2634389760]
[2634390528, 2634393856]
[2634394624, 2634397952]
[2634398720, 2634402048]
[2634402816, 2634406144]
[2634406912, 2634410240]
[2634411008, 2634414336]
[2634415104, 2634418432]
[2634419200, 2634422528]
[2634423296, 2634426624]
[2634427392, 2634430720]
[2634431488, 2634434816]
[2634435584, 2634438912]
[2634439680, 2634440192]
[2634440448, 2634443008]
[2634443776, 2634447104]
[2634447872, 2634451200]
[2634451968, 2634455296]
[2634456064, 2634459392]
[2634460160, 2634463488]
[2634464256, 2634467584]
[2634468352, 2634471680]
[2634472448, 2634475776]
[2634476544, 2634479872]
[2634480640, 2634483968]
[2634484736, 2634488064]
[2634488832, 2634492160]
[2634492928, 2634496256]
[2634497024, 2634500352]
[2634501120, 2634504448]
[2634505216, 2634505728]
[2634505984, 2634508544]
[2634509312, 2634512640]
[2634513408, 2634516736]
[2634517504, 2634520832]
[2634521600, 2634524928]
[2634525696, 2634529024]
[2634529792, 2634533120]
[2634533888, 2634537216]
[2634537984, 2634541312]
[2634542080, 2634545408]
[2634546176, 2634549504]
[2634550272, 2634553600]
[2634554368, 2634557696]
[2634558464, 2634561792]
[2634562560, 2634565888]
[2634566656, 2634569984]
[2634570752, 2634571264]
[2634571520, 2634574080]
[2634574848, 2634578176]
[2634578944, 2634582272]
[2634583040, 2634586368]
[2634587136, 2634590464]
[2634591232, 2634594560]
[2634595328, 2634598656]
[2634599424, 2634602752]
[2634603520, 2634606848]
[2634607616, 2634610944]
[2634611712, 2634615040]
[2634615808, 2634619136]
[2634619904, 2634623232]
[2634624000, 2634627328]
[2634628096, 2634631424]
[2634632192, 2634635520]
[2634636288, 2634636800]
[2634637056, 2634639616]
[2634640384, 2634643712]
[2634644480, 2634647808]
[2634648576, 2634651904]
[2634652672, 2634656000]
[2634656768, 2634660096]
[2634660864, 2634664192]
[2634664960, 2634668288]
[2634669056, 2634672384]
[2634673152, 2634676480]
[2634677248, 2634680576]
[2634681344, 2634684672]
[2634685440, 2634688768]
[2634689536, 2634692864]
[2634693632, 2634696960]
[2634697728, 2634701056]
[2634701824, 2634702336]
[2634702592, 2634705152]
[2634705920, 2634709248]
[2634710016, 2634713344]
[2634714112, 2634717440]
[2634718208, 2634721536]
[2634722304, 2634725632]
[2634726400, 2634729728]
[2634730496, 2634733824]
[2634734592, 2634737920]
[2634738688, 2634742016]
[2634742784, 2634746112]
[2634746880, 2634750208]
[2634750976, 2634754304]
[2634755072, 2634758400]
[2634759168, 2634762496]
[2634763264, 2634766592]
[2634767360, 2634767872]
[2634768128, 2634770688]
[2634771456, 2634774784]
[2634775552, 2634778880]
[2634779648, 2634782976]
[2634783744, 2634787072]
[2634787840, 2634791168]
[2634791936, 2634795264]
[2634796032, 2634799360]
[2634800128, 2634803456]
[2634804224, 2634807552]
[2634808320, 2634811648]
[2634812416, 2634815744]
[2634816512, 2634819840]
[2634820608, 2634823936]
[2634824704, 2634828032]
[2634828800, 2634832128]
[2634832896, 2634833408]
[2634833664, 2634836224]
[2634836992, 2634840320]
[2634841088, 2634844416]
[2634845184, 2634848512]
[2634849280, 2634852608]
[2634853376, 2634856704]
[2634857472, 2634860800]
[2634861568, 2634864896]
[2634865664, 2634868992]
[2634869760, 2634873088]
[2634873856, 2634877184]
[2634877952, 2634881280]
[2634882048, 2634885376]
[2634886144, 2634889472]
[2634890240, 2634893568]
[2634894336, 2634897664]
[2634898432, 2634898944]
[2634899200, 2634901760]
[2634902528, 2634905856]
[2634906624, 2634909952]
[2634910720, 2634914048]
[2634914816, 2634918144]
[2634918912, 2634922240]
[2634923008, 2634926336]
[2634927104, 2634930432]
[2634931200, 2634934528]
[2634935296, 2634938624]
[2634939392, 2634942720]
[2634943488, 2634946816]
[2634947584, 2634950912]
[2634951680, 2634955008]
[2634955776, 2634959104]
[2634959872, 2634963200]
[2634963968, 2634964480]
[2634964736, 2634967296]
[2634968064, 2634971392]
[2634972160, 2634975488]
[2634976256, 2634979584]
[2634980352, 2634983680]
[2634984448, 2634987776]
[2634988544, 2634991872]
[2634992640, 2634995968]
[2634996736, 2635000064]
[2635000832, 2635004160]
[2635004928, 2635008256]
[2635009024, 2635012352]
[2635013120, 2635016448]
[2635017216, 2635020544]
[2635021312, 2635024640]
[2635025408, 2635028736]
[2635029504, 2635030016]
[2635030272, 2635032832]
[2635033600, 2635036928]
[2635037696, 2635041024]
[2635041792, 2635045120]
[2635045888, 2635049216]
[2635049984, 2635053312]
[2635054080, 2635057408]
[2635058176, 2635061504]
[2635062272, 2635065600]
[2635066368, 2635069696]
[2635070464, 2635073792]
[2635074560, 2635077888]
[2635078656, 2635081984]
[2635082752, 2635086080]
[2635086848, 2635090176]
[2635090944, 2635094272]
[2635095040, 2635095552]
[2635095808, 2635098368]
[2635099136, 2635102464]
[2635103232, 2635106560]
[2635107328, 2635110656]
[2635111424, 2635114752]
[2635115520, 2635118848]
[2635119616, 2635122944]
[2635123712, 2635127040]
[2635127808, 2635131136]
[2635131904, 2635135232]
[2635136000, 2635139328]
[2635140096, 2635143424]
[2635144192, 2635147520]
[2635148288, 2635151616]
[2635152384, 2635155712]
[2635156480, 2635159808]
[2635160576, 2635161088]
[2635161344, 2635163904]
[2635164672, 2635168000]
[2635168768, 2635172096]
[2635172864, 2635176192]
[2635176960, 2635180288]
[2635181056, 2635184384]
[2635185152, 2635188480]
[2635189248, 2635192576]
[2635193344, 2635196672]
[2635197440, 2635200768]
[2635201536, 2635204864]
[2635205632, 2635208960]
[2635209728, 2635213056]
[2635213824, 2635217152]
[2635217920, 2635221248]
[2635222016, 2635225344]
[2635226112, 2635226624]
[2635226880, 2635229440]
[2635230208, 2635233536]
[2635234304, 2635237632]
[2635238400, 2635241728]
[2635242496, 2635245824]
[2635246592, 2635249920]
[2635250688, 2635254016]
[2635254784, 2635258112]
[2635258880, 2635262208]
[2635262976, 2635266304]
[2635267072, 2635270400]
[2635271168, 2635274496]
[2635275264, 2635278592]
[2635279360, 2635282688]
[2635283456, 2635286784]
[2635287552, 2635290880]
[2635291648, 2635292160]
[2635292416, 2635294976]
[2635295744, 2635299072]
[2635299840, 2635303168]
[2635303936, 2635307264]
[2635308032, 2635311360]
[2635312128, 2635315456]
[2635316224, 2635319552]
[2635320320, 2635323648]
[2635324416, 2635327744]
[2635328512, 2635331840]
[2635332608, 2635335936]
[2635336704, 2635340032]
[2635340800, 2635344128]
[2635344896, 2635348224]
[2635348992, 2635352320]
[2635353088, 2635356416]
[2635357184, 2635357696]
[2635357952, 2635360512]
[2635361280, 2635364608]
[2635365376, 2635368704]
[2635369472, 2635372800]
[2635373568, 2635376896]
[2635377664, 2635380992]
[2635381760, 2635385088]
[2635385856, 2635389184]
[2635389952, 2635393280]
[2635394048, 2635397376]
[2635398144, 2635401472]
[2635402240, 2635405568]
[2635406336, 2635409664]
[2635410432, 2635413760]
[2635414528, 2635417856]
[2635418624, 2635421952]
[2635422720, 2635423232]
[2635423488, 2635426048]
[2635426816, 2635430144]
[2635430912, 2635434240]
[2635435008, 2635438336]
[2635439104, 2635442432]
[2635443200, 2635446528]
[2635447296, 2635450624]
[2635451392, 2635454720]
[2635455488, 2635458816]
[2635459584, 2635462912]
[2635463680, 2635467008]
[2635467776, 2635471104]
[2635471872, 2635475200]
[2635475968, 2635479296]
[2635480064, 2635483392]
[2635484160, 2635487488]
[2635488256, 2635488768]
[2635489024, 2635491584]
[2635492352, 2635495680]
[2635496448, 2635499776]
[2635500544, 2635503872]
[2635504640, 2635507968]
[2635508736, 2635512064]
[2635512832, 2635516160]
[2635516928, 2635520256]
[2635521024, 2635524352]
[2635525120, 2635528448]
[2635529216, 2635532544]
[2635533312, 2635536640]
[2635537408, 2635540736]
[2635541504, 2635544832]
[2635545600, 2635548928]
[2635549696, 2635553024]
[2635553792, 2635554304]
[2635554560, 2635557120]
[2635557888, 2635561216]
[2635561984, 2635565312]
[2635566080, 2635569408]
[2635570176, 2635573504]
[2635574272, 2635577600]
[2635578368, 2635581696]
[2635582464, 2635585792]
[2635586560, 2635589888]
[2635590656, 2635593984]
[2635594752, 2635598080]
[2635598848, 2635602176]
[2635602944, 2635606272]
[2635607040, 2635610368]
[2635611136, 2635614464]
[2635615232, 2635618560]
[2635619328, 2635619840]
[2635620096, 2635622656]
[2635623424, 2635626752]
[2635627520, 2635630848]
[2635631616, 2635634944]
[2635635712, 2635639040]
[2635639808, 2635643136]
[2635643904, 2635647232]
[2635648000, 2635651328]
[2635652096, 2635655424]
[2635656192, 2635659520]
[2635660288, 2635663616]
[2635664384, 2635667712]
[2635668480, 2635671808]
[2635672576, 2635675904]
[2635676672, 2635680000]
[2635680768, 2635684096]
[2635684864, 2635685376]
[2635685632, 2635688192]
[2635688960, 2635692288]
[2635693056, 2635696384]
[2635697152, 2635700480]
[2635701248, 2635704576]
[2635705344, 2635708672]
[2635709440, 2635712768]
[2635713536, 2635716864]
[2635717632, 2635720960]
[2635721728, 2635725056]
[2635725824, 2635729152]
[2635729920, 2635733248]
[2635734016, 2635737344]
[2635738112, 2635741440]
[2635742208, 2635745536]
[2635746304, 2635749632]
[2635750400, 2635750912]
[2635751168, 2635753728]
[2635754496, 2635757824]
[2635758592, 2635761920]
[2635762688, 2635766016]
[2635766784, 2635770112]
[2635770880, 2635774208]
[2635774976, 2635778304]
[2635779072, 2635782400]
[2635783168, 2635786496]
[2635787264, 2635790592]
[2635791360, 2635794688]
[2635795456, 2635798784]
[2635799552, 2635802880]
[2635803648, 2635806976]
[2635807744, 2635811072]
[2635811840, 2635815168]
[2635815936, 2635816448]
[2635816704, 2635819264]
[2635820032, 2635823360]
[2635824128, 2635827456]
[2635828224, 2635831552]
[2635832320, 2635835648]
[2635836416, 2635839744]
[2635840512, 2635843840]
[2635844608, 2635847936]
[2635848704, 2635852032]
[2635852800, 2635856128]
[2635856896, 2635860224]
[2635860992, 2635864320]
[2635865088, 2635868416]
[2635869184, 2635872512]
[2635873280, 2635876608]
[2635877376, 2635880704]
[2635881472, 2635881984]
[2635882240, 2635884800]
[2635885568, 2635888896]
[2635889664, 2635892992]
[2635893760, 2635897088]
[2635897856, 2635901184]
[2635901952, 2635905280]
[2635906048, 2635909376]
[2635910144, 2635913472]
[2635914240, 2635917568]
[2635918336, 2635921664]
[2635922432, 2635925760]
[2635926528, 2635929856]
[2635930624, 2635933952]
[2635934720, 2635938048]
[2635938816, 2635942144]
[2635942912, 2635946240]
[2635947008, 2635947520]
[2635947776, 2635950336]
[2635951104, 2635954432]
[2635955200, 2635958528]
[2635959296, 2635962624]
[2635963392, 2635966720]
[2635967488, 2635970816]
[2635971584, 2635974912]
[2635975680, 2635979008]
[2635979776, 2635983104]
[2635983872, 2635987200]
[2635987968, 2635991296]
[2635992064, 2635995392]
[2635996160, 2635999488]
[2636000256, 2636003584]
[2636004352, 2636007680]
[2636008448, 2636011776]
[2636012544, 2636013056]
[2636013312, 2636015872]
[2636016640, 2636019968]
[2636020736, 2636024064]
[2636024832, 2636028160]
[2636028928, 2636032256]
[2636033024, 2636036352]
[2636037120, 2636040448]
[2636041216, 2636044544]
[2636045312, 2636048640]
[2636049408, 2636052736]
[2636053504, 2636056832]
[2636057600, 2636060928]
[2636061696, 2636065024]
[2636065792, 2636069120]
[2636069888, 2636073216]
[2636073984, 2636077312]
[2636078080, 2636081408]
[2636082176, 2636085504]
[2636086272, 2636089600]
[2636090368, 2636093696]
[2636094464, 2636097792]
[2636098560, 2636101888]
[2636102656, 2636105984]
[2636106752, 2636110080]
[2636110848, 2636114176]
[2636114944, 2636118272]
[2636119040, 2636122880]
[2636123136, 2636126976]
[2636127232, 2636131072]
[2636131328, 2636135168]
[2636135424, 2636139264]
[2636139520, 2636143360]
[2636143616, 2636144128]
[2636144384, 2636147456]
[2636147712, 2636151552]
[2636151808, 2636155648]
[2636155904, 2636159744]
[2636160000, 2636163840]
[2636164096, 2636167936]
[2636168192, 2636172032]
[2636172288, 2636176128]
[2636176384, 2636180224]
[2636180480, 2636184320]
[2636184576, 2636188416]
[2636188672, 2636192512]
[2636192768, 2636196608]
[2636196864, 2636200704]
[2636200960, 2636204800]
[2636205056, 2636208896]
[2636209152, 2636209664]
[2636209920, 2636212992]
[2636213248, 2636217088]
[2636217344, 2636221184]
[2636221440, 2636225280]
[2636225536, 2636229376]
[2636229632, 2636233472]
[2636233728, 2636237568]
[2636237824, 2636241664]
[2636241920, 2636245760]
[2636246016, 2636249856]
[2636250112, 2636253952]
[2636254208, 2636258048]
[2636258304, 2636262144]
[2636262400, 2636266240]
[2636266496, 2636270336]
[2636270592, 2636274432]
[2636274688, 2636275200]
[2636275456, 2636278528]
[2636278784, 2636282624]
[2636282880, 2636286720]
[2636286976, 2636290816]
[2636291072, 2636294912]
[2636295168, 2636299008]
[2636299264, 2636303104]
[2636303360, 2636307200]
[2636307456, 2636311296]
[2636311552, 2636315392]
[2636315648, 2636319488]
[2636319744, 2636323584]
[2636323840, 2636327680]
[2636327936, 2636331776]
[2636332032, 2636335872]
[2636336128, 2636339968]
[2636340224, 2636340736]
[2636340992, 2636344064]
[2636344320, 2636348160]
[2636348416, 2636352256]
[2636352512, 2636356352]
[2636356608, 2636360448]
[2636360704, 2636364544]
[2636364800, 2636368640]
[2636368896, 2636372736]
[2636372992, 2636376832]
[2636377088, 2636380928]
[2636381184, 2636385024]
[2636385280, 2636389120]
[2636389376, 2636393216]
[2636393472, 2636397312]
[2636397568, 2636401408]
[2636401664, 2636405504]
[2636405760, 2636406272]
[2636406528, 2636409600]
[2636409856, 2636413696]
[2636413952, 2636417792]
[2636418048, 2636421888]
[2636422144, 2636425984]
[2636426240, 2636430080]
[2636430336, 2636434176]
[2636434432, 2636438272]
[2636438528, 2636442368]
[2636442624, 2636446464]
[2636446720, 2636450560]
[2636450816, 2636454656]
[2636454912, 2636458752]
[2636459008, 2636462848]
[2636463104, 2636466944]
[2636467200, 2636471040]
[2636471296, 2636471808]
[2636472064, 2636475136]
[2636475392, 2636479232]
[2636479488, 2636483328]
[2636483584, 2636487424]
[2636487680, 2636491520]
[2636491776, 2636495616]
[2636495872, 2636499712]
[2636499968, 2636503808]
[2636504064, 2636507904]
[2636508160, 2636512000]
[2636512256, 2636516096]
[2636516352, 2636520192]
[2636520448, 2636524288]
[2636524544, 2636528384]
[2636528640, 2636532480]
[2636532736, 2636536576]
[2636536832, 2636537344]
[2636537600, 2636540672]
[2636540928, 2636544768]
[2636545024, 2636548864]
[2636549120, 2636552960]
[2636553216, 2636557056]
[2636557312, 2636561152]
[2636561408, 2636565248]
[2636565504, 2636569344]
[2636569600, 2636573440]
[2636573696, 2636577536]
[2636577792, 2636581632]
[2636581888, 2636585728]
[2636585984, 2636589824]
[2636590080, 2636593920]
[2636594176, 2636598016]
[2636598272, 2636602112]
[2636602368, 2636602880]
[2636603136, 2636606208]
[2636606464, 2636610304]
[2636610560, 2636614400]
[2636614656, 2636618496]
[2636618752, 2636622592]
[2636622848, 2636626688]
[2636626944, 2636630784]
[2636631040, 2636634880]
[2636635136, 2636638976]
[2636639232, 2636643072]
[2636643328, 2636647168]
[2636647424, 2636651264]
[2636651520, 2636655360]
[2636655616, 2636659456]
[2636659712, 2636663552]
[2636663808, 2636667648]
[2636667904, 2636668416]
[2636668672, 2636671744]
[2636672000, 2636675840]
[2636676096, 2636679936]
[2636680192, 2636684032]
[2636684288, 2636688128]
[2636688384, 2636692224]
[2636692480, 2636696320]
[2636696576, 2636700416]
[2636700672, 2636704512]
[2636704768, 2636708608]
[2636708864, 2636712704]
[2636712960, 2636716800]
[2636717056, 2636720896]
[2636721152, 2636724992]
[2636725248, 2636729088]
[2636729344, 2636733184]
[2636733440, 2636733952]
[2636734208, 2636737280]
[2636737536, 2636741376]
[2636741632, 2636745472]
[2636745728, 2636749568]
[2636749824, 2636753664]
[2636753920, 2636757760]
[2636758016, 2636761856]
[2636762112, 2636765952]
[2636766208, 2636770048]
[2636770304, 2636774144]
[2636774400, 2636778240]
[2636778496, 2636782336]
[2636782592, 2636786432]
[2636786688, 2636790528]
[2636790784, 2636794624]
[2636794880, 2636798720]
[2636798976, 2636799488]
[2636799744, 2636802816]
[2636803072, 2636806912]
[2636807168, 2636811008]
[2636811264, 2636815104]
[2636815360, 2636819200]
[2636819456, 2636823296]
[2636823552, 2636827392]
[2636827648, 2636831488]
[2636831744, 2636835584]
[2636835840, 2636839680]
[2636839936, 2636843776]
[2636844032, 2636847872]
[2636848128, 2636851968]
[2636852224, 2636856064]
[2636856320, 2636860160]
[2636860416, 2636864256]
[2636864512, 2636865024]
[2636865280, 2636868352]
[2636868608, 2636872448]
[2636872704, 2636876544]
[2636876800, 2636880640]
[2636880896, 2636884736]
[2636884992, 2636888832]
[2636889088, 2636892928]
[2636893184, 2636897024]
[2636897280, 2636901120]
[2636901376, 2636905216]
[2636905472, 2636909312]
[2636909568, 2636913408]
[2636913664, 2636917504]
[2636917760, 2636921600]
[2636921856, 2636925696]
[2636925952, 2636929792]
[2636930048, 2636930560]
[2636930816, 2636933888]
[2636934144, 2636937984]
[2636938240, 2636942080]
[2636942336, 2636946176]
[2636946432, 2636950272]
[2636950528, 2636954368]
[2636954624, 2636958464]
[2636958720, 2636962560]
[2636962816, 2636966656]
[2636966912, 2636970752]
[2636971008, 2636974848]
[2636975104, 2636978944]
[2636979200, 2636983040]
[2636983296, 2636987136]
[2636987392, 2636991232]
[2636991488, 2636995328]
[2636995584, 2636996096]
[2636996352, 2636999424]
[2636999680, 2637003520]
[2637003776, 2637007616]
[2637007872, 2637011712]
[2637011968, 2637015808]
[2637016064, 2637019904]
[2637020160, 2637024000]
[2637024256, 2637028096]
[2637028352, 2637032192]
[2637032448, 2637036288]
[2637036544, 2637040384]
[2637040640, 2637044480]
[2637044736, 2637048576]
[2637048832, 2637052672]
[2637052928, 2637056768]
[2637057024, 2637060864]
[2637061120, 2637061632]
[2637061888, 2637064960]
[2637065216, 2637069056]
[2637069312, 2637073152]
[2637073408, 2637077248]
[2637077504, 2637081344]
[2637081600, 2637085440]
[2637085696, 2637089536]
[2637089792, 2637093632]
[2637093888, 2637097728]
[2637097984, 2637101824]
[2637102080, 2637105920]
[2637106176, 2637110016]
[2637110272, 2637114112]
[2637114368, 2637118208]
[2637118464, 2637122304]
[2637122560, 2637126400]
[2637126656, 2637127168]
[2637127424, 2637130496]
[2637130752, 2637134592]
[2637134848, 2637138688]
[2637138944, 2637142784]
[2637143040, 2637146880]
[2637147136, 2637150976]
[2637151232, 2637155072]
[2637155328, 2637159168]
[2637159424, 2637163264]
[2637163520, 2637167360]
[2637167616, 2637171456]
[2637171712, 2637175552]
[2637175808, 2637179648]
[2637179904, 2637183744]
[2637184000, 2637187840]
[2637188096, 2637191936]
[2637192192, 2637192704]
[2637192960, 2637196032]
[2637196288, 2637200128]
[2637200384, 2637204224]
[2637204480, 2637208320]
[2637208576, 2637212416]
[2637212672, 2637216512]
[2637216768, 2637220608]
[2637220864, 2637224704]
[2637224960, 2637228800]
[2637229056, 2637232896]
[2637233152, 2637236992]
[2637237248, 2637241088]
[2637241344, 2637245184]
[2637245440, 2637249280]
[2637249536, 2637253376]
[2637253632, 2637257472]
[2637257728, 2637258240]
[2637258496, 2637261568]
[2637261824, 2637265664]
[2637265920, 2637269760]
[2637270016, 2637273856]
[2637274112, 2637277952]
[2637278208, 2637282048]
[2637282304, 2637286144]
[2637286400, 2637290240]
[2637290496, 2637294336]
[2637294592, 2637298432]
[2637298688, 2637302528]
[2637302784, 2637306624]
[2637306880, 2637310720]
[2637310976, 2637314816]
[2637315072, 2637318912]
[2637319168, 2637323008]
[2637323264, 2637323776]
[2637324032, 2637327104]
[2637327360, 2637331200]
[2637331456, 2637335296]
[2637335552, 2637339392]
[2637339648, 2637343488]
[2637343744, 2637347584]
[2637347840, 2637351680]
[2637351936, 2637355776]
[2637356032, 2637359872]
[2637360128, 2637363968]
[2637364224, 2637368064]
[2637368320, 2637372160]
[2637372416, 2637376256]
[2637376512, 2637380352]
[2637380608, 2637384448]
[2637384704, 2637388544]
[2637388800, 2637389312]
[2637389568, 2637392640]
[2637392896, 2637396736]
[2637396992, 2637400832]
[2637401088, 2637404928]
[2637405184, 2637409024]
[2637409280, 2637413120]
[2637413376, 2637417216]
[2637417472, 2637421312]
[2637421568, 2637425408]
[2637425664, 2637429504]
[2637429760, 2637433600]
[2637433856, 2637437696]
[2637437952, 2637441792]
[2637442048, 2637445888]
[2637446144, 2637449984]
[2637450240, 2637454080]
[2637454336, 2637454848]
[2637455104, 2637458176]
[2637458432, 2637462272]
[2637462528, 2637466368]
[2637466624, 2637470464]
[2637470720, 2637474560]
[2637474816, 2637478656]
[2637478912, 2637482752]
[2637483008, 2637486848]
[2637487104, 2637490944]
[2637491200, 2637495040]
[2637495296, 2637499136]
[2637499392, 2637503232]
[2637503488, 2637507328]
[2637507584, 2637511424]
[2637511680, 2637515520]
[2637515776, 2637519616]
[2637519872, 2637520384]
[2637520640, 2637523712]
[2637523968, 2637527808]
[2637528064, 2637531904]
[2637532160, 2637536000]
[2637536256, 2637540096]
[2637540352, 2637544192]
[2637544448, 2637548288]
[2637548544, 2637552384]
[2637552640, 2637556480]
[2637556736, 2637560576]
[2637560832, 2637564672]
[2637564928, 2637568768]
[2637569024, 2637572864]
[2637573120, 2637576960]
[2637577216, 2637581056]
[2637581312, 2637585152]
[2637585408, 2637585920]
[2637586176, 2637589248]
[2637589504, 2637593344]
[2637593600, 2637597440]
[2637597696, 2637601536]
[2637601792, 2637605632]
[2637605888, 2637609728]
[2637609984, 2637613824]
[2637614080, 2637617920]
[2637618176, 2637622016]
[2637622272, 2637626112]
[2637626368, 2637630208]
[2637630464, 2637634304]
[2637634560, 2637638400]
[2637638656, 2637642496]
[2637642752, 2637646592]
[2637646848, 2637650688]
[2637650944, 2637651456]
[2637651712, 2637654784]
[2637655040, 2637658880]
[2637659136, 2637662976]
[2637663232, 2637667072]
[2637667328, 2637671168]
[2637671424, 2637675264]
[2637675520, 2637679360]
[2637679616, 2637683456]
[2637683712, 2637687552]
[2637687808, 2637691648]
[2637691904, 2637695744]
[2637696000, 2637699840]
[2637700096, 2637703936]
[2637704192, 2637708032]
[2637708288, 2637712128]
[2637712384, 2637716224]
[2637716480, 2637716992]
[2637717248, 2637720320]
[2637720576, 2637724416]
[2637724672, 2637728512]
[2637728768, 2637732608]
[2637732864, 2637736704]
[2637736960, 2637740800]
[2637741056, 2637744896]
[2637745152, 2637748992]
[2637749248, 2637753088]
[2637753344, 2637757184]
[2637757440, 2637761280]
[2637761536, 2637765376]
[2637765632, 2637769472]
[2637769728, 2637773568]
[2637773824, 2637777664]
[2637777920, 2637781760]
[2637782016, 2637782528]
[2637782784, 2637785856]
[2637786112, 2637789952]
[2637790208, 2637794048]
[2637794304, 2637798144]
[2637798400, 2637802240]
[2637802496, 2637806336]
[2637806592, 2637810432]
[2637810688, 2637814528]
[2637814784, 2637818624]
[2637818880, 2637822720]
[2637822976, 2637826816]
[2637827072, 2637830912]
[2637831168, 2637835008]
[2637835264, 2637839104]
[2637839360, 2637843200]
[2637843456, 2637847296]
[2637847552, 2637848064]
[2637848320, 2637851392]
[2637851648, 2637855488]
[2637855744, 2637859584]
[2637859840, 2637863680]
[2637863936, 2637867776]
[2637868032, 2637871872]
[2637872128, 2637875968]
[2637876224, 2637880064]
[2637880320, 2637884160]
[2637884416, 2637888256]
[2637888512, 2637892352]
[2637892608, 2637896448]
[2637896704, 2637900544]
[2637900800, 2637904640]
[2637904896, 2637908736]
[2637908992, 2637912832]
[2637913088, 2637913600]
[2637913856, 2637916928]
[2637917184, 2637921024]
[2637921280, 2637925120]
[2637925376, 2637929216]
[2637929472, 2637933312]
[2637933568, 2637937408]
[2637937664, 2637941504]
[2637941760, 2637945600]
[2637945856, 2637949696]
[2637949952, 2637953792]
[2637954048, 2637957888]
[2637958144, 2637961984]
[2637962240, 2637966080]
[2637966336, 2637970176]
[2637970432, 2637974272]
[2637974528, 2637978368]
[2637978624, 2637979136]
[2637979392, 2637982464]
[2637982720, 2637986560]
[2637986816, 2637990656]
[2637990912, 2637994752]
[2637995008, 2637998848]
[2637999104, 2638002944]
[2638003200, 2638007040]
[2638007296, 2638011136]
[2638011392, 2638015232]
[2638015488, 2638019328]
[2638019584, 2638023424]
[2638023680, 2638027520]
[2638027776, 2638031616]
[2638031872, 2638035712]
[2638035968, 2638039808]
[2638040064, 2638043904]
[2638044160, 2638044672]
[2638044928, 2638048000]
[2638048256, 2638052096]
[2638052352, 2638056192]
[2638056448, 2638060288]
[2638060544, 2638064384]
[2638064640, 2638068480]
[2638068736, 2638072576]
[2638072832, 2638076672]
[2638076928, 2638080768]
[2638081024, 2638084864]
[2638085120, 2638088960]
[2638089216, 2638093056]
[2638093312, 2638097152]
[2638097408, 2638101248]
[2638101504, 2638105344]
[2638105600, 2638109440]
[2638109696, 2638110208]
[2638110464, 2638113536]
[2638113792, 2638117632]
[2638117888, 2638121728]
[2638121984, 2638125824]
[2638126080, 2638129920]
[2638130176, 2638134016]
[2638134272, 2638138112]
[2638138368, 2638142208]
[2638142464, 2638146304]
[2638146560, 2638150400]
[2638150656, 2638154496]
[2638154752, 2638158592]
[2638158848, 2638162688]
[2638162944, 2638166784]
[2638167040, 2638170880]
[2638171136, 2638174976]
[2638175232, 2638175744]
[2638176000, 2638179072]
[2638179328, 2638183168]
[2638183424, 2638187264]
[2638187520, 2638191360]
[2638191616, 2638195456]
[2638195712, 2638199552]
[2638199808, 2638203648]
[2638203904, 2638207744]
[2638208000, 2638211840]
[2638212096, 2638215936]
[2638216192, 2638219520]
[2638220288, 2638223616]
[2638224384, 2638227712]
[2638228480, 2638231808]
[2638232576, 2638235904]
[2638236672, 2638240000]
[2638240768, 2638244096]
[2638244864, 2638248192]
[2638248960, 2638252288]
[2638253056, 2638256384]
[2638257152, 2638260480]
[2638261248, 2638264576]
[2638265344, 2638268672]
[2638269440, 2638272768]
[2638273536, 2638276864]
[2638277632, 2638280960]
[2638281728, 2638285056]
[2638285824, 2638289152]
[2638289920, 2638293248]
[2638294016, 2638297344]
[2638298112, 2638301440]
[2638302208, 2638305536]
[2638306304, 2638309632]
[2638310400, 2638313728]
[2638314496, 2638317824]
[2638318592, 2638321920]
[2638322688, 2638326016]
[2638326784, 2638330112]
[2638330880, 2638334208]
[2638334976, 2638338304]
[2638339072, 2638342400]
[2638343168, 2638346496]
[2638347264, 2638350592]
[2638351360, 2638354688]
[2638355456, 2638358784]
[2638359552, 2638362880]
[2638363648, 2638366976]
[2638367744, 2638371072]
[2638371840, 2638375168]
[2638375936, 2638379264]
[2638380032, 2638383360]
[2638384128, 2638387456]
[2638388224, 2638391552]
[2638392320, 2638395648]
[2638396416, 2638399744]
[2638400512, 2638403840]
[2638404608, 2638407936]
[2638408704, 2638412032]
[2638412800, 2638416128]
[2638416896, 2638420224]
[2638420992, 2638424320]
[2638425088, 2638428416]
[2638429184, 2638432512]
[2638433280, 2638436608]
[2638437376, 2638440704]
[2638441472, 2638444800]
[2638445568, 2638448896]
[2638449664, 2638452992]
[2638453760, 2638457088]
[2638457856, 2638461184]
[2638461952, 2638465280]
[2638466048, 2638469376]
[2638470144, 2638473472]
[2638474240, 2638477568]
[2638478336, 2638481664]
[2638482432, 2638485760]
[2638486528, 2638489856]
[2638490624, 2638493952]
[2638494720, 2638498048]
[2638498816, 2638502144]
[2638502912, 2638506240]
[2638507008, 2638510336]
[2638511104, 2638514432]
[2638515200, 2638518528]
[2638519296, 2638522624]
[2638523392, 2638526720]
[2638527488, 2638530816]
[2638531584, 2638534912]
[2638535680, 2638539008]
[2638539776, 2638543104]
[2638543872, 2638547200]
[2638547968, 2638551296]
[2638552064, 2638555392]
[2638556160, 2638559488]
[2638560256, 2638563584]
[2638564352, 2638567680]
[2638568448, 2638571776]
[2638572544, 2638575872]
[2638576640, 2638579968]
[2638580736, 2638584064]
[2638584832, 2638588160]
[2638588928, 2638592256]
[2638593024, 2638596352]
[2638597120, 2638600448]
[2638601216, 2638604544]
[2638605312, 2638608640]
[2638609408, 2638612736]
[2638613504, 2638616832]
[2638617600, 2638620928]
[2638621696, 2638625024]
[2638625792, 2638629120]
[2638629888, 2638633216]
[2638633984, 2638637312]
[2638638080, 2638641408]
[2638642176, 2638645504]
[2638646272, 2638649600]
[2638650368, 2638653696]
[2638654464, 2638657792]
[2638658560, 2638661888]
[2638662656, 2638665984]
[2638666752, 2638670080]
[2638670848, 2638674176]
[2638674944, 2638678272]
[2638679040, 2638682368]
[2638683136, 2638686464]
[2638687232, 2638690560]
[2638691328, 2638694656]
[2638695424, 2638698752]
[2638699520, 2638702848]
[2638703616, 2638706944]
[2638707712, 2638711040]
[2638711808, 2638715136]
[2638715904, 2638719232]
[2638720000, 2638723328]
[2638724096, 2638727424]
[2638728192, 2638731520]
[2638732288, 2638735616]
[2638736384, 2638739712]
[2638740480, 2638743808]
[2638744576, 2638747904]
[2638748672, 2638752000]
[2638752768, 2638756096]
[2638756864, 2638760192]
[2638760960, 2638764288]
[2638765056, 2638768384]
[2638769152, 2638772480]
[2638773248, 2638776576]
[2638777344, 2638780672]
[2638781440, 2638784768]
[2638785536, 2638788864]
[2638789632, 2638792960]
[2638793728, 2638797056]
[2638797824, 2638801152]
[2638801920, 2638805248]
[2638806016, 2638809344]
[2638810112, 2638813440]
[2638814208, 2638817536]
[2638818304, 2638821632]
[2638822400, 2638825728]
[2638826496, 2638829824]
[2638830592, 2638833920]
[2638834688, 2638838016]
[2638838784, 2638842112]
[2638842880, 2638846208]
[2638846976, 2638850304]
[2638851072, 2638854400]
[2638855168, 2638858496]
[2638859264, 2638862592]
[2638863360, 2638866688]
[2638867456, 2638870784]
[2638871552, 2638874880]
[2638875648, 2638878976]
[2638879744, 2638883072]
[2638883840, 2638887168]
[2638887936, 2638891264]
[2638892032, 2638895360]
[2638896128, 2638899456]
[2638900224, 2638903552]
[2638904320, 2638907648]
[2638908416, 2638911744]
[2638912512, 2638915840]
[2638916608, 2638919936]
[2638920704, 2638924032]
[2638924800, 2638928128]
[2638928896, 2638932224]
[2638932992, 2638936320]
[2638937088, 2638940416]
[2638941184, 2638944512]
[2638945280, 2638948608]
[2638949376, 2638952704]
[2638953472, 2638956800]
[2638957568, 2638960896]
[2638961664, 2638964992]
[2638965760, 2638969088]
[2638969856, 2638973184]
[2638973952, 2638977280]
[2638978048, 2638981376]
[2638982144, 2638985472]
[2638986240, 2638989568]
[2638990336, 2638993664]
[2638994432, 2638997760]
[2638998528, 2639001856]
[2639002624, 2639005952]
[2639006720, 2639010048]
[2639010816, 2639014144]
[2639014912, 2639018240]
[2639019008, 2639022336]
[2639023104, 2639026432]
[2639027200, 2639030528]
[2639031296, 2639034624]
[2639035392, 2639038720]
[2639039488, 2639042816]
[2639043584, 2639046912]
[2639047680, 2639051008]
[2639051776, 2639055104]
[2639055872, 2639059200]
[2639059968, 2639063296]
[2639064064, 2639067392]
[2639068160, 2639071488]
[2639072256, 2639075584]
[2639076352, 2639079680]
[2639080448, 2639083776]
[2639084544, 2639087872]
[2639088640, 2639091968]
[2639092736, 2639096064]
[2639096832, 2639100160]
[2639100928, 2639104256]
[2639105024, 2639108352]
[2639109120, 2639112448]
[2639113216, 2639116544]
[2639117312, 2639120640]
[2639121408, 2639124736]
[2639125504, 2639128832]
[2639129600, 2639132928]
[2639133696, 2639137024]
[2639137792, 2639141120]
[2639141888, 2639145216]
[2639145984, 2639149312]
[2639150080, 2639153408]
[2639154176, 2639157504]
[2639158272, 2639161600]
[2639162368, 2639165696]
[2639166464, 2639169792]
[2639170560, 2639173888]
[2639174656, 2639177984]
[2639178752, 2639182080]
[2639182848, 2639186176]
[2639186944, 2639190272]
[2639191040, 2639194368]
[2639195136, 2639198464]
[2639199232, 2639202560]
[2639203328, 2639206656]
[2639207424, 2639210752]
[2639211520, 2639214848]
[2639215616, 2639218944]
[2639219712, 2639223040]
[2639223808, 2639227136]
[2639227904, 2639231232]
[2639232000, 2639235328]
[2639236096, 2639239424]
[2639240192, 2639243520]
[2639244288, 2639247616]
[2639248384, 2639251712]
[2639252480, 2639255808]
[2639256576, 2639259904]
[2639260672, 2639264000]
[2639264768, 2639268096]
[2639268864, 2639272192]
[2639272960, 2639276288]
[2639277056, 2639280384]
[2639281152, 2639284480]
[2639285248, 2639288576]
[2639289344, 2639292672]
[2639293440, 2639296768]
[2639297536, 2639300864]
[2639301632, 2639304960]
[2639305728, 2639309056]
[2639309824, 2639313152]
[2639313920, 2639317248]
[2639318016, 2639321344]
[2639322112, 2639325440]
[2639326208, 2639329536]
[2639330304, 2639333632]
[2639334400, 2639337728]
[2639338496, 2639341824]
[2639342592, 2639345920]
[2639346688, 2639350016]
[2639350784, 2639354112]
[2639354880, 2639358208]
[2639358976, 2639362304]
[2639363072, 2639366400]
[2639367168, 2639370496]
[2639371264, 2639374592]
[2639375360, 2639378688]
[2639379456, 2639382784]
[2639383552, 2639386880]
[2639387648, 2639390976]
[2639391744, 2639395072]
[2639395840, 2639399168]
[2639399936, 2639403264]
[2639404032, 2639407360]
[2639408128, 2639411456]
[2639412224, 2639415552]
[2639416320, 2639419648]
[2639420416, 2639423744]
[2639424512, 2639427840]
[2639428608, 2639431936]
[2639432704, 2639436032]
[2639436800, 2639440128]
[2639440896, 2639444224]
[2639444992, 2639448320]
[2639449088, 2639452416]
[2639453184, 2639456512]
[2639457280, 2639460608]
[2639461376, 2639464704]
[2639465472, 2639468800]
[2639469568, 2639472896]
[2639473664, 2639476992]
[2639477760, 2639481088]
[2639481856, 2639485184]
[2639485952, 2639489280]
[2639490048, 2639493376]
[2639494144, 2639497472]
[2639498240, 2639501568]
[2639502336, 2639505664]
[2639506432, 2639509760]
[2639510528, 2639513856]
[2639514624, 2639517952]
[2639518720, 2639522048]
[2639522816, 2639526144]
[2639526912, 2639530240]
[2639531008, 2639534336]
[2639535104, 2639538432]
[2639539200, 2639542528]
[2639543296, 2639546624]
[2639547392, 2639550720]
[2639551488, 2639554816]
[2639555584, 2639558912]
[2639559680, 2639563008]
[2639563776, 2639567104]
[2639567872, 2639571200]
[2639571968, 2639575296]
[2639576064, 2639579392]
[2639580160, 2639583488]
[2639584256, 2639587584]
[2639588352, 2639591680]
[2639592448, 2639595776]
[2639596544, 2639599872]
[2639600640, 2639603968]
[2639604736, 2639608064]
[2639608832, 2639612160]
[2639612928, 2639616256]
[2639617024, 2639620352]
[2639621120, 2639624448]
[2639625216, 2639628544]
[2639629312, 2639632640]
[2639633408, 2639636736]
[2639637504, 2639640832]
[2639641600, 2639644928]
[2639645696, 2639649024]
[2639649792, 2639653120]
[2639653888, 2639657216]
[2639657984, 2639661312]
[2639662080, 2639665408]
[2639666176, 2639669504]
[2639670272, 2639673600]
[2639674368, 2639677696]
[2639678464, 2639681792]
[2639682560, 2639685888]
[2639686656, 2639689984]
[2639690752, 2639694080]
[2639694848, 2639698176]
[2639698944, 2639702272]
[2639703040, 2639706368]
[2639707136, 2639710464]
[2639711232, 2639714560]
[2639715328, 2639718656]
[2639719424, 2639722752]
[2639723520, 2639726848]
[2639727616, 2639730944]
[2639731712, 2639735040]
[2639735808, 2639739136]
[2639739904, 2639743232]
[2639744000, 2639747328]
[2639748096, 2639751424]
[2639752192, 2639755520]
[2639756288, 2639759616]
[2639760384, 2639763712]
[2639764480, 2639767808]
[2639768576, 2639771904]
[2639772672, 2639776000]
[2639776768, 2639780096]
[2639780864, 2639784192]
[2639784960, 2639788288]
[2639789056, 2639792384]
[2639793152, 2639796480]
[2639797248, 2639800576]
[2639801344, 2639804672]
[2639805440, 2639808768]
[2639809536, 2639812864]
[2639813632, 2639816960]
[2639817728, 2639821056]
[2639821824, 2639825152]
[2639825920, 2639829248]
[2639830016, 2639833344]
[2639834112, 2639837440]
[2639838208, 2639841536]
[2639842304, 2639845632]
[2639846400, 2639849728]
[2639850496, 2639853824]
[2639854592, 2639857920]
[2639858688, 2639862016]
[2639862784, 2639866112]
[2639866880, 2639870208]
[2639870976, 2639874304]
[2639875072, 2639878400]
[2639879168, 2639882496]
[2639883264, 2639886592]
[2639887360, 2639890688]
[2639891456, 2639894784]
[2639895552, 2639898880]
[2639899648, 2639902976]
[2639903744, 2639907072]
[2639907840, 2639911168]
[2639911936, 2639915264]
[2639916032, 2639919360]
[2639920128, 2639923456]
[2639924224, 2639927552]
[2639928320, 2639931648]
[2639932416, 2639935744]
[2639936512, 2639939840]
[2639940608, 2639943936]
[2639944704, 2639948032]
[2639948800, 2639952128]
[2639952896, 2639956224]
[2639956992, 2639960320]
[2639961088, 2639964416]
[2639965184, 2639968512]
[2639969280, 2639972608]
[2639973376, 2639976704]
[2639977472, 2639980800]
[2639981568, 2639984896]
[2639985664, 2639988992]
[2639989760, 2639993088]
[2639993856, 2639997184]
[2639997952, 2640001280]
[2640002048, 2640005376]
[2640006144, 2640009472]
[2640010240, 2640013568]
[2640014336, 2640017664]
[2640018432, 2640021760]
[2640022528, 2640025856]
[2640026624, 2640029952]
[2640030720, 2640034048]
[2640034816, 2640038144]
[2640038912, 2640042240]
[2640043008, 2640046336]
[2640047104, 2640050432]
[2640051200, 2640054528]
[2640055296, 2640058624]
[2640059392, 2640062720]
[2640063488, 2640066816]
[2640067584, 2640070912]
[2640071680, 2640075008]
[2640075776, 2640079104]
[2640079872, 2640083200]
[2640083968, 2640087296]
[2640088064, 2640091392]
[2640092160, 2640095488]
[2640096256, 2640099584]
[2640100352, 2640103680]
[2640104448, 2640107776]
[2640108544, 2640111872]
[2640112640, 2640115968]
[2640116736, 2640120064]
[2640120832, 2640124160]
[2640124928, 2640128256]
[2640129024, 2640132352]
[2640133120, 2640136448]
[2640137216, 2640140544]
[2640141312, 2640144640]
[2640145408, 2640148736]
[2640149504, 2640152832]
[2640153600, 2640156928]
[2640157696, 2640161024]
[2640161792, 2640165120]
[2640165888, 2640169216]
[2640169984, 2640173312]
[2640174080, 2640177408]
[2640178176, 2640181504]
[2640182272, 2640185600]
[2640186368, 2640189696]
[2640190464, 2640193792]
[2640194560, 2640197888]
[2640198656, 2640201984]
[2640202752, 2640206080]
[2640206848, 2640210176]
[2640210944, 2640214272]
[2640215040, 2640218368]
[2640219136, 2640222464]
[2640223232, 2640226560]
[2640227328, 2640230656]
[2640231424, 2640234752]
[2640235520, 2640238848]
[2640239616, 2640242944]
[2640243712, 2640247040]
[2640247808, 2640251136]
[2640251904, 2640255232]
[2640256000, 2640259328]
[2640260096, 2640263424]
[2640264192, 2640267520]
[2640268288, 2640271616]
[2640272384, 2640275712]
[2640276480, 2640279808]
[2640280576, 2640283904]
[2640284672, 2640288000]
[2640288768, 2640292096]
[2640292864, 2640296192]
[2640296960, 2640300288]
[2640301056, 2640304384]
[2640305152, 2640308480]
[2640309248, 2640312576]
[2640313344, 2640317184]
[2640317440, 2640321280]
[2640321536, 2640325376]
[2640325632, 2640329472]
[2640329728, 2640333568]
[2640333824, 2640337664]
[2640337920, 2640341760]
[2640342016, 2640345856]
[2640346112, 2640349952]
[2640350208, 2640354048]
[2640354304, 2640358144]
[2640358400, 2640362240]
[2640362496, 2640366336]
[2640366592, 2640370432]
[2640370688, 2640374528]
[2640374784, 2640378624]
[2640378880, 2640382720]
[2640382976, 2640386816]
[2640387072, 2640390912]
[2640391168, 2640395008]
[2640395264, 2640399104]
[2640399360, 2640403200]
[2640403456, 2640407296]
[2640407552, 2640411392]
[2640411648, 2640415488]
[2640415744, 2640419584]
[2640419840, 2640423680]
[2640423936, 2640427776]
[2640428032, 2640431872]
[2640432128, 2640435968]
[2640436224, 2640440064]
[2640440320, 2640444160]
[2640444416, 2640448256]
[2640448512, 2640452352]
[2640452608, 2640456448]
[2640456704, 2640460544]
[2640460800, 2640464640]
[2640464896, 2640468736]
[2640468992, 2640472832]
[2640473088, 2640476928]
[2640477184, 2640481024]
[2640481280, 2640485120]
[2640485376, 2640489216]
[2640489472, 2640493312]
[2640493568, 2640497408]
[2640497664, 2640501504]
[2640501760, 2640505600]
[2640505856, 2640509696]
[2640509952, 2640513792]
[2640514048, 2640517888]
[2640518144, 2640521984]
[2640522240, 2640526080]
[2640526336, 2640530176]
[2640530432, 2640534272]
[2640534528, 2640538368]
[2640538624, 2640542464]
[2640542720, 2640546560]
[2640546816, 2640550656]
[2640550912, 2640554752]
[2640555008, 2640558848]
[2640559104, 2640562944]
[2640563200, 2640567040]
[2640567296, 2640571136]
[2640571392, 2640575232]
[2640575488, 2640579328]
[2640579584, 2640583424]
[2640583680, 2640587520]
[2640587776, 2640591616]
[2640591872, 2640595712]
[2640595968, 2640599808]
[2640600064, 2640603904]
[2640604160, 2640608000]
[2640608256, 2640612096]
[2640612352, 2640616192]
[2640616448, 2640620288]
[2640620544, 2640624384]
[2640624640, 2640628480]
[2640628736, 2640632576]
[2640632832, 2640636672]
[2640636928, 2640640768]
[2640641024, 2640644864]
[2640645120, 2640648960]
[2640649216, 2640653056]
[2640653312, 2640657152]
[2640657408, 2640661248]
[2640661504, 2640665344]
[2640665600, 2640669440]
[2640669696, 2640673536]
[2640673792, 2640677632]
[2640677888, 2640681728]
[2640681984, 2640685824]
[2640686080, 2640689920]
[2640690176, 2640694016]
[2640694272, 2640698112]
[2640698368, 2640702208]
[2640702464, 2640706304]
[2640706560, 2640710400]
[2640710656, 2640714496]
[2640714752, 2640718592]
[2640718848, 2640722688]
[2640722944, 2640726784]
[2640727040, 2640730880]
[2640731136, 2640734976]
[2640735232, 2640739072]
[2640739328, 2640743168]
[2640743424, 2640747264]
[2640747520, 2640751360]
[2640751616, 2640755456]
[2640755712, 2640759552]
[2640759808, 2640763648]
[2640763904, 2640767744]
[2640768000, 2640771840]
[2640772096, 2640775936]
[2640776192, 2640780032]
[2640780288, 2640784128]
[2640784384, 2640788224]
[2640788480, 2640792320]
[2640792576, 2640796416]
[2640796672, 2640800512]
[2640800768, 2640804608]
[2640804864, 2640808704]
[2640808960, 2640812800]
[2640813056, 2640816896]
[2640817152, 2640820992]
[2640821248, 2640825088]
[2640825344, 2640829184]
[2640829440, 2640833280]
[2640833536, 2640837376]
[2640837632, 2640841472]
[2640841728, 2640845568]
[2640845824, 2640849664]
[2640849920, 2640853760]
[2640854016, 2640857856]
[2640858112, 2640861952]
[2640862208, 2640866048]
[2640866304, 2640870144]
[2640870400, 2640874240]
[2640874496, 2640878336]
[2640878592, 2640882432]
[2640882688, 2640886528]
[2640886784, 2640890624]
[2640890880, 2640894720]
[2640894976, 2640898816]
[2640899072, 2640902912]
[2640903168, 2640907008]
[2640907264, 2640911104]
[2640911360, 2640915200]
[2640915456, 2640919296]
[2640919552, 2640923392]
[2640923648, 2640927488]
[2640927744, 2640931584]
[2640931840, 2640935680]
[2640935936, 2640939776]
[2640940032, 2640943872]
[2640944128, 2640947968]
[2640948224, 2640952064]
[2640952320, 2640956160]
[2640956416, 2640960256]
[2640960512, 2640964352]
[2640964608, 2640968448]
[2640968704, 2640972544]
[2640972800, 2640976640]
[2640976896, 2640980736]
[2640980992, 2640984832]
[2640985088, 2640988928]
[2640989184, 2640993024]
[2640993280, 2640997120]
[2640997376, 2641001216]
[2641001472, 2641005312]
[2641005568, 2641009408]
[2641009664, 2641013504]
[2641013760, 2641017600]
[2641017856, 2641021696]
[2641021952, 2641025792]
[2641026048, 2641029888]
[2641030144, 2641033984]
[2641034240, 2641038080]
[2641038336, 2641042176]
[2641042432, 2641046272]
[2641046528, 2641050368]
[2641050624, 2641054464]
[2641054720, 2641058560]
[2641058816, 2641062656]
[2641062912, 2641066752]
[2641067008, 2641070848]
[2641071104, 2641074944]
[2641075200, 2641079040]
[2641079296, 2641083136]
[2641083392, 2641087232]
[2641087488, 2641091328]
[2641091584, 2641095424]
[2641095680, 2641099520]
[2641099776, 2641103616]
[2641103872, 2641107712]
[2641107968, 2641111808]
[2641112064, 2641115904]
[2641116160, 2641120000]
[2641120256, 2641124096]
[2641124352, 2641128192]
[2641128448, 2641132288]
[2641132544, 2641136384]
[2641136640, 2641140480]
[2641140736, 2641144576]
[2641144832, 2641148672]
[2641148928, 2641152768]
[2641153024, 2641156864]
[2641157120, 2641160960]
[2641161216, 2641165056]
[2641165312, 2641169152]
[2641169408, 2641173248]
[2641173504, 2641177344]
[2641177600, 2641181440]
[2641181696, 2641185536]
[2641185792, 2641189632]
[2641189888, 2641193728]
[2641193984, 2641197824]
[2641198080, 2641201920]
[2641202176, 2641206016]
[2641206272, 2641210112]
[2641210368, 2641214208]
[2641214464, 2641218304]
[2641218560, 2641222400]
[2641222656, 2641226496]
[2641226752, 2641230592]
[2641230848, 2641234688]
[2641234944, 2641238784]
[2641239040, 2641242880]
[2641243136, 2641246976]
[2641247232, 2641251072]
[2641251328, 2641255168]
[2641255424, 2641259264]
[2641259520, 2641263360]
[2641263616, 2641267456]
[2641267712, 2641271552]
[2641271808, 2641275648]
[2641275904, 2641279744]
[2641280000, 2641283840]
[2641284096, 2641287936]
[2641288192, 2641292032]
[2641292288, 2641296128]
[2641296384, 2641300224]
[2641300480, 2641304320]
[2641304576, 2641308416]
[2641308672, 2641312512]
[2641312768, 2641316608]
[2641316864, 2641320704]
[2641320960, 2641324800]
[2641325056, 2641328896]
[2641329152, 2641332992]
[2641333248, 2641337088]
[2641337344, 2641341184]
[2641341440, 2641345280]
[2641345536, 2641349376]
[2641349632, 2641353472]
[2641353728, 2641357568]
[2641357824, 2641361664]
[2641361920, 2641365760]
[2641366016, 2641369856]
[2641370112, 2641373952]
[2641374208, 2641378048]
[2641378304, 2641382144]
[2641382400, 2641386240]
[2641386496, 2641390336]
[2641390592, 2641394432]
[2641394688, 2641398528]
[2641398784, 2641402624]
[2641402880, 2641406720]
[2641406976, 2641410816]
[2641411072, 2641414912]
[2641415168, 2641419008]
[2641419264, 2641423104]
[2641423360, 2641427200]
[2641427456, 2641431296]
[2641431552, 2641435392]
[2641435648, 2641439488]
[2641439744, 2641443584]
[2641443840, 2641447680]
[2641447936, 2641451776]
[2641452032, 2641455872]
[2641456128, 2641459968]
[2641460224, 2641464064]
[2641464320, 2641468160]
[2641468416, 2641472256]
[2641472512, 2641476352]
[2641476608, 2641480448]
[2641480704, 2641484544]
[2641484800, 2641488640]
[2641488896, 2641492736]
[2641492992, 2641496832]
[2641497088, 2641500928]
[2641501184, 2641505024]
[2641505280, 2641509120]
[2641509376, 2641513216]
[2641513472, 2641517312]
[2641517568, 2641521408]
[2641521664, 2641525504]
[2641525760, 2641529600]
[2641529856, 2641533696]
[2641533952, 2641537792]
[2641538048, 2641541888]
[2641542144, 2641545984]
[2641546240, 2641550080]
[2641550336, 2641554176]
[2641554432, 2641558272]
[2641558528, 2641562368]
[2641562624, 2641566464]
[2641566720, 2641570560]
[2641570816, 2641574656]
[2641574912, 2641578752]
[2641579008, 2641582848]
[2641583104, 2641586944]
[2641587200, 2641591040]
[2641591296, 2641595136]
[2641595392, 2641599232]
[2641599488, 2641603328]
[2641603584, 2641607424]
[2641607680, 2641611520]
[2641611776, 2641615616]
[2641615872, 2641619712]
[2641619968, 2641623808]
[2641624064, 2641627904]
[2641628160, 2641632000]
[2641632256, 2641636096]
[2641636352, 2641640192]
[2641640448, 2641644288]
[2641644544, 2641648384]
[2641648640, 2641652480]
[2641652736, 2641656576]
[2641656832, 2641660672]
[2641660928, 2641664768]
[2641665024, 2641668864]
[2641669120, 2641672960]
[2641673216, 2641677056]
[2641677312, 2641681152]
[2641681408, 2641685248]
[2641685504, 2641689344]
[2641689600, 2641693440]
[2641693696, 2641697536]
[2641697792, 2641701632]
[2641701888, 2641705728]
[2641705984, 2641709824]
[2641710080, 2641713920]
[2641714176, 2641718016]
[2641718272, 2641722112]
[2641722368, 2641726208]
[2641726464, 2641730304]
[2641730560, 2641734400]
[2641734656, 2641738496]
[2641738752, 2641742592]
[2641742848, 2641746688]
[2641746944, 2641750784]
[2641751040, 2641754880]
[2641755136, 2641758976]
[2641759232, 2641763072]
[2641763328, 2641767168]
[2641767424, 2641771264]
[2641771520, 2641775360]
[2641775616, 2641779456]
[2641779712, 2641783552]
[2641783808, 2641787648]
[2641787904, 2641791744]
[2641792000, 2641795840]
[2641796096, 2641799936]
[2641800192, 2641804032]
[2641804288, 2641808128]
[2641808384, 2641812224]
[2641812480, 2641816320]
[2641816576, 2641820416]
[2641820672, 2641824512]
[2641824768, 2641828608]
[2641828864, 2641832704]
[2641832960, 2641836800]
[2641837056, 2641840896]
[2641841152, 2641844992]
[2641845248, 2641849088]
[2641849344, 2641853184]
[2641853440, 2641857280]
[2641857536, 2641861376]
[2641861632, 2641865472]
[2641865728, 2641869568]
[2641869824, 2641873664]
[2641873920, 2641877760]
[2641878016, 2641881856]
[2641882112, 2641885952]
[2641886208, 2641890048]
[2641890304, 2641894144]
[2641894400, 2641898240]
[2641898496, 2641902336]
[2641902592, 2641906432]
[2641906688, 2641910528]
[2641910784, 2641914624]
[2641914880, 2641918720]
[2641918976, 2641922816]
[2641923072, 2641926912]
[2641927168, 2641931008]
[2641931264, 2641935104]
[2641935360, 2641939200]
[2641939456, 2641943296]
[2641943552, 2641947392]
[2641947648, 2641951488]
[2641951744, 2641955584]
[2641955840, 2641959680]
[2641959936, 2641963776]
[2641964032, 2641967872]
[2641968128, 2641971968]
[2641972224, 2641976064]
[2641976320, 2641980160]
[2641980416, 2641984256]
[2641984512, 2641988352]
[2641988608, 2641992448]
[2641992704, 2641996544]
[2641996800, 2642000640]
[2642000896, 2642004736]
[2642004992, 2642008832]
[2642009088, 2642012928]
[2642013184, 2642017024]
[2642017280, 2642021120]
[2642021376, 2642025216]
[2642025472, 2642029312]
[2642029568, 2642033408]
[2642033664, 2642037504]
[2642037760, 2642041600]
[2642041856, 2642045696]
[2642045952, 2642049792]
[2642050048, 2642053888]
[2642054144, 2642057984]
[2642058240, 2642062080]
[2642062336, 2642066176]
[2642066432, 2642070272]
[2642070528, 2642074368]
[2642074624, 2642078464]
[2642078720, 2642082560]
[2642082816, 2642086656]
[2642086912, 2642090752]
[2642091008, 2642094848]
[2642095104, 2642098944]
[2642099200, 2642103040]
[2642103296, 2642107136]
[2642107392, 2642111232]
[2642111488, 2642115328]
[2642115584, 2642119424]
[2642119680, 2642123520]
[2642123776, 2642127616]
[2642127872, 2642131712]
[2642131968, 2642135808]
[2642136064, 2642139904]
[2642140160, 2642144000]
[2642144256, 2642148096]
[2642148352, 2642152192]
[2642152448, 2642156288]
[2642156544, 2642160384]
[2642160640, 2642164480]
[2642164736, 2642168576]
[2642168832, 2642172672]
[2642172928, 2642176768]
[2642177024, 2642180864]
[2642181120, 2642184960]
[2642185216, 2642189056]
[2642189312, 2642193152]
[2642193408, 2642197248]
[2642197504, 2642201344]
[2642201600, 2642205440]
[2642205696, 2642209536]
[2642209792, 2642213632]
[2642213888, 2642217728]
[2642217984, 2642221824]
[2642222080, 2642225920]
[2642226176, 2642230016]
[2642230272, 2642234112]
[2642234368, 2642238208]
[2642238464, 2642242304]
[2642242560, 2642246400]
[2642246656, 2642250496]
[2642250752, 2642254592]
[2642254848, 2642258688]
[2642258944, 2642262784]
[2642263040, 2642266880]
[2642267136, 2642270976]
[2642271232, 2642275072]
[2642275328, 2642279168]
[2642279424, 2642283264]
[2642283520, 2642287360]
[2642287616, 2642291456]
[2642291712, 2642295552]
[2642295808, 2642299648]
[2642299904, 2642303744]
[2642304000, 2642307840]
[2642308096, 2642311936]
[2642312192, 2642316032]
[2642316288, 2642320128]
[2642320384, 2642324224]
[2642324480, 2642328320]
[2642328576, 2642332416]
[2642332672, 2642336512]
[2642336768, 2642340608]
[2642340864, 2642344704]
[2642344960, 2642348800]
[2642349056, 2642352896]
[2642353152, 2642356992]
[2642357248, 2642361088]
[2642361344, 2642365184]
[2642365440, 2642369280]
[2642369536, 2642373376]
[2642373632, 2642377472]
[2642377728, 2642381568]
[2642381824, 2642385664]
[2642385920, 2642389760]
[2642390016, 2642393856]
[2642394112, 2642397952]
[2642398208, 2642402048]
[2642402304, 2642406144]
[2642406400, 2642410240]
[2642410496, 2642413824]
[2642414592, 2642417920]
[2642418688, 2642422016]
[2642422784, 2642426112]
[2642426880, 2642430208]
[2642430976, 2642434304]
[2642435072, 2642435584]
[2642435840, 2642438400]
[2642439168, 2642442496]
[2642443264, 2642446592]
[2642447360, 2642450688]
[2642451456, 2642454784]
[2642455552, 2642458880]
[2642459648, 2642462976]
[2642463744, 2642467072]
[2642467840, 2642471168]
[2642471936, 2642475264]
[2642476032, 2642479360]
[2642480128, 2642483456]
[2642484224, 2642487552]
[2642488320, 2642491648]
[2642492416, 2642495744]
[2642496512, 2642499840]
[2642500608, 2642501120]
[2642501376, 2642503936]
[2642504704, 2642508032]
[2642508800, 2642512128]
[2642512896, 2642516224]
[2642516992, 2642520320]
[2642521088, 2642524416]
[2642525184, 2642528512]
[2642529280, 2642532608]
[2642533376, 2642536704]
[2642537472, 2642540800]
[2642541568, 2642544896]
[2642545664, 2642548992]
[2642549760, 2642553088]
[2642553856, 2642557184]
[2642557952, 2642561280]
[2642562048, 2642565376]
[2642566144, 2642566656]
[2642566912, 2642569472]
[2642570240, 2642573568]
[2642574336, 2642577664]
[2642578432, 2642581760]
[2642582528, 2642585856]
[2642586624, 2642589952]
[2642590720, 2642594048]
[2642594816, 2642598144]
[2642598912, 2642602240]
[2642603008, 2642606336]
[2642607104, 2642610432]
[2642611200, 2642614528]
[2642615296, 2642618624]
[2642619392, 2642622720]
[2642623488, 2642626816]
[2642627584, 2642630912]
[2642631680, 2642632192]
[2642632448, 2642635008]
[2642635776, 2642639104]
[2642639872, 2642643200]
[2642643968, 2642647296]
[2642648064, 2642651392]
[2642652160, 2642655488]
[2642656256, 2642659584]
[2642660352, 2642663680]
[2642664448, 2642667776]
[2642668544, 2642671872]
[2642672640, 2642675968]
[2642676736, 2642680064]
[2642680832, 2642684160]
[2642684928, 2642688256]
[2642689024, 2642692352]
[2642693120, 2642696448]
[2642697216, 2642697728]
[2642697984, 2642700544]
[2642701312, 2642704640]
[2642705408, 2642708736]
[2642709504, 2642712832]
[2642713600, 2642716928]
[2642717696, 2642721024]
[2642721792, 2642725120]
[2642725888, 2642729216]
[2642729984, 2642733312]
[2642734080, 2642737408]
[2642738176, 2642741504]
[2642742272, 2642745600]
[2642746368, 2642749696]
[2642750464, 2642753792]
[2642754560, 2642757888]
[2642758656, 2642761984]
[2642762752, 2642763264]
[2642763520, 2642766080]
[2642766848, 2642770176]
[2642770944, 2642774272]
[2642775040, 2642778368]
[2642779136, 2642782464]
[2642783232, 2642786560]
[2642787328, 2642790656]
[2642791424, 2642794752]
[2642795520, 2642798848]
[2642799616, 2642802944]
[2642803712, 2642807040]
[2642807808, 2642811136]
[2642811904, 2642815232]
[2642816000, 2642819328]
[2642820096, 2642823424]
[2642824192, 2642827520]
[2642828288, 2642828800]
[2642829056, 2642831616]
[2642832384, 2642835712]
[2642836480, 2642839808]
[2642840576, 2642843904]
[2642844672, 2642848000]
[2642848768, 2642852096]
[2642852864, 2642856192]
[2642856960, 2642860288]
[2642861056, 2642864384]
[2642865152, 2642868480]
[2642869248, 2642872576]
[2642873344, 2642876672]
[2642877440, 2642880768]
[2642881536, 2642884864]
[2642885632, 2642888960]
[2642889728, 2642893056]
[2642893824, 2642894336]
[2642894592, 2642897152]
[2642897920, 2642901248]
[2642902016, 2642905344]
[2642906112, 2642909440]
[2642910208, 2642913536]
[2642914304, 2642917632]
[2642918400, 2642921728]
[2642922496, 2642925824]
[2642926592, 2642929920]
[2642930688, 2642934016]
[2642934784, 2642938112]
[2642938880, 2642942208]
[2642942976, 2642946304]
[2642947072, 2642950400]
[2642951168, 2642954496]
[2642955264, 2642958592]
[2642959360, 2642959872]
[2642960128, 2642962688]
[2642963456, 2642966784]
[2642967552, 2642970880]
[2642971648, 2642974976]
[2642975744, 2642979072]
[2642979840, 2642983168]
[2642983936, 2642987264]
[2642988032, 2642991360]
[2642992128, 2642995456]
[2642996224, 2642999552]
[2643000320, 2643003648]
[2643004416, 2643007744]
[2643008512, 2643011840]
[2643012608, 2643015936]
[2643016704, 2643020032]
[2643020800, 2643024128]
[2643024896, 2643025408]
[2643025664, 2643028224]
[2643028992, 2643032320]
[2643033088, 2643036416]
[2643037184, 2643040512]
[2643041280, 2643044608]
[2643045376, 2643048704]
[2643049472, 2643052800]
[2643053568, 2643056896]
[2643057664, 2643060992]
[2643061760, 2643065088]
[2643065856, 2643069184]
[2643069952, 2643073280]
[2643074048, 2643077376]
[2643078144, 2643081472]
[2643082240, 2643085568]
[2643086336, 2643089664]
[2643090432, 2643090944]
[2643091200, 2643093760]
[2643094528, 2643097856]
[2643098624, 2643101952]
[2643102720, 2643106048]
[2643106816, 2643110144]
[2643110912, 2643114240]
[2643115008, 2643118336]
[2643119104, 2643122432]
[2643123200, 2643126528]
[2643127296, 2643130624]
[2643131392, 2643134720]
[2643135488, 2643138816]
[2643139584, 2643142912]
[2643143680, 2643147008]
[2643147776, 2643151104]
[2643151872, 2643155200]
[2643155968, 2643156480]
[2643156736, 2643159296]
[2643160064, 2643163392]
[2643164160, 2643167488]
[2643168256, 2643171584]
[2643172352, 2643175680]
[2643176448, 2643179776]
[2643180544, 2643183872]
[2643184640, 2643187968]
[2643188736, 2643192064]
[2643192832, 2643196160]
[2643196928, 2643200256]
[2643201024, 2643204352]
[2643205120, 2643208448]
[2643209216, 2643212544]
[2643213312, 2643216640]
[2643217408, 2643220736]
[2643221504, 2643222016]
[2643222272, 2643224832]
[2643225600, 2643228928]
[2643229696, 2643233024]
[2643233792, 2643237120]
[2643237888, 2643241216]
[2643241984, 2643245312]
[2643246080, 2643249408]
[2643250176, 2643253504]
[2643254272, 2643257600]
[2643258368, 2643261696]
[2643262464, 2643265792]
[2643266560, 2643269888]
[2643270656, 2643273984]
[2643274752, 2643278080]
[2643278848, 2643282176]
[2643282944, 2643286272]
[2643287040, 2643287552]
[2643287808, 2643290368]
[2643291136, 2643294464]
[2643295232, 2643298560]
[2643299328, 2643302656]
[2643303424, 2643306752]
[2643307520, 2643310848]
[2643311616, 2643314944]
[2643315712, 2643319040]
[2643319808, 2643323136]
[2643323904, 2643327232]
[2643328000, 2643331328]
[2643332096, 2643335424]
[2643336192, 2643339520]
[2643340288, 2643343616]
[2643344384, 2643347712]
[2643348480, 2643351808]
[2643352576, 2643353088]
[2643353344, 2643355904]
[2643356672, 2643360000]
[2643360768, 2643364096]
[2643364864, 2643368192]
[2643368960, 2643372288]
[2643373056, 2643376384]
[2643377152, 2643380480]
[2643381248, 2643384576]
[2643385344, 2643388672]
[2643389440, 2643392768]
[2643393536, 2643396864]
[2643397632, 2643400960]
[2643401728, 2643405056]
[2643405824, 2643409152]
[2643409920, 2643413248]
[2643414016, 2643417344]
[2643418112, 2643418624]
[2643418880, 2643421440]
[2643422208, 2643425536]
[2643426304, 2643429632]
[2643430400, 2643433728]
[2643434496, 2643437824]
[2643438592, 2643441920]
[2643442688, 2643446016]
[2643446784, 2643450112]
[2643450880, 2643454208]
[2643454976, 2643458304]
[2643459072, 2643462400]
[2643463168, 2643466496]
[2643467264, 2643470592]
[2643471360, 2643474688]
[2643475456, 2643478784]
[2643479552, 2643482880]
[2643483648, 2643484160]
[2643484416, 2643486976]
[2643487744, 2643491072]
[2643491840, 2643495168]
[2643495936, 2643499264]
[2643500032, 2643503360]
[2643504128, 2643507456]
[2643508224, 2643511552]
[2643512320, 2643515648]
[2643516416, 2643519744]
[2643520512, 2643523840]
[2643524608, 2643527936]
[2643528704, 2643532032]
[2643532800, 2643536128]
[2643536896, 2643540224]
[2643540992, 2643544320]
[2643545088, 2643548416]
[2643549184, 2643549696]
[2643549952, 2643552512]
[2643553280, 2643556608]
[2643557376, 2643560704]
[2643561472, 2643564800]
[2643565568, 2643568896]
[2643569664, 2643572992]
[2643573760, 2643577088]
[2643577856, 2643581184]
[2643581952, 2643585280]
[2643586048, 2643589376]
[2643590144, 2643593472]
[2643594240, 2643597568]
[2643598336, 2643601664]
[2643602432, 2643605760]
[2643606528, 2643609856]
[2643610624, 2643613952]
[2643614720, 2643615232]
[2643615488, 2643618048]
[2643618816, 2643622144]
[2643622912, 2643626240]
[2643627008, 2643630336]
[2643631104, 2643634432]
[2643635200, 2643638528]
[2643639296, 2643642624]
[2643643392, 2643646720]
[2643647488, 2643650816]
[2643651584, 2643654912]
[2643655680, 2643659008]
[2643659776, 2643663104]
[2643663872, 2643667200]
[2643667968, 2643671296]
[2643672064, 2643675392]
[2643676160, 2643679488]
[2643680256, 2643680768]
[2643681024, 2643683584]
[2643684352, 2643687680]
[2643688448, 2643691776]
[2643692544, 2643695872]
[2643696640, 2643699968]
[2643700736, 2643704064]
[2643704832, 2643708160]
[2643708928, 2643712256]
[2643713024, 2643716352]
[2643717120, 2643720448]
[2643721216, 2643724544]
[2643725312, 2643728640]
[2643729408, 2643732736]
[2643733504, 2643736832]
[2643737600, 2643740928]
[2643741696, 2643745024]
[2643745792, 2643746304]
[2643746560, 2643749120]
[2643749888, 2643753216]
[2643753984, 2643757312]
[2643758080, 2643761408]
[2643762176, 2643765504]
[2643766272, 2643769600]
[2643770368, 2643773696]
[2643774464, 2643777792]
[2643778560, 2643781888]
[2643782656, 2643785984]
[2643786752, 2643790080]
[2643790848, 2643794176]
[2643794944, 2643798272]
[2643799040, 2643802368]
[2643803136, 2643806464]
[2643807232, 2643810560]
[2643811328, 2643811840]
[2643812096, 2643814656]
[2643815424, 2643818752]
[2643819520, 2643822848]
[2643823616, 2643826944]
[2643827712, 2643831040]
[2643831808, 2643835136]
[2643835904, 2643839232]
[2643840000, 2643843328]
[2643844096, 2643847424]
[2643848192, 2643851520]
[2643852288, 2643855616]
[2643856384, 2643859712]
[2643860480, 2643863808]
[2643864576, 2643867904]
[2643868672, 2643872000]
[2643872768, 2643876096]
[2643876864, 2643877376]
[2643877632, 2643880192]
[2643880960, 2643884288]
[2643885056, 2643888384]
[2643889152, 2643892480]
[2643893248, 2643896576]
[2643897344, 2643900672]
[2643901440, 2643904768]
[2643905536, 2643908864]
[2643909632, 2643912960]
[2643913728, 2643917056]
[2643917824, 2643921152]
[2643921920, 2643925248]
[2643926016, 2643929344]
[2643930112, 2643933440]
[2643934208, 2643937536]
[2643938304, 2643941632]
[2643942400, 2643942912]
[2643943168, 2643945728]
[2643946496, 2643949824]
[2643950592, 2643953920]
[2643954688, 2643958016]
[2643958784, 2643962112]
[2643962880, 2643966208]
[2643966976, 2643970304]
[2643971072, 2643974400]
[2643975168, 2643978496]
[2643979264, 2643982592]
[2643983360, 2643986688]
[2643987456, 2643990784]
[2643991552, 2643994880]
[2643995648, 2643998976]
[2643999744, 2644003072]
[2644003840, 2644007168]
[2644007936, 2644008448]
[2644008704, 2644011264]
[2644012032, 2644015360]
[2644016128, 2644019456]
[2644020224, 2644023552]
[2644024320, 2644027648]
[2644028416, 2644031744]
[2644032512, 2644035840]
[2644036608, 2644039936]
[2644040704, 2644044032]
[2644044800, 2644048128]
[2644048896, 2644052224]
[2644052992, 2644056320]
[2644057088, 2644060416]
[2644061184, 2644064512]
[2644065280, 2644068608]
[2644069376, 2644072704]
[2644073472, 2644073984]
[2644074240, 2644076800]
[2644077568, 2644080896]
[2644081664, 2644084992]
[2644085760, 2644089088]
[2644089856, 2644093184]
[2644093952, 2644097280]
[2644098048, 2644101376]
[2644102144, 2644105472]
[2644106240, 2644109568]
[2644110336, 2644113664]
[2644114432, 2644117760]
[2644118528, 2644121856]
[2644122624, 2644125952]
[2644126720, 2644130048]
[2644130816, 2644134144]
[2644134912, 2644138240]
[2644139008, 2644139520]
[2644139776, 2644142336]
[2644143104, 2644146432]
[2644147200, 2644150528]
[2644151296, 2644154624]
[2644155392, 2644158720]
[2644159488, 2644162816]
[2644163584, 2644166912]
[2644167680, 2644171008]
[2644171776, 2644175104]
[2644175872, 2644179200]
[2644179968, 2644183296]
[2644184064, 2644187392]
[2644188160, 2644191488]
[2644192256, 2644195584]
[2644196352, 2644199680]
[2644200448, 2644203776]
[2644204544, 2644205056]
[2644205312, 2644207872]
[2644208640, 2644211968]
[2644212736, 2644216064]
[2644216832, 2644220160]
[2644220928, 2644224256]
[2644225024, 2644228352]
[2644229120, 2644232448]
[2644233216, 2644236544]
[2644237312, 2644240640]
[2644241408, 2644244736]
[2644245504, 2644248832]
[2644249600, 2644252928]
[2644253696, 2644257024]
[2644257792, 2644261120]
[2644261888, 2644265216]
[2644265984, 2644269312]
[2644270080, 2644270592]
[2644270848, 2644273408]
[2644274176, 2644277504]
[2644278272, 2644281600]
[2644282368, 2644285696]
[2644286464, 2644289792]
[2644290560, 2644293888]
[2644294656, 2644297984]
[2644298752, 2644302080]
[2644302848, 2644306176]
[2644306944, 2644310272]
[2644311040, 2644314368]
[2644315136, 2644318464]
[2644319232, 2644322560]
[2644323328, 2644326656]
[2644327424, 2644330752]
[2644331520, 2644334848]
[2644335616, 2644336128]
[2644336384, 2644338944]
[2644339712, 2644343040]
[2644343808, 2644347136]
[2644347904, 2644351232]
[2644352000, 2644355328]
[2644356096, 2644359424]
[2644360192, 2644363520]
[2644364288, 2644367616]
[2644368384, 2644371712]
[2644372480, 2644375808]
[2644376576, 2644379904]
[2644380672, 2644384000]
[2644384768, 2644388096]
[2644388864, 2644392192]
[2644392960, 2644396288]
[2644397056, 2644400384]
[2644401152, 2644401664]
[2644401920, 2644404480]
[2644405248, 2644408576]
[2644409344, 2644412672]
[2644413440, 2644416768]
[2644417536, 2644420864]
[2644421632, 2644424960]
[2644425728, 2644429056]
[2644429824, 2644433152]
[2644433920, 2644437248]
[2644438016, 2644441344]
[2644442112, 2644445440]
[2644446208, 2644449536]
[2644450304, 2644453632]
[2644454400, 2644457728]
[2644458496, 2644461824]
[2644462592, 2644465920]
[2644466688, 2644470016]
[2644470784, 2644474112]
[2644474880, 2644478208]
[2644478976, 2644482304]
[2644483072, 2644486400]
[2644487168, 2644490496]
[2644491264, 2644494592]
[2644495360, 2644498688]
[2644499456, 2644502784]
[2644503552, 2644506880]
[2644507648, 2644532736]
[2644532992, 2644598272]
[2644598528, 2644663808]
[2644664064, 2644729344]
[2644729600, 2644794880]
[2644795136, 2644860416]
[2644860672, 2644925952]
[2644926208, 2644991488]
[2644991744, 2645057024]
[2645057280, 2645122560]
[2645122816, 2645188096]
[2645188352, 2645253632]
[2645253888, 2645319168]
[2645319424, 2645384704]
[2645384960, 2645450240]
[2645450496, 2645515776]
[2645516032, 2645581312]
[2645581568, 2645646848]
[2645647104, 2645712384]
[2645712640, 2645777920]
[2645778176, 2645843456]
[2645843712, 2645908992]
[2645909248, 2645974528]
[2645974784, 2646040064]
[2646040320, 2646105600]
[2646105856, 2646171136]
[2646171392, 2646236672]
[2646236928, 2646302208]
[2646302464, 2646367744]
[2646368000, 2646433280]
[2646433536, 2646498816]
[2646499072, 2646564352]
[2646564608, 2646608128]
[2646608896, 2646612224]
[2646612992, 2646616320]
[2646617088, 2646620416]
[2646621184, 2646624512]
[2646625280, 2646628608]
[2646629376, 2646632704]
[2646633472, 2646636800]
[2646637568, 2646640896]
[2646641664, 2646644992]
[2646645760, 2646649088]
[2646649856, 2646653184]
[2646653952, 2646657280]
[2646658048, 2646661376]
[2646662144, 2646665472]
[2646666240, 2646669568]
[2646670336, 2646673664]
[2646674432, 2646677760]
[2646678528, 2646681856]
[2646682624, 2646685952]
[2646686720, 2646690048]
[2646690816, 2646694144]
[2646694912, 2646698240]
[2646699008, 2646702336]
[2646703104, 2646706432]
[2646707200, 2646710528]
[2646711296, 2646714624]
[2646715392, 2646718720]
[2646719488, 2646722816]
[2646723584, 2646726912]
[2646727680, 2646731008]
[2646731776, 2646735104]
[2646735872, 2646739200]
[2646739968, 2646743296]
[2646744064, 2646747392]
[2646748160, 2646751488]
[2646752256, 2646755584]
[2646756352, 2646759680]
[2646760448, 2646763776]
[2646764544, 2646767872]
[2646768640, 2646771968]
[2646772736, 2646776064]
[2646776832, 2646780160]
[2646780928, 2646784256]
[2646785024, 2646788352]
[2646789120, 2646792448]
[2646793216, 2646796544]
[2646797312, 2646800640]
[2646801408, 2646804736]
[2646805504, 2646808832]
[2646809600, 2646812928]
[2646813696, 2646817024]
[2646817792, 2646821120]
[2646821888, 2646825216]
[2646825984, 2646829312]
[2646830080, 2646833408]
[2646834176, 2646837504]
[2646838272, 2646841600]
[2646842368, 2646845696]
[2646846464, 2646849792]
[2646850560, 2646853888]
[2646854656, 2646857984]
[2646858752, 2646862080]
[2646862848, 2646866176]
[2646866944, 2646870272]
[2646871040, 2646874368]
[2646875136, 2646878464]
[2646879232, 2646882560]
[2646883328, 2646886656]
[2646887424, 2646890752]
[2646891520, 2646894848]
[2646895616, 2646898944]
[2646899712, 2646903040]
[2646903808, 2646907136]
[2646907904, 2646911232]
[2646912000, 2646915328]
[2646916096, 2646919424]
[2646920192, 2646923520]
[2646924288, 2646927616]
[2646928384, 2646931712]
[2646932480, 2646935808]
[2646936576, 2646939904]
[2646940672, 2646944000]
[2646944768, 2646948096]
[2646948864, 2646952192]
[2646952960, 2646956288]
[2646957056, 2646960384]
[2646961152, 2646964480]
[2646965248, 2646968576]
[2646969344, 2646972672]
[2646973440, 2646976768]
[2646977536, 2646980864]
[2646981632, 2646984960]
[2646985728, 2646989056]
[2646989824, 2646993152]
[2646993920, 2646997248]
[2646998016, 2647001344]
[2647002112, 2647005440]
[2647006208, 2647009536]
[2647010304, 2647013632]
[2647014400, 2647017728]
[2647018496, 2647021824]
[2647022592, 2647025920]
[2647026688, 2647030016]
[2647030784, 2647034112]
[2647034880, 2647038208]
[2647038976, 2647042304]
[2647043072, 2647046400]
[2647047168, 2647050496]
[2647051264, 2647054592]
[2647055360, 2647058688]
[2647059456, 2647062784]
[2647063552, 2647066880]
[2647067648, 2647070976]
[2647071744, 2647075072]
[2647075840, 2647079168]
[2647079936, 2647083264]
[2647084032, 2647087360]
[2647088128, 2647091456]
[2647092224, 2647095552]
[2647096320, 2647099648]
[2647100416, 2647103744]
[2647104512, 2647107840]
[2647108608, 2647111936]
[2647112704, 2647116032]
[2647116800, 2647120128]
[2647120896, 2647124224]
[2647124992, 2647128320]
[2647129088, 2647132416]
[2647133184, 2647136512]
[2647137280, 2647140608]
[2647141376, 2647144704]
[2647145472, 2647148800]
[2647149568, 2647152896]
[2647153664, 2647156992]
[2647157760, 2647161088]
[2647161856, 2647165184]
[2647165952, 2647169280]
[2647170048, 2647173376]
[2647174144, 2647177472]
[2647178240, 2647181568]
[2647182336, 2647185664]
[2647186432, 2647189760]
[2647190528, 2647193856]
[2647194624, 2647197952]
[2647198720, 2647202048]
[2647202816, 2647206144]
[2647206912, 2647210240]
[2647211008, 2647214336]
[2647215104, 2647218432]
[2647219200, 2647222528]
[2647223296, 2647226624]
[2647227392, 2647230720]
[2647231488, 2647234816]
[2647235584, 2647238912]
[2647239680, 2647243008]
[2647243776, 2647247104]
[2647247872, 2647251200]
[2647251968, 2647255296]
[2647256064, 2647259392]
[2647260160, 2647263488]
[2647264256, 2647267584]
[2647268352, 2647271680]
[2647272448, 2647275776]
[2647276544, 2647279872]
[2647280640, 2647283968]
[2647284736, 2647288064]
[2647288832, 2647292160]
[2647292928, 2647296256]
[2647297024, 2647300352]
[2647301120, 2647304448]
[2647305216, 2647308544]
[2647309312, 2647312640]
[2647313408, 2647316736]
[2647317504, 2647320832]
[2647321600, 2647324928]
[2647325696, 2647329024]
[2647329792, 2647333120]
[2647333888, 2647337216]
[2647337984, 2647341312]
[2647342080, 2647345408]
[2647346176, 2647349504]
[2647350272, 2647353600]
[2647354368, 2647357696]
[2647358464, 2647361792]
[2647362560, 2647365888]
[2647366656, 2647369984]
[2647370752, 2647374080]
[2647374848, 2647378176]
[2647378944, 2647382272]
[2647383040, 2647386368]
[2647387136, 2647390464]
[2647391232, 2647394560]
[2647395328, 2647398656]
[2647399424, 2647402752]
[2647403520, 2647406848]
[2647407616, 2647410944]
[2647411712, 2647415040]
[2647415808, 2647419136]
[2647419904, 2647423232]
[2647424000, 2647427328]
[2647428096, 2647431424]
[2647432192, 2647435520]
[2647436288, 2647439616]
[2647440384, 2647443712]
[2647444480, 2647447808]
[2647448576, 2647451904]
[2647452672, 2647456000]
[2647456768, 2647460096]
[2647460864, 2647464192]
[2647464960, 2647468288]
[2647469056, 2647472384]
[2647473152, 2647476480]
[2647477248, 2647480576]
[2647481344, 2647484672]
[2647485440, 2647488768]
[2647489536, 2647492864]
[2647493632, 2647496960]
[2647497728, 2647501056]
[2647501824, 2647505152]
[2647505920, 2647509248]
[2647510016, 2647513344]
[2647514112, 2647517440]
[2647518208, 2647521536]
[2647522304, 2647525632]
[2647526400, 2647529728]
[2647530496, 2647533824]
[2647534592, 2647537920]
[2647538688, 2647542016]
[2647542784, 2647546112]
[2647546880, 2647550208]
[2647550976, 2647554304]
[2647555072, 2647558400]
[2647559168, 2647562496]
[2647563264, 2647566592]
[2647567360, 2647570688]
[2647571456, 2647574784]
[2647575552, 2647578880]
[2647579648, 2647582976]
[2647583744, 2647587072]
[2647587840, 2647591168]
[2647591936, 2647595264]
[2647596032, 2647599360]
[2647600128, 2647603456]
[2647604224, 2647607552]
[2647608320, 2647611648]
[2647612416, 2647615744]
[2647616512, 2647619840]
[2647620608, 2647623936]
[2647624704, 2647628032]
[2647628800, 2647632128]
[2647632896, 2647636224]
[2647636992, 2647640320]
[2647641088, 2647644416]
[2647645184, 2647648512]
[2647649280, 2647652608]
[2647653376, 2647656704]
[2647657472, 2647660800]
[2647661568, 2647664896]
[2647665664, 2647668992]
[2647669760, 2647673088]
[2647673856, 2647677184]
[2647677952, 2647681280]
[2647682048, 2647685376]
[2647686144, 2647689472]
[2647690240, 2647693568]
[2647694336, 2647697664]
[2647698432, 2647701760]
[2647702528, 2647705856]
[2647706624, 2647709952]
[2647710720, 2647714048]
[2647714816, 2647718144]
[2647718912, 2647722240]
[2647723008, 2647726336]
[2647727104, 2647730432]
[2647731200, 2647734528]
[2647735296, 2647738624]
[2647739392, 2647742720]
[2647743488, 2647746816]
[2647747584, 2647750912]
[2647751680, 2647755008]
[2647755776, 2647759104]
[2647759872, 2647763200]
[2647763968, 2647767296]
[2647768064, 2647771392]
[2647772160, 2647775488]
[2647776256, 2647779584]
[2647780352, 2647783680]
[2647784448, 2647787776]
[2647788544, 2647791872]
[2647792640, 2647795968]
[2647796736, 2647800064]
[2647800832, 2647804160]
[2647804928, 2647808256]
[2647809024, 2647812352]
[2647813120, 2647816448]
[2647817216, 2647820544]
[2647821312, 2647824640]
[2647825408, 2647828736]
[2647829504, 2647832832]
[2647833600, 2647836928]
[2647837696, 2647841024]
[2647841792, 2647845120]
[2647845888, 2647849216]
[2647849984, 2647853312]
[2647854080, 2647857408]
[2647858176, 2647861504]
[2647862272, 2647865600]
[2647866368, 2647869696]
[2647870464, 2647873792]
[2647874560, 2647877888]
[2647878656, 2647881984]
[2647882752, 2647886080]
[2647886848, 2647890176]
[2647890944, 2647894272]
[2647895040, 2647898368]
[2647899136, 2647902464]
[2647903232, 2647906560]
[2647907328, 2647910656]
[2647911424, 2647914752]
[2647915520, 2647918848]
[2647919616, 2647922944]
[2647923712, 2647927040]
[2647927808, 2647931136]
[2647931904, 2647935232]
[2647936000, 2647939328]
[2647940096, 2647943424]
[2647944192, 2647947520]
[2647948288, 2647951616]
[2647952384, 2647955712]
[2647956480, 2647959808]
[2647960576, 2647963904]
[2647964672, 2647968000]
[2647968768, 2647972096]
[2647972864, 2647976192]
[2647976960, 2647980288]
[2647981056, 2647984384]
[2647985152, 2647988480]
[2647989248, 2647992576]
[2647993344, 2647996672]
[2647997440, 2648000768]
[2648001536, 2648004864]
[2648005632, 2648008960]
[2648009728, 2648013056]
[2648013824, 2648017152]
[2648017920, 2648021248]
[2648022016, 2648025344]
[2648026112, 2648029440]
[2648030208, 2648033536]
[2648034304, 2648037632]
[2648038400, 2648041728]
[2648042496, 2648045824]
[2648046592, 2648049920]
[2648050688, 2648054016]
[2648054784, 2648058112]
[2648058880, 2648062208]
[2648062976, 2648066304]
[2648067072, 2648070400]
[2648071168, 2648074496]
[2648075264, 2648078592]
[2648079360, 2648082688]
[2648083456, 2648086784]
[2648087552, 2648090880]
[2648091648, 2648094976]
[2648095744, 2648099072]
[2648099840, 2648103168]
[2648103936, 2648107264]
[2648108032, 2648111360]
[2648112128, 2648115456]
[2648116224, 2648119552]
[2648120320, 2648123648]
[2648124416, 2648127744]
[2648128512, 2648131840]
[2648132608, 2648135936]
[2648136704, 2648140032]
[2648140800, 2648144128]
[2648144896, 2648148224]
[2648148992, 2648152320]
[2648153088, 2648156416]
[2648157184, 2648160512]
[2648161280, 2648164608]
[2648165376, 2648168704]
[2648169472, 2648172800]
[2648173568, 2648176896]
[2648177664, 2648180992]
[2648181760, 2648185088]
[2648185856, 2648189184]
[2648189952, 2648193280]
[2648194048, 2648197376]
[2648198144, 2648201472]
[2648202240, 2648205568]
[2648206336, 2648209664]
[2648210432, 2648213760]
[2648214528, 2648217856]
[2648218624, 2648221952]
[2648222720, 2648226048]
[2648226816, 2648230144]
[2648230912, 2648234240]
[2648235008, 2648238336]
[2648239104, 2648242432]
[2648243200, 2648246528]
[2648247296, 2648250624]
[2648251392, 2648254720]
[2648255488, 2648258816]
[2648259584, 2648262912]
[2648263680, 2648267008]
[2648267776, 2648271104]
[2648271872, 2648275200]
[2648275968, 2648279296]
[2648280064, 2648283392]
[2648284160, 2648287488]
[2648288256, 2648291584]
[2648292352, 2648295680]
[2648296448, 2648299776]
[2648300544, 2648303872]
[2648304640, 2648307968]
[2648308736, 2648312064]
[2648312832, 2648316160]
[2648316928, 2648320256]
[2648321024, 2648324352]
[2648325120, 2648328448]
[2648329216, 2648332544]
[2648333312, 2648336640]
[2648337408, 2648340736]
[2648341504, 2648344832]
[2648345600, 2648348928]
[2648349696, 2648353024]
[2648353792, 2648357120]
[2648357888, 2648361216]
[2648361984, 2648365312]
[2648366080, 2648369408]
[2648370176, 2648373504]
[2648374272, 2648377600]
[2648378368, 2648381696]
[2648382464, 2648385792]
[2648386560, 2648389888]
[2648390656, 2648393984]
[2648394752, 2648398080]
[2648398848, 2648402176]
[2648402944, 2648406272]
[2648407040, 2648410368]
[2648411136, 2648414464]
[2648415232, 2648418560]
[2648419328, 2648422656]
[2648423424, 2648426752]
[2648427520, 2648430848]
[2648431616, 2648434944]
[2648435712, 2648439040]
[2648439808, 2648443136]
[2648443904, 2648447232]
[2648448000, 2648451328]
[2648452096, 2648455424]
[2648456192, 2648459520]
[2648460288, 2648463616]
[2648464384, 2648467712]
[2648468480, 2648471808]
[2648472576, 2648475904]
[2648476672, 2648480000]
[2648480768, 2648484096]
[2648484864, 2648488192]
[2648488960, 2648492288]
[2648493056, 2648496384]
[2648497152, 2648500480]
[2648501248, 2648504576]
[2648505344, 2648508672]
[2648509440, 2648512768]
[2648513536, 2648516864]
[2648517632, 2648520960]
[2648521728, 2648525056]
[2648525824, 2648529152]
[2648529920, 2648533248]
[2648534016, 2648537344]
[2648538112, 2648541440]
[2648542208, 2648545536]
[2648546304, 2648549632]
[2648550400, 2648553728]
[2648554496, 2648557824]
[2648558592, 2648561920]
[2648562688, 2648566016]
[2648566784, 2648570112]
[2648570880, 2648574208]
[2648574976, 2648578304]
[2648579072, 2648582400]
[2648583168, 2648586496]
[2648587264, 2648590592]
[2648591360, 2648594688]
[2648595456, 2648598784]
[2648599552, 2648602880]
[2648603648, 2648606976]
[2648607744, 2648611072]
[2648611840, 2648615168]
[2648615936, 2648619264]
[2648620032, 2648623360]
[2648624128, 2648627456]
[2648628224, 2648631552]
[2648632320, 2648635648]
[2648636416, 2648639744]
[2648640512, 2648643840]
[2648644608, 2648647936]
[2648648704, 2648652032]
[2648652800, 2648656128]
[2648656896, 2648660224]
[2648660992, 2648664320]
[2648665088, 2648668416]
[2648669184, 2648672512]
[2648673280, 2648676608]
[2648677376, 2648680704]
[2648681472, 2648684800]
[2648685568, 2648688896]
[2648689664, 2648692992]
[2648693760, 2648697088]
[2648697856, 2648701184]
[2648701952, 2650800128]
