[218103808, 218106112]
[218106880, 218110208]
[218110976, 218114304]
[218115072, 218118400]
[218119168, 218122496]
[218123264, 218126592]
[218127360, 218127872]
[218128128, 218130688]
[218131456, 218134784]
[218135552, 218138880]
[218139648, 218142976]
[218143744, 218147072]
[218147840, 218151168]
[218151936, 218155264]
[218156032, 218159360]
[218160128, 218163456]
[218164224, 218167552]
[218168320, 218171648]
[218172416, 218175744]
[218176512, 218179840]
[218180608, 218183936]
[218184704, 218188032]
[218188800, 218192128]
[218192896, 218193408]
[218193664, 218196224]
[218196992, 218200320]
[218201088, 218204416]
[218205184, 218208512]
[218209280, 218212608]
[218213376, 218216704]
[218217472, 218220800]
[218221568, 218224896]
[218225664, 218228992]
[218229760, 218233088]
[218233856, 218237184]
[218237952, 218241280]
[218242048, 218245376]
[218246144, 218249472]
[218250240, 218253568]
[218254336, 218257664]
[218258432, 218258944]
[218259200, 218261760]
[218262528, 218265856]
[218266624, 218269952]
[218270720, 218274048]
[218274816, 218278144]
[218278912, 218282240]
[218283008, 218286336]
[218287104, 218290432]
[218291200, 218294528]
[218295296, 218298624]
[218299392, 218302720]
[218303488, 218306816]
[218307584, 218310912]
[218311680, 218315008]
[218315776, 218319104]
[218319872, 218323200]
[218323968, 218324480]
[218324736, 218327296]
[218328064, 218331392]
[218332160, 218335488]
[218336256, 218339584]
[218340352, 218343680]
[218344448, 218347776]
[218348544, 218351872]
[218352640, 218355968]
[218356736, 218360064]
[218360832, 218364160]
[218364928, 218368256]
[218369024, 218372352]
[218373120, 218376448]
[218377216, 218380544]
[218381312, 218384640]
[218385408, 218388736]
[218389504, 218390016]
[218390272, 218392832]
[218393600, 218396928]
[218397696, 218401024]
[218401792, 218405120]
[218405888, 218409216]
[218409984, 218413312]
[218414080, 218417408]
[218418176, 218421504]
[218422272, 218425600]
[218426368, 218429696]
[218430464, 218433792]
[218434560, 218437888]
[218438656, 218441984]
[218442752, 218446080]
[218446848, 218450176]
[218450944, 218454272]
[218455040, 218455552]
[218455808, 218458368]
[218459136, 218462464]
[218463232, 218466560]
[218467328, 218470656]
[218471424, 218474752]
[218475520, 218478848]
[218479616, 218482944]
[218483712, 218487040]
[218487808, 218491136]
[218491904, 218495232]
[218496000, 218499328]
[218500096, 218503424]
[218504192, 218507520]
[218508288, 218511616]
[218512384, 218515712]
[218516480, 218519808]
[218520576, 218521088]
[218521344, 218523904]
[218524672, 218528000]
[218528768, 218532096]
[218532864, 218536192]
[218536960, 218540288]
[218541056, 218544384]
[218545152, 218548480]
[218549248, 218552576]
[218553344, 218556672]
[218557440, 218560768]
[218561536, 218564864]
[218565632, 218568960]
[218569728, 218573056]
[218573824, 218577152]
[218577920, 218581248]
[218582016, 218585344]
[218586112, 218586624]
[218586880, 218589440]
[218590208, 218593536]
[218594304, 218597632]
[218598400, 218601728]
[218602496, 218605824]
[218606592, 218609920]
[218610688, 218614016]
[218614784, 218618112]
[218618880, 218622208]
[218622976, 218626304]
[218627072, 218630400]
[218631168, 218634496]
[218635264, 218638592]
[218639360, 218642688]
[218643456, 218646784]
[218647552, 218650880]
[218651648, 218652160]
[218652416, 218654976]
[218655744, 218659072]
[218659840, 218663168]
[218663936, 218667264]
[218668032, 218671360]
[218672128, 218675456]
[218676224, 218679552]
[218680320, 218683648]
[218684416, 218687744]
[218688512, 218691840]
[218692608, 218695936]
[218696704, 218700032]
[218700800, 218704128]
[218704896, 218708224]
[218708992, 218712320]
[218713088, 218716416]
[218717184, 218717696]
[218717952, 218720512]
[218721280, 218724608]
[218725376, 218728704]
[218729472, 218732800]
[218733568, 218736896]
[218737664, 218740992]
[218741760, 218745088]
[218745856, 218749184]
[218749952, 218753280]
[218754048, 218757376]
[218758144, 218761472]
[218762240, 218765568]
[218766336, 218769664]
[218770432, 218773760]
[218774528, 218777856]
[218778624, 218781952]
[218782720, 218783232]
[218783488, 218786048]
[218786816, 218790144]
[218790912, 218794240]
[218795008, 218798336]
[218799104, 218802432]
[218803200, 218806528]
[218807296, 218810624]
[218811392, 218814720]
[218815488, 218818816]
[218819584, 218822912]
[218823680, 218827008]
[218827776, 218831104]
[218831872, 218835200]
[218835968, 218839296]
[218840064, 218843392]
[218844160, 218847488]
[218848256, 218848768]
[218849024, 218851584]
[218852352, 218855680]
[218856448, 218859776]
[218860544, 218863872]
[218864640, 218867968]
[218868736, 218872064]
[218872832, 218876160]
[218876928, 218880256]
[218881024, 218884352]
[218885120, 218888448]
[218889216, 218892544]
[218893312, 218896640]
[218897408, 218900736]
[218901504, 218904832]
[218905600, 218908928]
[218909696, 218913024]
[218913792, 218914304]
[218914560, 218917120]
[218917888, 218921216]
[218921984, 218925312]
[218926080, 218929408]
[218930176, 218933504]
[218934272, 218937600]
[218938368, 218941696]
[218942464, 218945792]
[218946560, 218949888]
[218950656, 218953984]
[218954752, 218958080]
[218958848, 218962176]
[218962944, 218966272]
[218967040, 218970368]
[218971136, 218974464]
[218975232, 218978560]
[218979328, 218979840]
[218980096, 218982656]
[218983424, 218986752]
[218987520, 218990848]
[218991616, 218994944]
[218995712, 218999040]
[218999808, 219003136]
[219003904, 219007232]
[219008000, 219011328]
[219012096, 219015424]
[219016192, 219019520]
[219020288, 219023616]
[219024384, 219027712]
[219028480, 219031808]
[219032576, 219035904]
[219036672, 219040000]
[219040768, 219044096]
[219044864, 219045376]
[219045632, 219048192]
[219048960, 219052288]
[219053056, 219056384]
[219057152, 219060480]
[219061248, 219064576]
[219065344, 219068672]
[219069440, 219072768]
[219073536, 219076864]
[219077632, 219080960]
[219081728, 219085056]
[219085824, 219089152]
[219089920, 219093248]
[219094016, 219097344]
[219098112, 219101440]
[219102208, 219105536]
[219106304, 219109632]
[219110400, 219110912]
[219111168, 219113728]
[219114496, 219117824]
[219118592, 219121920]
[219122688, 219126016]
[219126784, 219130112]
[219130880, 219134208]
[219134976, 219138304]
[219139072, 219142400]
[219143168, 219146496]
[219147264, 219150592]
[219151360, 219154688]
[219155456, 219158784]
[219159552, 219162880]
[219163648, 219166976]
[219167744, 219171072]
[219171840, 219175168]
[219175936, 219176448]
[219176704, 219179264]
[219180032, 219183360]
[219184128, 219187456]
[219188224, 219191552]
[219192320, 219195648]
[219196416, 219199744]
[219200512, 219203840]
[219204608, 219207936]
[219208704, 219212032]
[219212800, 219216128]
[219216896, 219220224]
[219220992, 219224320]
[219225088, 219228416]
[219229184, 219232512]
[219233280, 219236608]
[219237376, 219240704]
[219241472, 219241984]
[219242240, 219244800]
[219245568, 219248896]
[219249664, 219252992]
[219253760, 219257088]
[219257856, 219261184]
[219261952, 219265280]
[219266048, 219269376]
[219270144, 219273472]
[219274240, 219277568]
[219278336, 219281664]
[219282432, 219285760]
[219286528, 219289856]
[219290624, 219293952]
[219294720, 219298048]
[219298816, 219302144]
[219302912, 219306240]
[219307008, 219307520]
[219307776, 219310336]
[219311104, 219314432]
[219315200, 219318528]
[219319296, 219322624]
[219323392, 219326720]
[219327488, 219330816]
[219331584, 219334912]
[219335680, 219339008]
[219339776, 219343104]
[219343872, 219347200]
[219347968, 219351296]
[219352064, 219355392]
[219356160, 219359488]
[219360256, 219363584]
[219364352, 219367680]
[219368448, 219371776]
[219372544, 219373056]
[219373312, 219375872]
[219376640, 219379968]
[219380736, 219384064]
[219384832, 219388160]
[219388928, 219392256]
[219393024, 219396352]
[219397120, 219400448]
[219401216, 219404544]
[219405312, 219408640]
[219409408, 219412736]
[219413504, 219416832]
[219417600, 219420928]
[219421696, 219425024]
[219425792, 219429120]
[219429888, 219433216]
[219433984, 219437312]
[219438080, 219438592]
[219438848, 219441408]
[219442176, 219445504]
[219446272, 219449600]
[219450368, 219453696]
[219454464, 219457792]
[219458560, 219461888]
[219462656, 219465984]
[219466752, 219470080]
[219470848, 219474176]
[219474944, 219478272]
[219479040, 219482368]
[219483136, 219486464]
[219487232, 219490560]
[219491328, 219494656]
[219495424, 219498752]
[219499520, 219502848]
[219503616, 219504128]
[219504384, 219506944]
[219507712, 219511040]
[219511808, 219515136]
[219515904, 219519232]
[219520000, 219523328]
[219524096, 219527424]
[219528192, 219531520]
[219532288, 219535616]
[219536384, 219539712]
[219540480, 219543808]
[219544576, 219547904]
[219548672, 219552000]
[219552768, 219556096]
[219556864, 219560192]
[219560960, 219564288]
[219565056, 219568384]
[219569152, 219569664]
[219569920, 219572480]
[219573248, 219576576]
[219577344, 219580672]
[219581440, 219584768]
[219585536, 219588864]
[219589632, 219592960]
[219593728, 219597056]
[219597824, 219601152]
[219601920, 219605248]
[219606016, 219609344]
[219610112, 219613440]
[219614208, 219617536]
[219618304, 219621632]
[219622400, 219625728]
[219626496, 219629824]
[219630592, 219633920]
[219634688, 219635200]
[219635456, 219638016]
[219638784, 219642112]
[219642880, 219646208]
[219646976, 219650304]
[219651072, 219654400]
[219655168, 219658496]
[219659264, 219662592]
[219663360, 219666688]
[219667456, 219670784]
[219671552, 219674880]
[219675648, 219678976]
[219679744, 219683072]
[219683840, 219687168]
[219687936, 219691264]
[219692032, 219695360]
[219696128, 219699456]
[219700224, 219700736]
[219700992, 219703552]
[219704320, 219707648]
[219708416, 219711744]
[219712512, 219715840]
[219716608, 219719936]
[219720704, 219724032]
[219724800, 219728128]
[219728896, 219732224]
[219732992, 219736320]
[219737088, 219740416]
[219741184, 219744512]
[219745280, 219748608]
[219749376, 219752704]
[219753472, 219756800]
[219757568, 219760896]
[219761664, 219764992]
[219765760, 219766272]
[219766528, 219769088]
[219769856, 219773184]
[219773952, 219777280]
[219778048, 219781376]
[219782144, 219785472]
[219786240, 219789568]
[219790336, 219793664]
[219794432, 219797760]
[219798528, 219801856]
[219802624, 219805952]
[219806720, 219810048]
[219810816, 219814144]
[219814912, 219818240]
[219819008, 219822336]
[219823104, 219826432]
[219827200, 219830528]
[219831296, 219831808]
[219832064, 219834624]
[219835392, 219838720]
[219839488, 219842816]
[219843584, 219846912]
[219847680, 219851008]
[219851776, 219855104]
[219855872, 219859200]
[219859968, 219863296]
[219864064, 219867392]
[219868160, 219871488]
[219872256, 219875584]
[219876352, 219879680]
[219880448, 219883776]
[219884544, 219887872]
[219888640, 219891968]
[219892736, 219896064]
[219896832, 219897344]
[219897600, 219900160]
[219900928, 219904256]
[219905024, 219908352]
[219909120, 219912448]
[219913216, 219916544]
[219917312, 219920640]
[219921408, 219924736]
[219925504, 219928832]
[219929600, 219932928]
[219933696, 219937024]
[219937792, 219941120]
[219941888, 219945216]
[219945984, 219949312]
[219950080, 219953408]
[219954176, 219957504]
[219958272, 219961600]
[219962368, 219962880]
[219963136, 219965696]
[219966464, 219969792]
[219970560, 219973888]
[219974656, 219977984]
[219978752, 219982080]
[219982848, 219986176]
[219986944, 219990272]
[219991040, 219994368]
[219995136, 219998464]
[219999232, 220002560]
[220003328, 220006656]
[220007424, 220010752]
[220011520, 220014848]
[220015616, 220018944]
[220019712, 220023040]
[220023808, 220027136]
[220027904, 220028416]
[220028672, 220031232]
[220032000, 220035328]
[220036096, 220039424]
[220040192, 220043520]
[220044288, 220047616]
[220048384, 220051712]
[220052480, 220055808]
[220056576, 220059904]
[220060672, 220064000]
[220064768, 220068096]
[220068864, 220072192]
[220072960, 220076288]
[220077056, 220080384]
[220081152, 220084480]
[220085248, 220088576]
[220089344, 220092672]
[220093440, 220093952]
[220094208, 220096768]
[220097536, 220100864]
[220101632, 220104960]
[220105728, 220109056]
[220109824, 220113152]
[220113920, 220117248]
[220118016, 220121344]
[220122112, 220125440]
[220126208, 220129536]
[220130304, 220133632]
[220134400, 220137728]
[220138496, 220141824]
[220142592, 220145920]
[220146688, 220150016]
[220150784, 220154112]
[220154880, 220158208]
[220158976, 220162304]
[220163072, 220166400]
[220167168, 220170496]
[220171264, 220174592]
[220175360, 220178688]
[220179456, 220182784]
[220183552, 220186880]
[220187648, 220190976]
[220191744, 220195072]
[220195840, 220199168]
[220199936, 220203776]
[220204032, 220207872]
[220208128, 220211968]
[220212224, 220216064]
[220216320, 220220160]
[220220416, 220224256]
[220224512, 220225024]
[220225280, 220228352]
[220228608, 220232448]
[220232704, 220236544]
[220236800, 220240640]
[220240896, 220244736]
[220244992, 220248832]
[220249088, 220252928]
[220253184, 220257024]
[220257280, 220261120]
[220261376, 220265216]
[220265472, 220269312]
[220269568, 220273408]
[220273664, 220277504]
[220277760, 220281600]
[220281856, 220285696]
[220285952, 220289792]
[220290048, 220290560]
[220290816, 220293888]
[220294144, 220297984]
[220298240, 220302080]
[220302336, 220306176]
[220306432, 220310272]
[220310528, 220314368]
[220314624, 220318464]
[220318720, 220322560]
[220322816, 220326656]
[220326912, 220330752]
[220331008, 220334848]
[220335104, 220338944]
[220339200, 220343040]
[220343296, 220347136]
[220347392, 220351232]
[220351488, 220355328]
[220355584, 220356096]
[220356352, 220359424]
[220359680, 220363520]
[220363776, 220367616]
[220367872, 220371712]
[220371968, 220375808]
[220376064, 220379904]
[220380160, 220384000]
[220384256, 220388096]
[220388352, 220392192]
[220392448, 220396288]
[220396544, 220400384]
[220400640, 220404480]
[220404736, 220408576]
[220408832, 220412672]
[220412928, 220416768]
[220417024, 220420864]
[220421120, 220421632]
[220421888, 220424960]
[220425216, 220429056]
[220429312, 220433152]
[220433408, 220437248]
[220437504, 220441344]
[220441600, 220445440]
[220445696, 220449536]
[220449792, 220453632]
[220453888, 220457728]
[220457984, 220461824]
[220462080, 220465920]
[220466176, 220470016]
[220470272, 220474112]
[220474368, 220478208]
[220478464, 220482304]
[220482560, 220486400]
[220486656, 220487168]
[220487424, 220490496]
[220490752, 220494592]
[220494848, 220498688]
[220498944, 220502784]
[220503040, 220506880]
[220507136, 220510976]
[220511232, 220515072]
[220515328, 220519168]
[220519424, 220523264]
[220523520, 220527360]
[220527616, 220531456]
[220531712, 220535552]
[220535808, 220539648]
[220539904, 220543744]
[220544000, 220547840]
[220548096, 220551936]
[220552192, 220552704]
[220552960, 220556032]
[220556288, 220560128]
[220560384, 220564224]
[220564480, 220568320]
[220568576, 220572416]
[220572672, 220576512]
[220576768, 220580608]
[220580864, 220584704]
[220584960, 220588800]
[220589056, 220592896]
[220593152, 220596992]
[220597248, 220601088]
[220601344, 220605184]
[220605440, 220609280]
[220609536, 220613376]
[220613632, 220617472]
[220617728, 220618240]
[220618496, 220621568]
[220621824, 220625664]
[220625920, 220629760]
[220630016, 220633856]
[220634112, 220637952]
[220638208, 220642048]
[220642304, 220646144]
[220646400, 220650240]
[220650496, 220654336]
[220654592, 220658432]
[220658688, 220662528]
[220662784, 220666624]
[220666880, 220670720]
[220670976, 220674816]
[220675072, 220678912]
[220679168, 220683008]
[220683264, 220683776]
[220684032, 220687104]
[220687360, 220691200]
[220691456, 220695296]
[220695552, 220699392]
[220699648, 220703488]
[220703744, 220707584]
[220707840, 220711680]
[220711936, 220715776]
[220716032, 220719872]
[220720128, 220723968]
[220724224, 220728064]
[220728320, 220732160]
[220732416, 220736256]
[220736512, 220740352]
[220740608, 220744448]
[220744704, 220748544]
[220748800, 220749312]
[220749568, 220752640]
[220752896, 220756736]
[220756992, 220760832]
[220761088, 220764928]
[220765184, 220769024]
[220769280, 220773120]
[220773376, 220777216]
[220777472, 220781312]
[220781568, 220785408]
[220785664, 220789504]
[220789760, 220793600]
[220793856, 220797696]
[220797952, 220801792]
[220802048, 220805888]
[220806144, 220809984]
[220810240, 220814080]
[220814336, 220814848]
[220815104, 220818176]
[220818432, 220822272]
[220822528, 220826368]
[220826624, 220830464]
[220830720, 220834560]
[220834816, 220838656]
[220838912, 220842752]
[220843008, 220846848]
[220847104, 220850944]
[220851200, 220855040]
[220855296, 220859136]
[220859392, 220863232]
[220863488, 220867328]
[220867584, 220871424]
[220871680, 220875520]
[220875776, 220879616]
[220879872, 220880384]
[220880640, 220883712]
[220883968, 220887808]
[220888064, 220891904]
[220892160, 220896000]
[220896256, 220900096]
[220900352, 220904192]
[220904448, 220908288]
[220908544, 220912384]
[220912640, 220916480]
[220916736, 220920576]
[220920832, 220924672]
[220924928, 220928768]
[220929024, 220932864]
[220933120, 220936960]
[220937216, 220941056]
[220941312, 220945152]
[220945408, 220945920]
[220946176, 220949248]
[220949504, 220953344]
[220953600, 220957440]
[220957696, 220961536]
[220961792, 220965632]
[220965888, 220969728]
[220969984, 220973824]
[220974080, 220977920]
[220978176, 220982016]
[220982272, 220986112]
[220986368, 220990208]
[220990464, 220994304]
[220994560, 220998400]
[220998656, 221002496]
[221002752, 221006592]
[221006848, 221010688]
[221010944, 221011456]
[221011712, 221014784]
[221015040, 221018880]
[221019136, 221022976]
[221023232, 221027072]
[221027328, 221031168]
[221031424, 221035264]
[221035520, 221039360]
[221039616, 221043456]
[221043712, 221047552]
[221047808, 221051648]
[221051904, 221055744]
[221056000, 221059840]
[221060096, 221063936]
[221064192, 221068032]
[221068288, 221072128]
[221072384, 221076224]
[221076480, 221076992]
[221077248, 221080320]
[221080576, 221084416]
[221084672, 221088512]
[221088768, 221092608]
[221092864, 221096704]
[221096960, 221100800]
[221101056, 221104896]
[221105152, 221108992]
[221109248, 221113088]
[221113344, 221117184]
[221117440, 221121280]
[221121536, 221125376]
[221125632, 221129472]
[221129728, 221133568]
[221133824, 221137664]
[221137920, 221141760]
[221142016, 221142528]
[221142784, 221145856]
[221146112, 221149952]
[221150208, 221154048]
[221154304, 221158144]
[221158400, 221162240]
[221162496, 221166336]
[221166592, 221170432]
[221170688, 221174528]
[221174784, 221178624]
[221178880, 221182720]
[221182976, 221186816]
[221187072, 221190912]
[221191168, 221195008]
[221195264, 221199104]
[221199360, 221203200]
[221203456, 221207296]
[221207552, 221208064]
[221208320, 221211392]
[221211648, 221215488]
[221215744, 221219584]
[221219840, 221223680]
[221223936, 221227776]
[221228032, 221231872]
[221232128, 221235968]
[221236224, 221240064]
[221240320, 221244160]
[221244416, 221248256]
[221248512, 221252352]
[221252608, 221256448]
[221256704, 221260544]
[221260800, 221264640]
[221264896, 221268736]
[221268992, 221272832]
[221273088, 221273600]
[221273856, 221276928]
[221277184, 221281024]
[221281280, 221285120]
[221285376, 221289216]
[221289472, 221293312]
[221293568, 221297408]
[221297664, 221301504]
[221301760, 221305600]
[221305856, 221309696]
[221309952, 221313792]
[221314048, 221317888]
[221318144, 221321984]
[221322240, 221326080]
[221326336, 221330176]
[221330432, 221334272]
[221334528, 221338368]
[221338624, 221339136]
[221339392, 221342464]
[221342720, 221346560]
[221346816, 221350656]
[221350912, 221354752]
[221355008, 221358848]
[221359104, 221362944]
[221363200, 221367040]
[221367296, 221371136]
[221371392, 221375232]
[221375488, 221379328]
[221379584, 221383424]
[221383680, 221387520]
[221387776, 221391616]
[221391872, 221395712]
[221395968, 221399808]
[221400064, 221403904]
[221404160, 221404672]
[221404928, 221408000]
[221408256, 221412096]
[221412352, 221416192]
[221416448, 221420288]
[221420544, 221424384]
[221424640, 221428480]
[221428736, 221432576]
[221432832, 221436672]
[221436928, 221440768]
[221441024, 221444864]
[221445120, 221448960]
[221449216, 221453056]
[221453312, 221457152]
[221457408, 221461248]
[221461504, 221465344]
[221465600, 221469440]
[221469696, 221470208]
[221470464, 221473536]
[221473792, 221477632]
[221477888, 221481728]
[221481984, 221485824]
[221486080, 221489920]
[221490176, 221494016]
[221494272, 221498112]
[221498368, 221502208]
[221502464, 221506304]
[221506560, 221510400]
[221510656, 221514496]
[221514752, 221518592]
[221518848, 221522688]
[221522944, 221526784]
[221527040, 221530880]
[221531136, 221534976]
[221535232, 221535744]
[221536000, 221539072]
[221539328, 221543168]
[221543424, 221547264]
[221547520, 221551360]
[221551616, 221555456]
[221555712, 221559552]
[221559808, 221563648]
[221563904, 221567744]
[221568000, 221571840]
[221572096, 221575936]
[221576192, 221580032]
[221580288, 221584128]
[221584384, 221588224]
[221588480, 221592320]
[221592576, 221596416]
[221596672, 221600512]
[221600768, 221601280]
[221601536, 221604608]
[221604864, 221608704]
[221608960, 221612800]
[221613056, 221616896]
[221617152, 221620992]
[221621248, 221625088]
[221625344, 221629184]
[221629440, 221633280]
[221633536, 221637376]
[221637632, 221641472]
[221641728, 221645568]
[221645824, 221649664]
[221649920, 221653760]
[221654016, 221657856]
[221658112, 221661952]
[221662208, 221666048]
[221666304, 221666816]
[221667072, 221670144]
[221670400, 221674240]
[221674496, 221678336]
[221678592, 221682432]
[221682688, 221686528]
[221686784, 221690624]
[221690880, 221694720]
[221694976, 221698816]
[221699072, 221702912]
[221703168, 221707008]
[221707264, 221711104]
[221711360, 221715200]
[221715456, 221719296]
[221719552, 221723392]
[221723648, 221727488]
[221727744, 221731584]
[221731840, 221732352]
[221732608, 221735680]
[221735936, 221739776]
[221740032, 221743872]
[221744128, 221747968]
[221748224, 221752064]
[221752320, 221756160]
[221756416, 221760256]
[221760512, 221764352]
[221764608, 221768448]
[221768704, 221772544]
[221772800, 221776640]
[221776896, 221780736]
[221780992, 221784832]
[221785088, 221788928]
[221789184, 221793024]
[221793280, 221797120]
[221797376, 221797888]
[221798144, 221801216]
[221801472, 221805312]
[221805568, 221809408]
[221809664, 221813504]
[221813760, 221817600]
[221817856, 221821696]
[221821952, 221825792]
[221826048, 221829888]
[221830144, 221833984]
[221834240, 221838080]
[221838336, 221842176]
[221842432, 221846272]
[221846528, 221850368]
[221850624, 221854464]
[221854720, 221858560]
[221858816, 221862656]
[221862912, 221863424]
[221863680, 221866752]
[221867008, 221870848]
[221871104, 221874944]
[221875200, 221879040]
[221879296, 221883136]
[221883392, 221887232]
[221887488, 221891328]
[221891584, 221895424]
[221895680, 221899520]
[221899776, 221903616]
[221903872, 221907712]
[221907968, 221911808]
[221912064, 221915904]
[221916160, 221920000]
[221920256, 221924096]
[221924352, 221928192]
[221928448, 221928960]
[221929216, 221932288]
[221932544, 221936384]
[221936640, 221940480]
[221940736, 221944576]
[221944832, 221948672]
[221948928, 221952768]
[221953024, 221956864]
[221957120, 221960960]
[221961216, 221965056]
[221965312, 221969152]
[221969408, 221973248]
[221973504, 221977344]
[221977600, 221981440]
[221981696, 221985536]
[221985792, 221989632]
[221989888, 221993728]
[221993984, 221994496]
[221994752, 221997824]
[221998080, 222001920]
[222002176, 222006016]
[222006272, 222010112]
[222010368, 222014208]
[222014464, 222018304]
[222018560, 222022400]
[222022656, 222026496]
[222026752, 222030592]
[222030848, 222034688]
[222034944, 222038784]
[222039040, 222042880]
[222043136, 222046976]
[222047232, 222051072]
[222051328, 222055168]
[222055424, 222059264]
[222059520, 222060032]
[222060288, 222063360]
[222063616, 222067456]
[222067712, 222071552]
[222071808, 222075648]
[222075904, 222079744]
[222080000, 222083840]
[222084096, 222087936]
[222088192, 222092032]
[222092288, 222096128]
[222096384, 222100224]
[222100480, 222104320]
[222104576, 222108416]
[222108672, 222112512]
[222112768, 222116608]
[222116864, 222120704]
[222120960, 222124800]
[222125056, 222125568]
[222125824, 222128896]
[222129152, 222132992]
[222133248, 222137088]
[222137344, 222141184]
[222141440, 222145280]
[222145536, 222149376]
[222149632, 222153472]
[222153728, 222157568]
[222157824, 222161664]
[222161920, 222165760]
[222166016, 222169856]
[222170112, 222173952]
[222174208, 222178048]
[222178304, 222182144]
[222182400, 222186240]
[222186496, 222190336]
[222190592, 222191104]
[222191360, 222194432]
[222194688, 222198528]
[222198784, 222202624]
[222202880, 222206720]
[222206976, 222210816]
[222211072, 222214912]
[222215168, 222219008]
[222219264, 222223104]
[222223360, 222227200]
[222227456, 222231296]
[222231552, 222235392]
[222235648, 222239488]
[222239744, 222243584]
[222243840, 222247680]
[222247936, 222251776]
[222252032, 222255872]
[222256128, 222256640]
[222256896, 222259968]
[222260224, 222264064]
[222264320, 222268160]
[222268416, 222272256]
[222272512, 222276352]
[222276608, 222280448]
[222280704, 222284544]
[222284800, 222288640]
[222288896, 222292736]
[222292992, 222296832]
[222297088, 222300416]
[222301184, 222304512]
[222305280, 222308608]
[222309376, 222312704]
[222313472, 222316800]
[222317568, 222320896]
[222321664, 222324992]
[222325760, 222329088]
[222329856, 222333184]
[222333952, 222337280]
[222338048, 222341376]
[222342144, 222345472]
[222346240, 222349568]
[222350336, 222353664]
[222354432, 222357760]
[222358528, 222361856]
[222362624, 222365952]
[222366720, 222370048]
[222370816, 222374144]
[222374912, 222378240]
[222379008, 222382336]
[222383104, 222386432]
[222387200, 222390528]
[222391296, 222394624]
[222395392, 222398720]
[222399488, 222402816]
[222403584, 222406912]
[222407680, 222411008]
[222411776, 222415104]
[222415872, 222419200]
[222419968, 222423296]
[222424064, 222427392]
[222428160, 222431488]
[222432256, 222435584]
[222436352, 222439680]
[222440448, 222443776]
[222444544, 222447872]
[222448640, 222451968]
[222452736, 222456064]
[222456832, 222460160]
[222460928, 222464256]
[222465024, 222468352]
[222469120, 222472448]
[222473216, 222476544]
[222477312, 222480640]
[222481408, 222484736]
[222485504, 222488832]
[222489600, 222492928]
[222493696, 222497024]
[222497792, 222501120]
[222501888, 222505216]
[222505984, 222509312]
[222510080, 222513408]
[222514176, 222517504]
[222518272, 222521600]
[222522368, 222525696]
[222526464, 222529792]
[222530560, 222533888]
[222534656, 222537984]
[222538752, 222542080]
[222542848, 222546176]
[222546944, 222550272]
[222551040, 222554368]
[222555136, 222558464]
[222559232, 222562560]
[222563328, 222566656]
[222567424, 222570752]
[222571520, 222574848]
[222575616, 222578944]
[222579712, 222583040]
[222583808, 222587136]
[222587904, 222591232]
[222592000, 222595328]
[222596096, 222599424]
[222600192, 222603520]
[222604288, 222607616]
[222608384, 222611712]
[222612480, 222615808]
[222616576, 222619904]
[222620672, 222624000]
[222624768, 222628096]
[222628864, 222632192]
[222632960, 222636288]
[222637056, 222640384]
[222641152, 222644480]
[222645248, 222648576]
[222649344, 222652672]
[222653440, 222656768]
[222657536, 222660864]
[222661632, 222664960]
[222665728, 222669056]
[222669824, 222673152]
[222673920, 222677248]
[222678016, 222681344]
[222682112, 222685440]
[222686208, 222689536]
[222690304, 222693632]
[222694400, 222697728]
[222698496, 222701824]
[222702592, 222705920]
[222706688, 222710016]
[222710784, 222714112]
[222714880, 222718208]
[222718976, 222722304]
[222723072, 222726400]
[222727168, 222730496]
[222731264, 222734592]
[222735360, 222738688]
[222739456, 222742784]
[222743552, 222746880]
[222747648, 222750976]
[222751744, 222755072]
[222755840, 222759168]
[222759936, 222763264]
[222764032, 222767360]
[222768128, 222771456]
[222772224, 222775552]
[222776320, 222779648]
[222780416, 222783744]
[222784512, 222787840]
[222788608, 222791936]
[222792704, 222796032]
[222796800, 222800128]
[222800896, 222804224]
[222804992, 222808320]
[222809088, 222812416]
[222813184, 222816512]
[222817280, 222820608]
[222821376, 222824704]
[222825472, 222828800]
[222829568, 222832896]
[222833664, 222836992]
[222837760, 222841088]
[222841856, 222845184]
[222845952, 222849280]
[222850048, 222853376]
[222854144, 222857472]
[222858240, 222861568]
[222862336, 222865664]
[222866432, 222869760]
[222870528, 222873856]
[222874624, 222877952]
[222878720, 222882048]
[222882816, 222886144]
[222886912, 222890240]
[222891008, 222894336]
[222895104, 222898432]
[222899200, 222902528]
[222903296, 222906624]
[222907392, 222910720]
[222911488, 222914816]
[222915584, 222918912]
[222919680, 222923008]
[222923776, 222927104]
[222927872, 222931200]
[222931968, 222935296]
[222936064, 222939392]
[222940160, 222943488]
[222944256, 222947584]
[222948352, 222951680]
[222952448, 222955776]
[222956544, 222959872]
[222960640, 222963968]
[222964736, 222968064]
[222968832, 222972160]
[222972928, 222976256]
[222977024, 222980352]
[222981120, 222984448]
[222985216, 222988544]
[222989312, 222992640]
[222993408, 222996736]
[222997504, 223000832]
[223001600, 223004928]
[223005696, 223009024]
[223009792, 223013120]
[223013888, 223017216]
[223017984, 223021312]
[223022080, 223025408]
[223026176, 223029504]
[223030272, 223033600]
[223034368, 223037696]
[223038464, 223041792]
[223042560, 223045888]
[223046656, 223049984]
[223050752, 223054080]
[223054848, 223058176]
[223058944, 223062272]
[223063040, 223066368]
[223067136, 223070464]
[223071232, 223074560]
[223075328, 223078656]
[223079424, 223082752]
[223083520, 223086848]
[223087616, 223090944]
[223091712, 223095040]
[223095808, 223099136]
[223099904, 223103232]
[223104000, 223107328]
[223108096, 223111424]
[223112192, 223115520]
[223116288, 223119616]
[223120384, 223123712]
[223124480, 223127808]
[223128576, 223131904]
[223132672, 223136000]
[223136768, 223140096]
[223140864, 223144192]
[223144960, 223148288]
[223149056, 223152384]
[223153152, 223156480]
[223157248, 223160576]
[223161344, 223164672]
[223165440, 223168768]
[223169536, 223172864]
[223173632, 223176960]
[223177728, 223181056]
[223181824, 223185152]
[223185920, 223189248]
[223190016, 223193344]
[223194112, 223197440]
[223198208, 223201536]
[223202304, 223205632]
[223206400, 223209728]
[223210496, 223213824]
[223214592, 223217920]
[223218688, 223222016]
[223222784, 223226112]
[223226880, 223230208]
[223230976, 223234304]
[223235072, 223238400]
[223239168, 223242496]
[223243264, 223246592]
[223247360, 223250688]
[223251456, 223254784]
[223255552, 223258880]
[223259648, 223262976]
[223263744, 223267072]
[223267840, 223271168]
[223271936, 223275264]
[223276032, 223279360]
[223280128, 223283456]
[223284224, 223287552]
[223288320, 223291648]
[223292416, 223295744]
[223296512, 223299840]
[223300608, 223303936]
[223304704, 223308032]
[223308800, 223312128]
[223312896, 223316224]
[223316992, 223320320]
[223321088, 223324416]
[223325184, 223328512]
[223329280, 223332608]
[223333376, 223336704]
[223337472, 223340800]
[223341568, 223344896]
[223345664, 223348992]
[223349760, 223353088]
[223353856, 223357184]
[223357952, 223361280]
[223362048, 223365376]
[223366144, 223369472]
[223370240, 223373568]
[223374336, 223377664]
[223378432, 223381760]
[223382528, 223385856]
[223386624, 223389952]
[223390720, 223394048]
[223394816, 223398144]
[223398912, 223402240]
[223403008, 223406336]
[223407104, 223410432]
[223411200, 223414528]
[223415296, 223418624]
[223419392, 223422720]
[223423488, 223426816]
[223427584, 223430912]
[223431680, 223435008]
[223435776, 223439104]
[223439872, 223443200]
[223443968, 223447296]
[223448064, 223451392]
[223452160, 223455488]
[223456256, 223459584]
[223460352, 223463680]
[223464448, 223467776]
[223468544, 223471872]
[223472640, 223475968]
[223476736, 223480064]
[223480832, 223484160]
[223484928, 223488256]
[223489024, 223492352]
[223493120, 223496448]
[223497216, 223500544]
[223501312, 223504640]
[223505408, 223508736]
[223509504, 223512832]
[223513600, 223516928]
[223517696, 223521024]
[223521792, 223525120]
[223525888, 223529216]
[223529984, 223533312]
[223534080, 223537408]
[223538176, 223541504]
[223542272, 223545600]
[223546368, 223549696]
[223550464, 223553792]
[223554560, 223557888]
[223558656, 223561984]
[223562752, 223566080]
[223566848, 223570176]
[223570944, 223574272]
[223575040, 223578368]
[223579136, 223582464]
[223583232, 223586560]
[223587328, 223590656]
[223591424, 223594752]
[223595520, 223598848]
[223599616, 223602944]
[223603712, 223607040]
[223607808, 223611136]
[223611904, 223615232]
[223616000, 223619328]
[223620096, 223623424]
[223624192, 223627520]
[223628288, 223631616]
[223632384, 223635712]
[223636480, 223639808]
[223640576, 223643904]
[223644672, 223648000]
[223648768, 223652096]
[223652864, 223656192]
[223656960, 223660288]
[223661056, 223664384]
[223665152, 223668480]
[223669248, 223672576]
[223673344, 223676672]
[223677440, 223680768]
[223681536, 223684864]
[223685632, 223688960]
[223689728, 223693056]
[223693824, 223697152]
[223697920, 223701248]
[223702016, 223705344]
[223706112, 223709440]
[223710208, 223713536]
[223714304, 223717632]
[223718400, 223721728]
[223722496, 223725824]
[223726592, 223729920]
[223730688, 223734016]
[223734784, 223738112]
[223738880, 223742208]
[223742976, 223746304]
[223747072, 223750400]
[223751168, 223754496]
[223755264, 223758592]
[223759360, 223762688]
[223763456, 223766784]
[223767552, 223770880]
[223771648, 223774976]
[223775744, 223779072]
[223779840, 223783168]
[223783936, 223787264]
[223788032, 223791360]
[223792128, 223795456]
[223796224, 223799552]
[223800320, 223803648]
[223804416, 223807744]
[223808512, 223811840]
[223812608, 223815936]
[223816704, 223820032]
[223820800, 223824128]
[223824896, 223828224]
[223828992, 223832320]
[223833088, 223836416]
[223837184, 223840512]
[223841280, 223844608]
[223845376, 223848704]
[223849472, 223852800]
[223853568, 223856896]
[223857664, 223860992]
[223861760, 223865088]
[223865856, 223869184]
[223869952, 223873280]
[223874048, 223877376]
[223878144, 223881472]
[223882240, 223885568]
[223886336, 223889664]
[223890432, 223893760]
[223894528, 223897856]
[223898624, 223901952]
[223902720, 223906048]
[223906816, 223910144]
[223910912, 223914240]
[223915008, 223918336]
[223919104, 223922432]
[223923200, 223926528]
[223927296, 223930624]
[223931392, 223934720]
[223935488, 223938816]
[223939584, 223942912]
[223943680, 223947008]
[223947776, 223951104]
[223951872, 223955200]
[223955968, 223959296]
[223960064, 223963392]
[223964160, 223967488]
[223968256, 223971584]
[223972352, 223975680]
[223976448, 223979776]
[223980544, 223983872]
[223984640, 223987968]
[223988736, 223992064]
[223992832, 223996160]
[223996928, 224000256]
[224001024, 224004352]
[224005120, 224008448]
[224009216, 224012544]
[224013312, 224016640]
[224017408, 224020736]
[224021504, 224024832]
[224025600, 224028928]
[224029696, 224033024]
[224033792, 224037120]
[224037888, 224041216]
[224041984, 224045312]
[224046080, 224049408]
[224050176, 224053504]
[224054272, 224057600]
[224058368, 224061696]
[224062464, 224065792]
[224066560, 224069888]
[224070656, 224073984]
[224074752, 224078080]
[224078848, 224082176]
[224082944, 224086272]
[224087040, 224090368]
[224091136, 224094464]
[224095232, 224098560]
[224099328, 224102656]
[224103424, 224106752]
[224107520, 224110848]
[224111616, 224114944]
[224115712, 224119040]
[224119808, 224123136]
[224123904, 224127232]
[224128000, 224131328]
[224132096, 224135424]
[224136192, 224139520]
[224140288, 224143616]
[224144384, 224147712]
[224148480, 224151808]
[224152576, 224155904]
[224156672, 224160000]
[224160768, 224164096]
[224164864, 224168192]
[224168960, 224172288]
[224173056, 224176384]
[224177152, 224180480]
[224181248, 224184576]
[224185344, 224188672]
[224189440, 224192768]
[224193536, 224196864]
[224197632, 224200960]
[224201728, 224205056]
[224205824, 224209152]
[224209920, 224213248]
[224214016, 224217344]
[224218112, 224221440]
[224222208, 224225536]
[224226304, 224229632]
[224230400, 224233728]
[224234496, 224237824]
[224238592, 224241920]
[224242688, 224246016]
[224246784, 224250112]
[224250880, 224254208]
[224254976, 224258304]
[224259072, 224262400]
[224263168, 224266496]
[224267264, 224270592]
[224271360, 224274688]
[224275456, 224278784]
[224279552, 224282880]
[224283648, 224286976]
[224287744, 224291072]
[224291840, 224295168]
[224295936, 224299264]
[224300032, 224303360]
[224304128, 224307456]
[224308224, 224311552]
[224312320, 224315648]
[224316416, 224319744]
[224320512, 224323840]
[224324608, 224327936]
[224328704, 224332032]
[224332800, 224336128]
[224336896, 224340224]
[224340992, 224344320]
[224345088, 224348416]
[224349184, 224352512]
[224353280, 224356608]
[224357376, 224360704]
[224361472, 224364800]
[224365568, 224368896]
[224369664, 224372992]
[224373760, 224377088]
[224377856, 224381184]
[224381952, 224385280]
[224386048, 224389376]
[224390144, 224393472]
[224394240, 224398080]
[224398336, 224402176]
[224402432, 224406272]
[224406528, 224410368]
[224410624, 224414464]
[224414720, 224418560]
[224418816, 224422656]
[224422912, 224426752]
[224427008, 224430848]
[224431104, 224434944]
[224435200, 224439040]
[224439296, 224443136]
[224443392, 224447232]
[224447488, 224451328]
[224451584, 224455424]
[224455680, 224459520]
[224459776, 224463616]
[224463872, 224467712]
[224467968, 224471808]
[224472064, 224475904]
[224476160, 224480000]
[224480256, 224484096]
[224484352, 224488192]
[224488448, 224492288]
[224492544, 224496384]
[224496640, 224500480]
[224500736, 224504576]
[224504832, 224508672]
[224508928, 224512768]
[224513024, 224516864]
[224517120, 224520960]
[224521216, 224525056]
[224525312, 224529152]
[224529408, 224533248]
[224533504, 224537344]
[224537600, 224541440]
[224541696, 224545536]
[224545792, 224549632]
[224549888, 224553728]
[224553984, 224557824]
[224558080, 224561920]
[224562176, 224566016]
[224566272, 224570112]
[224570368, 224574208]
[224574464, 224578304]
[224578560, 224582400]
[224582656, 224586496]
[224586752, 224590592]
[224590848, 224594688]
[224594944, 224598784]
[224599040, 224602880]
[224603136, 224606976]
[224607232, 224611072]
[224611328, 224615168]
[224615424, 224619264]
[224619520, 224623360]
[224623616, 224627456]
[224627712, 224631552]
[224631808, 224635648]
[224635904, 224639744]
[224640000, 224643840]
[224644096, 224647936]
[224648192, 224652032]
[224652288, 224656128]
[224656384, 224660224]
[224660480, 224664320]
[224664576, 224668416]
[224668672, 224672512]
[224672768, 224676608]
[224676864, 224680704]
[224680960, 224684800]
[224685056, 224688896]
[224689152, 224692992]
[224693248, 224697088]
[224697344, 224701184]
[224701440, 224705280]
[224705536, 224709376]
[224709632, 224713472]
[224713728, 224717568]
[224717824, 224721664]
[224721920, 224725760]
[224726016, 224729856]
[224730112, 224733952]
[224734208, 224738048]
[224738304, 224742144]
[224742400, 224746240]
[224746496, 224750336]
[224750592, 224754432]
[224754688, 224758528]
[224758784, 224762624]
[224762880, 224766720]
[224766976, 224770816]
[224771072, 224774912]
[224775168, 224779008]
[224779264, 224783104]
[224783360, 224787200]
[224787456, 224791296]
[224791552, 224795392]
[224795648, 224799488]
[224799744, 224803584]
[224803840, 224807680]
[224807936, 224811776]
[224812032, 224815872]
[224816128, 224819968]
[224820224, 224824064]
[224824320, 224828160]
[224828416, 224832256]
[224832512, 224836352]
[224836608, 224840448]
[224840704, 224844544]
[224844800, 224848640]
[224848896, 224852736]
[224852992, 224856832]
[224857088, 224860928]
[224861184, 224865024]
[224865280, 224869120]
[224869376, 224873216]
[224873472, 224877312]
[224877568, 224881408]
[224881664, 224885504]
[224885760, 224889600]
[224889856, 224893696]
[224893952, 224897792]
[224898048, 224901888]
[224902144, 224905984]
[224906240, 224910080]
[224910336, 224914176]
[224914432, 224918272]
[224918528, 224922368]
[224922624, 224926464]
[224926720, 224930560]
[224930816, 224934656]
[224934912, 224938752]
[224939008, 224942848]
[224943104, 224946944]
[224947200, 224951040]
[224951296, 224955136]
[224955392, 224959232]
[224959488, 224963328]
[224963584, 224967424]
[224967680, 224971520]
[224971776, 224975616]
[224975872, 224979712]
[224979968, 224983808]
[224984064, 224987904]
[224988160, 224992000]
[224992256, 224996096]
[224996352, 225000192]
[225000448, 225004288]
[225004544, 225008384]
[225008640, 225012480]
[225012736, 225016576]
[225016832, 225020672]
[225020928, 225024768]
[225025024, 225028864]
[225029120, 225032960]
[225033216, 225037056]
[225037312, 225041152]
[225041408, 225045248]
[225045504, 225049344]
[225049600, 225053440]
[225053696, 225057536]
[225057792, 225061632]
[225061888, 225065728]
[225065984, 225069824]
[225070080, 225073920]
[225074176, 225078016]
[225078272, 225082112]
[225082368, 225086208]
[225086464, 225090304]
[225090560, 225094400]
[225094656, 225098496]
[225098752, 225102592]
[225102848, 225106688]
[225106944, 225110784]
[225111040, 225114880]
[225115136, 225118976]
[225119232, 225123072]
[225123328, 225127168]
[225127424, 225131264]
[225131520, 225135360]
[225135616, 225139456]
[225139712, 225143552]
[225143808, 225147648]
[225147904, 225151744]
[225152000, 225155840]
[225156096, 225159936]
[225160192, 225164032]
[225164288, 225168128]
[225168384, 225172224]
[225172480, 225176320]
[225176576, 225180416]
[225180672, 225184512]
[225184768, 225188608]
[225188864, 225192704]
[225192960, 225196800]
[225197056, 225200896]
[225201152, 225204992]
[225205248, 225209088]
[225209344, 225213184]
[225213440, 225217280]
[225217536, 225221376]
[225221632, 225225472]
[225225728, 225229568]
[225229824, 225233664]
[225233920, 225237760]
[225238016, 225241856]
[225242112, 225245952]
[225246208, 225250048]
[225250304, 225254144]
[225254400, 225258240]
[225258496, 225262336]
[225262592, 225266432]
[225266688, 225270528]
[225270784, 225274624]
[225274880, 225278720]
[225278976, 225282816]
[225283072, 225286912]
[225287168, 225291008]
[225291264, 225295104]
[225295360, 225299200]
[225299456, 225303296]
[225303552, 225307392]
[225307648, 225311488]
[225311744, 225315584]
[225315840, 225319680]
[225319936, 225323776]
[225324032, 225327872]
[225328128, 225331968]
[225332224, 225336064]
[225336320, 225340160]
[225340416, 225344256]
[225344512, 225348352]
[225348608, 225352448]
[225352704, 225356544]
[225356800, 225360640]
[225360896, 225364736]
[225364992, 225368832]
[225369088, 225372928]
[225373184, 225377024]
[225377280, 225381120]
[225381376, 225385216]
[225385472, 225389312]
[225389568, 225393408]
[225393664, 225397504]
[225397760, 225401600]
[225401856, 225405696]
[225405952, 225409792]
[225410048, 225413888]
[225414144, 225417984]
[225418240, 225422080]
[225422336, 225426176]
[225426432, 225430272]
[225430528, 225434368]
[225434624, 225438464]
[225438720, 225442560]
[225442816, 225446656]
[225446912, 225450752]
[225451008, 225454848]
[225455104, 225458944]
[225459200, 225463040]
[225463296, 225467136]
[225467392, 225471232]
[225471488, 225475328]
[225475584, 225479424]
[225479680, 225483520]
[225483776, 225487616]
[225487872, 225491712]
[225491968, 225495808]
[225496064, 225499904]
[225500160, 225504000]
[225504256, 225508096]
[225508352, 225512192]
[225512448, 225516288]
[225516544, 225520384]
[225520640, 225524480]
[225524736, 225528576]
[225528832, 225532672]
[225532928, 225536768]
[225537024, 225540864]
[225541120, 225544960]
[225545216, 225549056]
[225549312, 225553152]
[225553408, 225557248]
[225557504, 225561344]
[225561600, 225565440]
[225565696, 225569536]
[225569792, 225573632]
[225573888, 225577728]
[225577984, 225581824]
[225582080, 225585920]
[225586176, 225590016]
[225590272, 225594112]
[225594368, 225598208]
[225598464, 225602304]
[225602560, 225606400]
[225606656, 225610496]
[225610752, 225614592]
[225614848, 225618688]
[225618944, 225622784]
[225623040, 225626880]
[225627136, 225630976]
[225631232, 225635072]
[225635328, 225639168]
[225639424, 225643264]
[225643520, 225647360]
[225647616, 225651456]
[225651712, 225655552]
[225655808, 225659648]
[225659904, 225663744]
[225664000, 225667840]
[225668096, 225671936]
[225672192, 225676032]
[225676288, 225680128]
[225680384, 225684224]
[225684480, 225688320]
[225688576, 225692416]
[225692672, 225696512]
[225696768, 225700608]
[225700864, 225704704]
[225704960, 225708800]
[225709056, 225712896]
[225713152, 225716992]
[225717248, 225721088]
[225721344, 225725184]
[225725440, 225729280]
[225729536, 225733376]
[225733632, 225737472]
[225737728, 225741568]
[225741824, 225745664]
[225745920, 225749760]
[225750016, 225753856]
[225754112, 225757952]
[225758208, 225762048]
[225762304, 225766144]
[225766400, 225770240]
[225770496, 225774336]
[225774592, 225778432]
[225778688, 225782528]
[225782784, 225786624]
[225786880, 225790720]
[225790976, 225794816]
[225795072, 225798912]
[225799168, 225803008]
[225803264, 225807104]
[225807360, 225811200]
[225811456, 225815296]
[225815552, 225819392]
[225819648, 225823488]
[225823744, 225827584]
[225827840, 225831680]
[225831936, 225835776]
[225836032, 225839872]
[225840128, 225843968]
[225844224, 225848064]
[225848320, 225852160]
[225852416, 225856256]
[225856512, 225860352]
[225860608, 225864448]
[225864704, 225868544]
[225868800, 225872640]
[225872896, 225876736]
[225876992, 225880832]
[225881088, 225884928]
[225885184, 225889024]
[225889280, 225893120]
[225893376, 225897216]
[225897472, 225901312]
[225901568, 225905408]
[225905664, 225909504]
[225909760, 225913600]
[225913856, 225917696]
[225917952, 225921792]
[225922048, 225925888]
[225926144, 225929984]
[225930240, 225934080]
[225934336, 225938176]
[225938432, 225942272]
[225942528, 225946368]
[225946624, 225950464]
[225950720, 225954560]
[225954816, 225958656]
[225958912, 225962752]
[225963008, 225966848]
[225967104, 225970944]
[225971200, 225975040]
[225975296, 225979136]
[225979392, 225983232]
[225983488, 225987328]
[225987584, 225991424]
[225991680, 225995520]
[225995776, 225999616]
[225999872, 226003712]
[226003968, 226007808]
[226008064, 226011904]
[226012160, 226016000]
[226016256, 226020096]
[226020352, 226024192]
[226024448, 226028288]
[226028544, 226032384]
[226032640, 226036480]
[226036736, 226040576]
[226040832, 226044672]
[226044928, 226048768]
[226049024, 226052864]
[226053120, 226056960]
[226057216, 226061056]
[226061312, 226065152]
[226065408, 226069248]
[226069504, 226073344]
[226073600, 226077440]
[226077696, 226081536]
[226081792, 226085632]
[226085888, 226089728]
[226089984, 226093824]
[226094080, 226097920]
[226098176, 226102016]
[226102272, 226106112]
[226106368, 226110208]
[226110464, 226114304]
[226114560, 226118400]
[226118656, 226122496]
[226122752, 226126592]
[226126848, 226130688]
[226130944, 226134784]
[226135040, 226138880]
[226139136, 226142976]
[226143232, 226147072]
[226147328, 226151168]
[226151424, 226155264]
[226155520, 226159360]
[226159616, 226163456]
[226163712, 226167552]
[226167808, 226171648]
[226171904, 226175744]
[226176000, 226179840]
[226180096, 226183936]
[226184192, 226188032]
[226188288, 226192128]
[226192384, 226196224]
[226196480, 226200320]
[226200576, 226204416]
[226204672, 226208512]
[226208768, 226212608]
[226212864, 226216704]
[226216960, 226220800]
[226221056, 226224896]
[226225152, 226228992]
[226229248, 226233088]
[226233344, 226237184]
[226237440, 226241280]
[226241536, 226245376]
[226245632, 226249472]
[226249728, 226253568]
[226253824, 226257664]
[226257920, 226261760]
[226262016, 226265856]
[226266112, 226269952]
[226270208, 226274048]
[226274304, 226278144]
[226278400, 226282240]
[226282496, 226286336]
[226286592, 226290432]
[226290688, 226294528]
[226294784, 226298624]
[226298880, 226302720]
[226302976, 226306816]
[226307072, 226310912]
[226311168, 226315008]
[226315264, 226319104]
[226319360, 226323200]
[226323456, 226327296]
[226327552, 226331392]
[226331648, 226335488]
[226335744, 226339584]
[226339840, 226343680]
[226343936, 226347776]
[226348032, 226351872]
[226352128, 226355968]
[226356224, 226360064]
[226360320, 226364160]
[226364416, 226368256]
[226368512, 226372352]
[226372608, 226376448]
[226376704, 226380544]
[226380800, 226384640]
[226384896, 226388736]
[226388992, 226392832]
[226393088, 226396928]
[226397184, 226401024]
[226401280, 226405120]
[226405376, 226409216]
[226409472, 226413312]
[226413568, 226417408]
[226417664, 226421504]
[226421760, 226425600]
[226425856, 226429696]
[226429952, 226433792]
[226434048, 226437888]
[226438144, 226441984]
[226442240, 226446080]
[226446336, 226450176]
[226450432, 226454272]
[226454528, 226458368]
[226458624, 226462464]
[226462720, 226466560]
[226466816, 226470656]
[226470912, 226474752]
[226475008, 226478848]
[226479104, 226482944]
[226483200, 226487040]
[226487296, 226491136]
[226491392, 226494720]
[226495488, 226498816]
[226499584, 226502912]
[226503680, 226507008]
[226507776, 226511104]
[226511872, 226515200]
[226515968, 226516480]
[226516736, 226519296]
[226520064, 226523392]
[226524160, 226527488]
[226528256, 226531584]
[226532352, 226535680]
[226536448, 226539776]
[226540544, 226543872]
[226544640, 226547968]
[226548736, 226552064]
[226552832, 226556160]
[226556928, 226560256]
[226561024, 226564352]
[226565120, 226568448]
[226569216, 226572544]
[226573312, 226576640]
[226577408, 226580736]
[226581504, 226582016]
[226582272, 226584832]
[226585600, 226588928]
[226589696, 226593024]
[226593792, 226597120]
[226597888, 226601216]
[226601984, 226605312]
[226606080, 226609408]
[226610176, 226613504]
[226614272, 226617600]
[226618368, 226621696]
[226622464, 226625792]
[226626560, 226629888]
[226630656, 226633984]
[226634752, 226638080]
[226638848, 226642176]
[226642944, 226646272]
[226647040, 226647552]
[226647808, 226650368]
[226651136, 226654464]
[226655232, 226658560]
[226659328, 226662656]
[226663424, 226666752]
[226667520, 226670848]
[226671616, 226674944]
[226675712, 226679040]
[226679808, 226683136]
[226683904, 226687232]
[226688000, 226691328]
[226692096, 226695424]
[226696192, 226699520]
[226700288, 226703616]
[226704384, 226707712]
[226708480, 226711808]
[226712576, 226713088]
[226713344, 226715904]
[226716672, 226720000]
[226720768, 226724096]
[226724864, 226728192]
[226728960, 226732288]
[226733056, 226736384]
[226737152, 226740480]
[226741248, 226744576]
[226745344, 226748672]
[226749440, 226752768]
[226753536, 226756864]
[226757632, 226760960]
[226761728, 226765056]
[226765824, 226769152]
[226769920, 226773248]
[226774016, 226777344]
[226778112, 226778624]
[226778880, 226781440]
[226782208, 226785536]
[226786304, 226789632]
[226790400, 226793728]
[226794496, 226797824]
[226798592, 226801920]
[226802688, 226806016]
[226806784, 226810112]
[226810880, 226814208]
[226814976, 226818304]
[226819072, 226822400]
[226823168, 226826496]
[226827264, 226830592]
[226831360, 226834688]
[226835456, 226838784]
[226839552, 226842880]
[226843648, 226844160]
[226844416, 226846976]
[226847744, 226851072]
[226851840, 226855168]
[226855936, 226859264]
[226860032, 226863360]
[226864128, 226867456]
[226868224, 226871552]
[226872320, 226875648]
[226876416, 226879744]
[226880512, 226883840]
[226884608, 226887936]
[226888704, 226892032]
[226892800, 226896128]
[226896896, 226900224]
[226900992, 226904320]
[226905088, 226908416]
[226909184, 226909696]
[226909952, 226912512]
[226913280, 226916608]
[226917376, 226920704]
[226921472, 226924800]
[226925568, 226928896]
[226929664, 226932992]
[226933760, 226937088]
[226937856, 226941184]
[226941952, 226945280]
[226946048, 226949376]
[226950144, 226953472]
[226954240, 226957568]
[226958336, 226961664]
[226962432, 226965760]
[226966528, 226969856]
[226970624, 226973952]
[226974720, 226975232]
[226975488, 226978048]
[226978816, 226982144]
[226982912, 226986240]
[226987008, 226990336]
[226991104, 226994432]
[226995200, 226998528]
[226999296, 227002624]
[227003392, 227006720]
[227007488, 227010816]
[227011584, 227014912]
[227015680, 227019008]
[227019776, 227023104]
[227023872, 227027200]
[227027968, 227031296]
[227032064, 227035392]
[227036160, 227039488]
[227040256, 227040768]
[227041024, 227043584]
[227044352, 227047680]
[227048448, 227051776]
[227052544, 227055872]
[227056640, 227059968]
[227060736, 227064064]
[227064832, 227068160]
[227068928, 227072256]
[227073024, 227076352]
[227077120, 227080448]
[227081216, 227084544]
[227085312, 227088640]
[227089408, 227092736]
[227093504, 227096832]
[227097600, 227100928]
[227101696, 227105024]
[227105792, 227106304]
[227106560, 227109120]
[227109888, 227113216]
[227113984, 227117312]
[227118080, 227121408]
[227122176, 227125504]
[227126272, 227129600]
[227130368, 227133696]
[227134464, 227137792]
[227138560, 227141888]
[227142656, 227145984]
[227146752, 227150080]
[227150848, 227154176]
[227154944, 227158272]
[227159040, 227162368]
[227163136, 227166464]
[227167232, 227170560]
[227171328, 227171840]
[227172096, 227174656]
[227175424, 227178752]
[227179520, 227182848]
[227183616, 227186944]
[227187712, 227191040]
[227191808, 227195136]
[227195904, 227199232]
[227200000, 227203328]
[227204096, 227207424]
[227208192, 227211520]
[227212288, 227215616]
[227216384, 227219712]
[227220480, 227223808]
[227224576, 227227904]
[227228672, 227232000]
[227232768, 227236096]
[227236864, 227237376]
[227237632, 227240192]
[227240960, 227244288]
[227245056, 227248384]
[227249152, 227252480]
[227253248, 227256576]
[227257344, 227260672]
[227261440, 227264768]
[227265536, 227268864]
[227269632, 227272960]
[227273728, 227277056]
[227277824, 227281152]
[227281920, 227285248]
[227286016, 227289344]
[227290112, 227293440]
[227294208, 227297536]
[227298304, 227301632]
[227302400, 227302912]
[227303168, 227305728]
[227306496, 227309824]
[227310592, 227313920]
[227314688, 227318016]
[227318784, 227322112]
[227322880, 227326208]
[227326976, 227330304]
[227331072, 227334400]
[227335168, 227338496]
[227339264, 227342592]
[227343360, 227346688]
[227347456, 227350784]
[227351552, 227354880]
[227355648, 227358976]
[227359744, 227363072]
[227363840, 227367168]
[227367936, 227368448]
[227368704, 227371264]
[227372032, 227375360]
[227376128, 227379456]
[227380224, 227383552]
[227384320, 227387648]
[227388416, 227391744]
[227392512, 227395840]
[227396608, 227399936]
[227400704, 227404032]
[227404800, 227408128]
[227408896, 227412224]
[227412992, 227416320]
[227417088, 227420416]
[227421184, 227424512]
[227425280, 227428608]
[227429376, 227432704]
[227433472, 227433984]
[227434240, 227436800]
[227437568, 227440896]
[227441664, 227444992]
[227445760, 227449088]
[227449856, 227453184]
[227453952, 227457280]
[227458048, 227461376]
[227462144, 227465472]
[227466240, 227469568]
[227470336, 227473664]
[227474432, 227477760]
[227478528, 227481856]
[227482624, 227485952]
[227486720, 227490048]
[227490816, 227494144]
[227494912, 227498240]
[227499008, 227499520]
[227499776, 227502336]
[227503104, 227506432]
[227507200, 227510528]
[227511296, 227514624]
[227515392, 227518720]
[227519488, 227522816]
[227523584, 227526912]
[227527680, 227531008]
[227531776, 227535104]
[227535872, 227539200]
[227539968, 227543296]
[227544064, 227547392]
[227548160, 227551488]
[227552256, 227555584]
[227556352, 227559680]
[227560448, 227563776]
[227564544, 227565056]
[227565312, 227567872]
[227568640, 227571968]
[227572736, 227576064]
[227576832, 227580160]
[227580928, 227584256]
[227585024, 227588352]
[227589120, 227592448]
[227593216, 227596544]
[227597312, 227600640]
[227601408, 227604736]
[227605504, 227608832]
[227609600, 227612928]
[227613696, 227617024]
[227617792, 227621120]
[227621888, 227625216]
[227625984, 227629312]
[227630080, 227630592]
[227630848, 227633408]
[227634176, 227637504]
[227638272, 227641600]
[227642368, 227645696]
[227646464, 227649792]
[227650560, 227653888]
[227654656, 227657984]
[227658752, 227662080]
[227662848, 227666176]
[227666944, 227670272]
[227671040, 227674368]
[227675136, 227678464]
[227679232, 227682560]
[227683328, 227686656]
[227687424, 227690752]
[227691520, 227694848]
[227695616, 227696128]
[227696384, 227698944]
[227699712, 227703040]
[227703808, 227707136]
[227707904, 227711232]
[227712000, 227715328]
[227716096, 227719424]
[227720192, 227723520]
[227724288, 227727616]
[227728384, 227731712]
[227732480, 227735808]
[227736576, 227739904]
[227740672, 227744000]
[227744768, 227748096]
[227748864, 227752192]
[227752960, 227756288]
[227757056, 227760384]
[227761152, 227761664]
[227761920, 227764480]
[227765248, 227768576]
[227769344, 227772672]
[227773440, 227776768]
[227777536, 227780864]
[227781632, 227784960]
[227785728, 227789056]
[227789824, 227793152]
[227793920, 227797248]
[227798016, 227801344]
[227802112, 227805440]
[227806208, 227809536]
[227810304, 227813632]
[227814400, 227817728]
[227818496, 227821824]
[227822592, 227825920]
[227826688, 227827200]
[227827456, 227830016]
[227830784, 227834112]
[227834880, 227838208]
[227838976, 227842304]
[227843072, 227846400]
[227847168, 227850496]
[227851264, 227854592]
[227855360, 227858688]
[227859456, 227862784]
[227863552, 227866880]
[227867648, 227870976]
[227871744, 227875072]
[227875840, 227879168]
[227879936, 227883264]
[227884032, 227887360]
[227888128, 227891456]
[227892224, 227892736]
[227892992, 227895552]
[227896320, 227899648]
[227900416, 227903744]
[227904512, 227907840]
[227908608, 227911936]
[227912704, 227916032]
[227916800, 227920128]
[227920896, 227924224]
[227924992, 227928320]
[227929088, 227932416]
[227933184, 227936512]
[227937280, 227940608]
[227941376, 227944704]
[227945472, 227948800]
[227949568, 227952896]
[227953664, 227956992]
[227957760, 227958272]
[227958528, 227961088]
[227961856, 227965184]
[227965952, 227969280]
[227970048, 227973376]
[227974144, 227977472]
[227978240, 227981568]
[227982336, 227985664]
[227986432, 227989760]
[227990528, 227993856]
[227994624, 227997952]
[227998720, 228002048]
[228002816, 228006144]
[228006912, 228010240]
[228011008, 228014336]
[228015104, 228018432]
[228019200, 228022528]
[228023296, 228023808]
[228024064, 228026624]
[228027392, 228030720]
[228031488, 228034816]
[228035584, 228038912]
[228039680, 228043008]
[228043776, 228047104]
[228047872, 228051200]
[228051968, 228055296]
[228056064, 228059392]
[228060160, 228063488]
[228064256, 228067584]
[228068352, 228071680]
[228072448, 228075776]
[228076544, 228079872]
[228080640, 228083968]
[228084736, 228088064]
[228088832, 228089344]
[228089600, 228092160]
[228092928, 228096256]
[228097024, 228100352]
[228101120, 228104448]
[228105216, 228108544]
[228109312, 228112640]
[228113408, 228116736]
[228117504, 228120832]
[228121600, 228124928]
[228125696, 228129024]
[228129792, 228133120]
[228133888, 228137216]
[228137984, 228141312]
[228142080, 228145408]
[228146176, 228149504]
[228150272, 228153600]
[228154368, 228154880]
[228155136, 228157696]
[228158464, 228161792]
[228162560, 228165888]
[228166656, 228169984]
[228170752, 228174080]
[228174848, 228178176]
[228178944, 228182272]
[228183040, 228186368]
[228187136, 228190464]
[228191232, 228194560]
[228195328, 228198656]
[228199424, 228202752]
[228203520, 228206848]
[228207616, 228210944]
[228211712, 228215040]
[228215808, 228219136]
[228219904, 228220416]
[228220672, 228223232]
[228224000, 228227328]
[228228096, 228231424]
[228232192, 228235520]
[228236288, 228239616]
[228240384, 228243712]
[228244480, 228247808]
[228248576, 228251904]
[228252672, 228256000]
[228256768, 228260096]
[228260864, 228264192]
[228264960, 228268288]
[228269056, 228272384]
[228273152, 228276480]
[228277248, 228280576]
[228281344, 228284672]
[228285440, 228285952]
[228286208, 228288768]
[228289536, 228292864]
[228293632, 228296960]
[228297728, 228301056]
[228301824, 228305152]
[228305920, 228309248]
[228310016, 228313344]
[228314112, 228317440]
[228318208, 228321536]
[228322304, 228325632]
[228326400, 228329728]
[228330496, 228333824]
[228334592, 228337920]
[228338688, 228342016]
[228342784, 228346112]
[228346880, 228350208]
[228350976, 228351488]
[228351744, 228354304]
[228355072, 228358400]
[228359168, 228362496]
[228363264, 228366592]
[228367360, 228370688]
[228371456, 228374784]
[228375552, 228378880]
[228379648, 228382976]
[228383744, 228387072]
[228387840, 228391168]
[228391936, 228395264]
[228396032, 228399360]
[228400128, 228403456]
[228404224, 228407552]
[228408320, 228411648]
[228412416, 228415744]
[228416512, 228417024]
[228417280, 228419840]
[228420608, 228423936]
[228424704, 228428032]
[228428800, 228432128]
[228432896, 228436224]
[228436992, 228440320]
[228441088, 228444416]
[228445184, 228448512]
[228449280, 228452608]
[228453376, 228456704]
[228457472, 228460800]
[228461568, 228464896]
[228465664, 228468992]
[228469760, 228473088]
[228473856, 228477184]
[228477952, 228481280]
[228482048, 228482560]
[228482816, 228485376]
[228486144, 228489472]
[228490240, 228493568]
[228494336, 228497664]
[228498432, 228501760]
[228502528, 228505856]
[228506624, 228509952]
[228510720, 228514048]
[228514816, 228518144]
[228518912, 228522240]
[228523008, 228526336]
[228527104, 228530432]
[228531200, 228534528]
[228535296, 228538624]
[228539392, 228542720]
[228543488, 228546816]
[228547584, 228550912]
[228551680, 228555008]
[228555776, 228559104]
[228559872, 228563200]
[228563968, 228567296]
[228568064, 228571392]
[228572160, 228575488]
[228576256, 228579584]
[228580352, 228583680]
[228584448, 228587776]
[228588544, 228613632]
[228613888, 228679168]
[228679424, 228744704]
[228744960, 228810240]
[228810496, 228875776]
[228876032, 228941312]
[228941568, 229006848]
[229007104, 229072384]
[229072640, 229137920]
[229138176, 229203456]
[229203712, 229268992]
[229269248, 229334528]
[229334784, 229400064]
[229400320, 229465600]
[229465856, 229531136]
[229531392, 229596672]
[229596928, 229662208]
[229662464, 229727744]
[229728000, 229793280]
[229793536, 229858816]
[229859072, 229924352]
[229924608, 229989888]
[229990144, 230055424]
[230055680, 230120960]
[230121216, 230186496]
[230186752, 230252032]
[230252288, 230317568]
[230317824, 230383104]
[230383360, 230448640]
[230448896, 230514176]
[230514432, 230579712]
[230579968, 230645248]
[230645504, 230689024]
[230689792, 230693120]
[230693888, 230697216]
[230697984, 230701312]
[230702080, 230705408]
[230706176, 230709504]
[230710272, 230713600]
[230714368, 230717696]
[230718464, 230721792]
[230722560, 230725888]
[230726656, 230729984]
[230730752, 230734080]
[230734848, 230738176]
[230738944, 230742272]
[230743040, 230746368]
[230747136, 230750464]
[230751232, 230754560]
[230755328, 230758656]
[230759424, 230762752]
[230763520, 230766848]
[230767616, 230770944]
[230771712, 230775040]
[230775808, 230779136]
[230779904, 230783232]
[230784000, 230787328]
[230788096, 230791424]
[230792192, 230795520]
[230796288, 230799616]
[230800384, 230803712]
[230804480, 230807808]
[230808576, 230811904]
[230812672, 230816000]
[230816768, 230820096]
[230820864, 230824192]
[230824960, 230828288]
[230829056, 230832384]
[230833152, 230836480]
[230837248, 230840576]
[230841344, 230844672]
[230845440, 230848768]
[230849536, 230852864]
[230853632, 230856960]
[230857728, 230861056]
[230861824, 230865152]
[230865920, 230869248]
[230870016, 230873344]
[230874112, 230877440]
[230878208, 230881536]
[230882304, 230885632]
[230886400, 230889728]
[230890496, 230893824]
[230894592, 230897920]
[230898688, 230902016]
[230902784, 230906112]
[230906880, 230910208]
[230910976, 230914304]
[230915072, 230918400]
[230919168, 230922496]
[230923264, 230926592]
[230927360, 230930688]
[230931456, 230934784]
[230935552, 230938880]
[230939648, 230942976]
[230943744, 230947072]
[230947840, 230951168]
[230951936, 230955264]
[230956032, 230959360]
[230960128, 230963456]
[230964224, 230967552]
[230968320, 230971648]
[230972416, 230975744]
[230976512, 230979840]
[230980608, 230983936]
[230984704, 230988032]
[230988800, 230992128]
[230992896, 230996224]
[230996992, 231000320]
[231001088, 231004416]
[231005184, 231008512]
[231009280, 231012608]
[231013376, 231016704]
[231017472, 231020800]
[231021568, 231024896]
[231025664, 231028992]
[231029760, 231033088]
[231033856, 231037184]
[231037952, 231041280]
[231042048, 231045376]
[231046144, 231049472]
[231050240, 231053568]
[231054336, 231057664]
[231058432, 231061760]
[231062528, 231065856]
[231066624, 231069952]
[231070720, 231074048]
[231074816, 231078144]
[231078912, 231082240]
[231083008, 231086336]
[231087104, 231090432]
[231091200, 231094528]
[231095296, 231098624]
[231099392, 231102720]
[231103488, 231106816]
[231107584, 231110912]
[231111680, 231115008]
[231115776, 231119104]
[231119872, 231123200]
[231123968, 231127296]
[231128064, 231131392]
[231132160, 231135488]
[231136256, 231139584]
[231140352, 231143680]
[231144448, 231147776]
[231148544, 231151872]
[231152640, 231155968]
[231156736, 231160064]
[231160832, 231164160]
[231164928, 231168256]
[231169024, 231172352]
[231173120, 231176448]
[231177216, 231180544]
[231181312, 231184640]
[231185408, 231188736]
[231189504, 231192832]
[231193600, 231196928]
[231197696, 231201024]
[231201792, 231205120]
[231205888, 231209216]
[231209984, 231213312]
[231214080, 231217408]
[231218176, 231221504]
[231222272, 231225600]
[231226368, 231229696]
[231230464, 231233792]
[231234560, 231237888]
[231238656, 231241984]
[231242752, 231246080]
[231246848, 231250176]
[231250944, 231254272]
[231255040, 231258368]
[231259136, 231262464]
[231263232, 231266560]
[231267328, 231270656]
[231271424, 231274752]
[231275520, 231278848]
[231279616, 231282944]
[231283712, 231287040]
[231287808, 231291136]
[231291904, 231295232]
[231296000, 231299328]
[231300096, 231303424]
[231304192, 231307520]
[231308288, 231311616]
[231312384, 231315712]
[231316480, 231319808]
[231320576, 231323904]
[231324672, 231328000]
[231328768, 231332096]
[231332864, 231336192]
[231336960, 231340288]
[231341056, 231344384]
[231345152, 231348480]
[231349248, 231352576]
[231353344, 231356672]
[231357440, 231360768]
[231361536, 231364864]
[231365632, 231368960]
[231369728, 231373056]
[231373824, 231377152]
[231377920, 231381248]
[231382016, 231385344]
[231386112, 231389440]
[231390208, 231393536]
[231394304, 231397632]
[231398400, 231401728]
[231402496, 231405824]
[231406592, 231409920]
[231410688, 231414016]
[231414784, 231418112]
[231418880, 231422208]
[231422976, 231426304]
[231427072, 231430400]
[231431168, 231434496]
[231435264, 231438592]
[231439360, 231442688]
[231443456, 231446784]
[231447552, 231450880]
[231451648, 231454976]
[231455744, 231459072]
[231459840, 231463168]
[231463936, 231467264]
[231468032, 231471360]
[231472128, 231475456]
[231476224, 231479552]
[231480320, 231483648]
[231484416, 231487744]
[231488512, 231491840]
[231492608, 231495936]
[231496704, 231500032]
[231500800, 231504128]
[231504896, 231508224]
[231508992, 231512320]
[231513088, 231516416]
[231517184, 231520512]
[231521280, 231524608]
[231525376, 231528704]
[231529472, 231532800]
[231533568, 231536896]
[231537664, 231540992]
[231541760, 231545088]
[231545856, 231549184]
[231549952, 231553280]
[231554048, 231557376]
[231558144, 231561472]
[231562240, 231565568]
[231566336, 231569664]
[231570432, 231573760]
[231574528, 231577856]
[231578624, 231581952]
[231582720, 231586048]
[231586816, 231590144]
[231590912, 231594240]
[231595008, 231598336]
[231599104, 231602432]
[231603200, 231606528]
[231607296, 231610624]
[231611392, 231614720]
[231615488, 231618816]
[231619584, 231622912]
[231623680, 231627008]
[231627776, 231631104]
[231631872, 231635200]
[231635968, 231639296]
[231640064, 231643392]
[231644160, 231647488]
[231648256, 231651584]
[231652352, 231655680]
[231656448, 231659776]
[231660544, 231663872]
[231664640, 231667968]
[231668736, 231672064]
[231672832, 231676160]
[231676928, 231680256]
[231681024, 231684352]
[231685120, 231688448]
[231689216, 231692544]
[231693312, 231696640]
[231697408, 231700736]
[231701504, 231704832]
[231705600, 231708928]
[231709696, 231713024]
[231713792, 231717120]
[231717888, 231721216]
[231721984, 231725312]
[231726080, 231729408]
[231730176, 231733504]
[231734272, 231737600]
[231738368, 231741696]
[231742464, 231745792]
[231746560, 231749888]
[231750656, 231753984]
[231754752, 231758080]
[231758848, 231762176]
[231762944, 231766272]
[231767040, 231770368]
[231771136, 231774464]
[231775232, 231778560]
[231779328, 231782656]
[231783424, 231786752]
[231787520, 231790848]
[231791616, 231794944]
[231795712, 231799040]
[231799808, 231803136]
[231803904, 231807232]
[231808000, 231811328]
[231812096, 231815424]
[231816192, 231819520]
[231820288, 231823616]
[231824384, 231827712]
[231828480, 231831808]
[231832576, 231835904]
[231836672, 231840000]
[231840768, 231844096]
[231844864, 231848192]
[231848960, 231852288]
[231853056, 231856384]
[231857152, 231860480]
[231861248, 231864576]
[231865344, 231868672]
[231869440, 231872768]
[231873536, 231876864]
[231877632, 231880960]
[231881728, 231885056]
[231885824, 231889152]
[231889920, 231893248]
[231894016, 231897344]
[231898112, 231901440]
[231902208, 231905536]
[231906304, 231909632]
[231910400, 231913728]
[231914496, 231917824]
[231918592, 231921920]
[231922688, 231926016]
[231926784, 231930112]
[231930880, 231934208]
[231934976, 231938304]
[231939072, 231942400]
[231943168, 231946496]
[231947264, 231950592]
[231951360, 231954688]
[231955456, 231958784]
[231959552, 231962880]
[231963648, 231966976]
[231967744, 231971072]
[231971840, 231975168]
[231975936, 231979264]
[231980032, 231983360]
[231984128, 231987456]
[231988224, 231991552]
[231992320, 231995648]
[231996416, 231999744]
[232000512, 232003840]
[232004608, 232007936]
[232008704, 232012032]
[232012800, 232016128]
[232016896, 232020224]
[232020992, 232024320]
[232025088, 232028416]
[232029184, 232032512]
[232033280, 232036608]
[232037376, 232040704]
[232041472, 232044800]
[232045568, 232048896]
[232049664, 232052992]
[232053760, 232057088]
[232057856, 232061184]
[232061952, 232065280]
[232066048, 232069376]
[232070144, 232073472]
[232074240, 232077568]
[232078336, 232081664]
[232082432, 232085760]
[232086528, 232089856]
[232090624, 232093952]
[232094720, 232098048]
[232098816, 232102144]
[232102912, 232106240]
[232107008, 232110336]
[232111104, 232114432]
[232115200, 232118528]
[232119296, 232122624]
[232123392, 232126720]
[232127488, 232130816]
[232131584, 232134912]
[232135680, 232139008]
[232139776, 232143104]
[232143872, 232147200]
[232147968, 232151296]
[232152064, 232155392]
[232156160, 232159488]
[232160256, 232163584]
[232164352, 232167680]
[232168448, 232171776]
[232172544, 232175872]
[232176640, 232179968]
[232180736, 232184064]
[232184832, 232188160]
[232188928, 232192256]
[232193024, 232196352]
[232197120, 232200448]
[232201216, 232204544]
[232205312, 232208640]
[232209408, 232212736]
[232213504, 232216832]
[232217600, 232220928]
[232221696, 232225024]
[232225792, 232229120]
[232229888, 232233216]
[232233984, 232237312]
[232238080, 232241408]
[232242176, 232245504]
[232246272, 232249600]
[232250368, 232253696]
[232254464, 232257792]
[232258560, 232261888]
[232262656, 232265984]
[232266752, 232270080]
[232270848, 232274176]
[232274944, 232278272]
[232279040, 232282368]
[232283136, 232286464]
[232287232, 232290560]
[232291328, 232294656]
[232295424, 232298752]
[232299520, 232302848]
[232303616, 232306944]
[232307712, 232311040]
[232311808, 232315136]
[232315904, 232319232]
[232320000, 232323328]
[232324096, 232327424]
[232328192, 232331520]
[232332288, 232335616]
[232336384, 232339712]
[232340480, 232343808]
[232344576, 232347904]
[232348672, 232352000]
[232352768, 232356096]
[232356864, 232360192]
[232360960, 232364288]
[232365056, 232368384]
[232369152, 232372480]
[232373248, 232376576]
[232377344, 232380672]
[232381440, 232384768]
[232385536, 232388864]
[232389632, 232392960]
[232393728, 232397056]
[232397824, 232401152]
[232401920, 232405248]
[232406016, 232409344]
[232410112, 232413440]
[232414208, 232417536]
[232418304, 232421632]
[232422400, 232425728]
[232426496, 232429824]
[232430592, 232433920]
[232434688, 232438016]
[232438784, 232442112]
[232442880, 232446208]
[232446976, 232450304]
[232451072, 232454400]
[232455168, 232458496]
[232459264, 232462592]
[232463360, 232466688]
[232467456, 232470784]
[232471552, 232474880]
[232475648, 232478976]
[232479744, 232483072]
[232483840, 232487168]
[232487936, 232491264]
[232492032, 232495360]
[232496128, 232499456]
[232500224, 232503552]
[232504320, 232507648]
[232508416, 232511744]
[232512512, 232515840]
[232516608, 232519936]
[232520704, 232524032]
[232524800, 232528128]
[232528896, 232532224]
[232532992, 232536320]
[232537088, 232540416]
[232541184, 232544512]
[232545280, 232548608]
[232549376, 232552704]
[232553472, 232556800]
[232557568, 232560896]
[232561664, 232564992]
[232565760, 232569088]
[232569856, 232573184]
[232573952, 232577280]
[232578048, 232581376]
[232582144, 232585472]
[232586240, 232589568]
[232590336, 232593664]
[232594432, 232597760]
[232598528, 232601856]
[232602624, 232605952]
[232606720, 232610048]
[232610816, 232614144]
[232614912, 232618240]
[232619008, 232622336]
[232623104, 232626432]
[232627200, 232630528]
[232631296, 232634624]
[232635392, 232638720]
[232639488, 232642816]
[232643584, 232646912]
[232647680, 232651008]
[232651776, 232655104]
[232655872, 232659200]
[232659968, 232663296]
[232664064, 232667392]
[232668160, 232671488]
[232672256, 232675584]
[232676352, 232679680]
[232680448, 232683776]
[232684544, 232687872]
[232688640, 232691968]
[232692736, 232696064]
[232696832, 232700160]
[232700928, 232704256]
[232705024, 232708352]
[232709120, 232712448]
[232713216, 232716544]
[232717312, 232720640]
[232721408, 232724736]
[232725504, 232728832]
[232729600, 232732928]
[232733696, 232737024]
[232737792, 232741120]
[232741888, 232745216]
[232745984, 232749312]
[232750080, 232753408]
[232754176, 232757504]
[232758272, 232761600]
[232762368, 232765696]
[232766464, 232769792]
[232770560, 232773888]
[232774656, 232777984]
[232778752, 232782080]
[232782848, 234881024]
