[3170893824, 3170896128]
[3170896896, 3170900224]
[3170900992, 3170904320]
[3170905088, 3170908416]
[3170909184, 3170912512]
[3170913280, 3170916608]
[3170917376, 3170917888]
[3170918144, 3170920704]
[3170921472, 3170924800]
[3170925568, 3170928896]
[3170929664, 3170932992]
[3170933760, 3170937088]
[3170937856, 3170941184]
[3170941952, 3170945280]
[3170946048, 3170949376]
[3170950144, 3170953472]
[3170954240, 3170957568]
[3170958336, 3170961664]
[3170962432, 3170965760]
[3170966528, 3170969856]
[3170970624, 3170973952]
[3170974720, 3170978048]
[3170978816, 3170982144]
[3170982912, 3170983424]
[3170983680, 3170986240]
[3170987008, 3170990336]
[3170991104, 3170994432]
[3170995200, 3170998528]
[3170999296, 3171002624]
[3171003392, 3171006720]
[3171007488, 3171010816]
[3171011584, 3171014912]
[3171015680, 3171019008]
[3171019776, 3171023104]
[3171023872, 3171027200]
[3171027968, 3171031296]
[3171032064, 3171035392]
[3171036160, 3171039488]
[3171040256, 3171043584]
[3171044352, 3171047680]
[3171048448, 3171048960]
[3171049216, 3171051776]
[3171052544, 3171055872]
[3171056640, 3171059968]
[3171060736, 3171064064]
[3171064832, 3171068160]
[3171068928, 3171072256]
[3171073024, 3171076352]
[3171077120, 3171080448]
[3171081216, 3171084544]
[3171085312, 3171088640]
[3171089408, 3171092736]
[3171093504, 3171096832]
[3171097600, 3171100928]
[3171101696, 3171105024]
[3171105792, 3171109120]
[3171109888, 3171113216]
[3171113984, 3171114496]
[3171114752, 3171117312]
[3171118080, 3171121408]
[3171122176, 3171125504]
[3171126272, 3171129600]
[3171130368, 3171133696]
[3171134464, 3171137792]
[3171138560, 3171141888]
[3171142656, 3171145984]
[3171146752, 3171150080]
[3171150848, 3171154176]
[3171154944, 3171158272]
[3171159040, 3171162368]
[3171163136, 3171166464]
[3171167232, 3171170560]
[3171171328, 3171174656]
[3171175424, 3171178752]
[3171179520, 3171180032]
[3171180288, 3171182848]
[3171183616, 3171186944]
[3171187712, 3171191040]
[3171191808, 3171195136]
[3171195904, 3171199232]
[3171200000, 3171203328]
[3171204096, 3171207424]
[3171208192, 3171211520]
[3171212288, 3171215616]
[3171216384, 3171219712]
[3171220480, 3171223808]
[3171224576, 3171227904]
[3171228672, 3171232000]
[3171232768, 3171236096]
[3171236864, 3171240192]
[3171240960, 3171244288]
[3171245056, 3171245568]
[3171245824, 3171248384]
[3171249152, 3171252480]
[3171253248, 3171256576]
[3171257344, 3171260672]
[3171261440, 3171264768]
[3171265536, 3171268864]
[3171269632, 3171272960]
[3171273728, 3171277056]
[3171277824, 3171281152]
[3171281920, 3171285248]
[3171286016, 3171289344]
[3171290112, 3171293440]
[3171294208, 3171297536]
[3171298304, 3171301632]
[3171302400, 3171305728]
[3171306496, 3171309824]
[3171310592, 3171311104]
[3171311360, 3171313920]
[3171314688, 3171318016]
[3171318784, 3171322112]
[3171322880, 3171326208]
[3171326976, 3171330304]
[3171331072, 3171334400]
[3171335168, 3171338496]
[3171339264, 3171342592]
[3171343360, 3171346688]
[3171347456, 3171350784]
[3171351552, 3171354880]
[3171355648, 3171358976]
[3171359744, 3171363072]
[3171363840, 3171367168]
[3171367936, 3171371264]
[3171372032, 3171375360]
[3171376128, 3171376640]
[3171376896, 3171379456]
[3171380224, 3171383552]
[3171384320, 3171387648]
[3171388416, 3171391744]
[3171392512, 3171395840]
[3171396608, 3171399936]
[3171400704, 3171404032]
[3171404800, 3171408128]
[3171408896, 3171412224]
[3171412992, 3171416320]
[3171417088, 3171420416]
[3171421184, 3171424512]
[3171425280, 3171428608]
[3171429376, 3171432704]
[3171433472, 3171436800]
[3171437568, 3171440896]
[3171441664, 3171442176]
[3171442432, 3171444992]
[3171445760, 3171449088]
[3171449856, 3171453184]
[3171453952, 3171457280]
[3171458048, 3171461376]
[3171462144, 3171465472]
[3171466240, 3171469568]
[3171470336, 3171473664]
[3171474432, 3171477760]
[3171478528, 3171481856]
[3171482624, 3171485952]
[3171486720, 3171490048]
[3171490816, 3171494144]
[3171494912, 3171498240]
[3171499008, 3171502336]
[3171503104, 3171506432]
[3171507200, 3171507712]
[3171507968, 3171510528]
[3171511296, 3171514624]
[3171515392, 3171518720]
[3171519488, 3171522816]
[3171523584, 3171526912]
[3171527680, 3171531008]
[3171531776, 3171535104]
[3171535872, 3171539200]
[3171539968, 3171543296]
[3171544064, 3171547392]
[3171548160, 3171551488]
[3171552256, 3171555584]
[3171556352, 3171559680]
[3171560448, 3171563776]
[3171564544, 3171567872]
[3171568640, 3171571968]
[3171572736, 3171573248]
[3171573504, 3171576064]
[3171576832, 3171580160]
[3171580928, 3171584256]
[3171585024, 3171588352]
[3171589120, 3171592448]
[3171593216, 3171596544]
[3171597312, 3171600640]
[3171601408, 3171604736]
[3171605504, 3171608832]
[3171609600, 3171612928]
[3171613696, 3171617024]
[3171617792, 3171621120]
[3171621888, 3171625216]
[3171625984, 3171629312]
[3171630080, 3171633408]
[3171634176, 3171637504]
[3171638272, 3171638784]
[3171639040, 3171641600]
[3171642368, 3171645696]
[3171646464, 3171649792]
[3171650560, 3171653888]
[3171654656, 3171657984]
[3171658752, 3171662080]
[3171662848, 3171666176]
[3171666944, 3171670272]
[3171671040, 3171674368]
[3171675136, 3171678464]
[3171679232, 3171682560]
[3171683328, 3171686656]
[3171687424, 3171690752]
[3171691520, 3171694848]
[3171695616, 3171698944]
[3171699712, 3171703040]
[3171703808, 3171704320]
[3171704576, 3171707136]
[3171707904, 3171711232]
[3171712000, 3171715328]
[3171716096, 3171719424]
[3171720192, 3171723520]
[3171724288, 3171727616]
[3171728384, 3171731712]
[3171732480, 3171735808]
[3171736576, 3171739904]
[3171740672, 3171744000]
[3171744768, 3171748096]
[3171748864, 3171752192]
[3171752960, 3171756288]
[3171757056, 3171760384]
[3171761152, 3171764480]
[3171765248, 3171768576]
[3171769344, 3171769856]
[3171770112, 3171772672]
[3171773440, 3171776768]
[3171777536, 3171780864]
[3171781632, 3171784960]
[3171785728, 3171789056]
[3171789824, 3171793152]
[3171793920, 3171797248]
[3171798016, 3171801344]
[3171802112, 3171805440]
[3171806208, 3171809536]
[3171810304, 3171813632]
[3171814400, 3171817728]
[3171818496, 3171821824]
[3171822592, 3171825920]
[3171826688, 3171830016]
[3171830784, 3171834112]
[3171834880, 3171835392]
[3171835648, 3171838208]
[3171838976, 3171842304]
[3171843072, 3171846400]
[3171847168, 3171850496]
[3171851264, 3171854592]
[3171855360, 3171858688]
[3171859456, 3171862784]
[3171863552, 3171866880]
[3171867648, 3171870976]
[3171871744, 3171875072]
[3171875840, 3171879168]
[3171879936, 3171883264]
[3171884032, 3171887360]
[3171888128, 3171891456]
[3171892224, 3171895552]
[3171896320, 3171899648]
[3171900416, 3171900928]
[3171901184, 3171903744]
[3171904512, 3171907840]
[3171908608, 3171911936]
[3171912704, 3171916032]
[3171916800, 3171920128]
[3171920896, 3171924224]
[3171924992, 3171928320]
[3171929088, 3171932416]
[3171933184, 3171936512]
[3171937280, 3171940608]
[3171941376, 3171944704]
[3171945472, 3171948800]
[3171949568, 3171952896]
[3171953664, 3171956992]
[3171957760, 3171961088]
[3171961856, 3171965184]
[3171965952, 3171966464]
[3171966720, 3171969280]
[3171970048, 3171973376]
[3171974144, 3171977472]
[3171978240, 3171981568]
[3171982336, 3171985664]
[3171986432, 3171989760]
[3171990528, 3171993856]
[3171994624, 3171997952]
[3171998720, 3172002048]
[3172002816, 3172006144]
[3172006912, 3172010240]
[3172011008, 3172014336]
[3172015104, 3172018432]
[3172019200, 3172022528]
[3172023296, 3172026624]
[3172027392, 3172030720]
[3172031488, 3172032000]
[3172032256, 3172034816]
[3172035584, 3172038912]
[3172039680, 3172043008]
[3172043776, 3172047104]
[3172047872, 3172051200]
[3172051968, 3172055296]
[3172056064, 3172059392]
[3172060160, 3172063488]
[3172064256, 3172067584]
[3172068352, 3172071680]
[3172072448, 3172075776]
[3172076544, 3172079872]
[3172080640, 3172083968]
[3172084736, 3172088064]
[3172088832, 3172092160]
[3172092928, 3172096256]
[3172097024, 3172097536]
[3172097792, 3172100352]
[3172101120, 3172104448]
[3172105216, 3172108544]
[3172109312, 3172112640]
[3172113408, 3172116736]
[3172117504, 3172120832]
[3172121600, 3172124928]
[3172125696, 3172129024]
[3172129792, 3172133120]
[3172133888, 3172137216]
[3172137984, 3172141312]
[3172142080, 3172145408]
[3172146176, 3172149504]
[3172150272, 3172153600]
[3172154368, 3172157696]
[3172158464, 3172161792]
[3172162560, 3172163072]
[3172163328, 3172165888]
[3172166656, 3172169984]
[3172170752, 3172174080]
[3172174848, 3172178176]
[3172178944, 3172182272]
[3172183040, 3172186368]
[3172187136, 3172190464]
[3172191232, 3172194560]
[3172195328, 3172198656]
[3172199424, 3172202752]
[3172203520, 3172206848]
[3172207616, 3172210944]
[3172211712, 3172215040]
[3172215808, 3172219136]
[3172219904, 3172223232]
[3172224000, 3172227328]
[3172228096, 3172228608]
[3172228864, 3172231424]
[3172232192, 3172235520]
[3172236288, 3172239616]
[3172240384, 3172243712]
[3172244480, 3172247808]
[3172248576, 3172251904]
[3172252672, 3172256000]
[3172256768, 3172260096]
[3172260864, 3172264192]
[3172264960, 3172268288]
[3172269056, 3172272384]
[3172273152, 3172276480]
[3172277248, 3172280576]
[3172281344, 3172284672]
[3172285440, 3172288768]
[3172289536, 3172292864]
[3172293632, 3172294144]
[3172294400, 3172296960]
[3172297728, 3172301056]
[3172301824, 3172305152]
[3172305920, 3172309248]
[3172310016, 3172313344]
[3172314112, 3172317440]
[3172318208, 3172321536]
[3172322304, 3172325632]
[3172326400, 3172329728]
[3172330496, 3172333824]
[3172334592, 3172337920]
[3172338688, 3172342016]
[3172342784, 3172346112]
[3172346880, 3172350208]
[3172350976, 3172354304]
[3172355072, 3172358400]
[3172359168, 3172359680]
[3172359936, 3172362496]
[3172363264, 3172366592]
[3172367360, 3172370688]
[3172371456, 3172374784]
[3172375552, 3172378880]
[3172379648, 3172382976]
[3172383744, 3172387072]
[3172387840, 3172391168]
[3172391936, 3172395264]
[3172396032, 3172399360]
[3172400128, 3172403456]
[3172404224, 3172407552]
[3172408320, 3172411648]
[3172412416, 3172415744]
[3172416512, 3172419840]
[3172420608, 3172423936]
[3172424704, 3172425216]
[3172425472, 3172428032]
[3172428800, 3172432128]
[3172432896, 3172436224]
[3172436992, 3172440320]
[3172441088, 3172444416]
[3172445184, 3172448512]
[3172449280, 3172452608]
[3172453376, 3172456704]
[3172457472, 3172460800]
[3172461568, 3172464896]
[3172465664, 3172468992]
[3172469760, 3172473088]
[3172473856, 3172477184]
[3172477952, 3172481280]
[3172482048, 3172485376]
[3172486144, 3172489472]
[3172490240, 3172490752]
[3172491008, 3172493568]
[3172494336, 3172497664]
[3172498432, 3172501760]
[3172502528, 3172505856]
[3172506624, 3172509952]
[3172510720, 3172514048]
[3172514816, 3172518144]
[3172518912, 3172522240]
[3172523008, 3172526336]
[3172527104, 3172530432]
[3172531200, 3172534528]
[3172535296, 3172538624]
[3172539392, 3172542720]
[3172543488, 3172546816]
[3172547584, 3172550912]
[3172551680, 3172555008]
[3172555776, 3172556288]
[3172556544, 3172559104]
[3172559872, 3172563200]
[3172563968, 3172567296]
[3172568064, 3172571392]
[3172572160, 3172575488]
[3172576256, 3172579584]
[3172580352, 3172583680]
[3172584448, 3172587776]
[3172588544, 3172591872]
[3172592640, 3172595968]
[3172596736, 3172600064]
[3172600832, 3172604160]
[3172604928, 3172608256]
[3172609024, 3172612352]
[3172613120, 3172616448]
[3172617216, 3172620544]
[3172621312, 3172621824]
[3172622080, 3172624640]
[3172625408, 3172628736]
[3172629504, 3172632832]
[3172633600, 3172636928]
[3172637696, 3172641024]
[3172641792, 3172645120]
[3172645888, 3172649216]
[3172649984, 3172653312]
[3172654080, 3172657408]
[3172658176, 3172661504]
[3172662272, 3172665600]
[3172666368, 3172669696]
[3172670464, 3172673792]
[3172674560, 3172677888]
[3172678656, 3172681984]
[3172682752, 3172686080]
[3172686848, 3172687360]
[3172687616, 3172690176]
[3172690944, 3172694272]
[3172695040, 3172698368]
[3172699136, 3172702464]
[3172703232, 3172706560]
[3172707328, 3172710656]
[3172711424, 3172714752]
[3172715520, 3172718848]
[3172719616, 3172722944]
[3172723712, 3172727040]
[3172727808, 3172731136]
[3172731904, 3172735232]
[3172736000, 3172739328]
[3172740096, 3172743424]
[3172744192, 3172747520]
[3172748288, 3172751616]
[3172752384, 3172752896]
[3172753152, 3172755712]
[3172756480, 3172759808]
[3172760576, 3172763904]
[3172764672, 3172768000]
[3172768768, 3172772096]
[3172772864, 3172776192]
[3172776960, 3172780288]
[3172781056, 3172784384]
[3172785152, 3172788480]
[3172789248, 3172792576]
[3172793344, 3172796672]
[3172797440, 3172800768]
[3172801536, 3172804864]
[3172805632, 3172808960]
[3172809728, 3172813056]
[3172813824, 3172817152]
[3172817920, 3172818432]
[3172818688, 3172821248]
[3172822016, 3172825344]
[3172826112, 3172829440]
[3172830208, 3172833536]
[3172834304, 3172837632]
[3172838400, 3172841728]
[3172842496, 3172845824]
[3172846592, 3172849920]
[3172850688, 3172854016]
[3172854784, 3172858112]
[3172858880, 3172862208]
[3172862976, 3172866304]
[3172867072, 3172870400]
[3172871168, 3172874496]
[3172875264, 3172878592]
[3172879360, 3172882688]
[3172883456, 3172883968]
[3172884224, 3172886784]
[3172887552, 3172890880]
[3172891648, 3172894976]
[3172895744, 3172899072]
[3172899840, 3172903168]
[3172903936, 3172907264]
[3172908032, 3172911360]
[3172912128, 3172915456]
[3172916224, 3172919552]
[3172920320, 3172923648]
[3172924416, 3172927744]
[3172928512, 3172931840]
[3172932608, 3172935936]
[3172936704, 3172940032]
[3172940800, 3172944128]
[3172944896, 3172948224]
[3172948992, 3172952320]
[3172953088, 3172956416]
[3172957184, 3172960512]
[3172961280, 3172964608]
[3172965376, 3172968704]
[3172969472, 3172972800]
[3172973568, 3172976896]
[3172977664, 3172980992]
[3172981760, 3172985088]
[3172985856, 3172989184]
[3172989952, 3172993792]
[3172994048, 3172997888]
[3172998144, 3173001984]
[3173002240, 3173006080]
[3173006336, 3173010176]
[3173010432, 3173014272]
[3173014528, 3173015040]
[3173015296, 3173018368]
[3173018624, 3173022464]
[3173022720, 3173026560]
[3173026816, 3173030656]
[3173030912, 3173034752]
[3173035008, 3173038848]
[3173039104, 3173042944]
[3173043200, 3173047040]
[3173047296, 3173051136]
[3173051392, 3173055232]
[3173055488, 3173059328]
[3173059584, 3173063424]
[3173063680, 3173067520]
[3173067776, 3173071616]
[3173071872, 3173075712]
[3173075968, 3173079808]
[3173080064, 3173080576]
[3173080832, 3173083904]
[3173084160, 3173088000]
[3173088256, 3173092096]
[3173092352, 3173096192]
[3173096448, 3173100288]
[3173100544, 3173104384]
[3173104640, 3173108480]
[3173108736, 3173112576]
[3173112832, 3173116672]
[3173116928, 3173120768]
[3173121024, 3173124864]
[3173125120, 3173128960]
[3173129216, 3173133056]
[3173133312, 3173137152]
[3173137408, 3173141248]
[3173141504, 3173145344]
[3173145600, 3173146112]
[3173146368, 3173149440]
[3173149696, 3173153536]
[3173153792, 3173157632]
[3173157888, 3173161728]
[3173161984, 3173165824]
[3173166080, 3173169920]
[3173170176, 3173174016]
[3173174272, 3173178112]
[3173178368, 3173182208]
[3173182464, 3173186304]
[3173186560, 3173190400]
[3173190656, 3173194496]
[3173194752, 3173198592]
[3173198848, 3173202688]
[3173202944, 3173206784]
[3173207040, 3173210880]
[3173211136, 3173211648]
[3173211904, 3173214976]
[3173215232, 3173219072]
[3173219328, 3173223168]
[3173223424, 3173227264]
[3173227520, 3173231360]
[3173231616, 3173235456]
[3173235712, 3173239552]
[3173239808, 3173243648]
[3173243904, 3173247744]
[3173248000, 3173251840]
[3173252096, 3173255936]
[3173256192, 3173260032]
[3173260288, 3173264128]
[3173264384, 3173268224]
[3173268480, 3173272320]
[3173272576, 3173276416]
[3173276672, 3173277184]
[3173277440, 3173280512]
[3173280768, 3173284608]
[3173284864, 3173288704]
[3173288960, 3173292800]
[3173293056, 3173296896]
[3173297152, 3173300992]
[3173301248, 3173305088]
[3173305344, 3173309184]
[3173309440, 3173313280]
[3173313536, 3173317376]
[3173317632, 3173321472]
[3173321728, 3173325568]
[3173325824, 3173329664]
[3173329920, 3173333760]
[3173334016, 3173337856]
[3173338112, 3173341952]
[3173342208, 3173342720]
[3173342976, 3173346048]
[3173346304, 3173350144]
[3173350400, 3173354240]
[3173354496, 3173358336]
[3173358592, 3173362432]
[3173362688, 3173366528]
[3173366784, 3173370624]
[3173370880, 3173374720]
[3173374976, 3173378816]
[3173379072, 3173382912]
[3173383168, 3173387008]
[3173387264, 3173391104]
[3173391360, 3173395200]
[3173395456, 3173399296]
[3173399552, 3173403392]
[3173403648, 3173407488]
[3173407744, 3173408256]
[3173408512, 3173411584]
[3173411840, 3173415680]
[3173415936, 3173419776]
[3173420032, 3173423872]
[3173424128, 3173427968]
[3173428224, 3173432064]
[3173432320, 3173436160]
[3173436416, 3173440256]
[3173440512, 3173444352]
[3173444608, 3173448448]
[3173448704, 3173452544]
[3173452800, 3173456640]
[3173456896, 3173460736]
[3173460992, 3173464832]
[3173465088, 3173468928]
[3173469184, 3173473024]
[3173473280, 3173473792]
[3173474048, 3173477120]
[3173477376, 3173481216]
[3173481472, 3173485312]
[3173485568, 3173489408]
[3173489664, 3173493504]
[3173493760, 3173497600]
[3173497856, 3173501696]
[3173501952, 3173505792]
[3173506048, 3173509888]
[3173510144, 3173513984]
[3173514240, 3173518080]
[3173518336, 3173522176]
[3173522432, 3173526272]
[3173526528, 3173530368]
[3173530624, 3173534464]
[3173534720, 3173538560]
[3173538816, 3173539328]
[3173539584, 3173542656]
[3173542912, 3173546752]
[3173547008, 3173550848]
[3173551104, 3173554944]
[3173555200, 3173559040]
[3173559296, 3173563136]
[3173563392, 3173567232]
[3173567488, 3173571328]
[3173571584, 3173575424]
[3173575680, 3173579520]
[3173579776, 3173583616]
[3173583872, 3173587712]
[3173587968, 3173591808]
[3173592064, 3173595904]
[3173596160, 3173600000]
[3173600256, 3173604096]
[3173604352, 3173604864]
[3173605120, 3173608192]
[3173608448, 3173612288]
[3173612544, 3173616384]
[3173616640, 3173620480]
[3173620736, 3173624576]
[3173624832, 3173628672]
[3173628928, 3173632768]
[3173633024, 3173636864]
[3173637120, 3173640960]
[3173641216, 3173645056]
[3173645312, 3173649152]
[3173649408, 3173653248]
[3173653504, 3173657344]
[3173657600, 3173661440]
[3173661696, 3173665536]
[3173665792, 3173669632]
[3173669888, 3173670400]
[3173670656, 3173673728]
[3173673984, 3173677824]
[3173678080, 3173681920]
[3173682176, 3173686016]
[3173686272, 3173690112]
[3173690368, 3173694208]
[3173694464, 3173698304]
[3173698560, 3173702400]
[3173702656, 3173706496]
[3173706752, 3173710592]
[3173710848, 3173714688]
[3173714944, 3173718784]
[3173719040, 3173722880]
[3173723136, 3173726976]
[3173727232, 3173731072]
[3173731328, 3173735168]
[3173735424, 3173735936]
[3173736192, 3173739264]
[3173739520, 3173743360]
[3173743616, 3173747456]
[3173747712, 3173751552]
[3173751808, 3173755648]
[3173755904, 3173759744]
[3173760000, 3173763840]
[3173764096, 3173767936]
[3173768192, 3173772032]
[3173772288, 3173776128]
[3173776384, 3173780224]
[3173780480, 3173784320]
[3173784576, 3173788416]
[3173788672, 3173792512]
[3173792768, 3173796608]
[3173796864, 3173800704]
[3173800960, 3173801472]
[3173801728, 3173804800]
[3173805056, 3173808896]
[3173809152, 3173812992]
[3173813248, 3173817088]
[3173817344, 3173821184]
[3173821440, 3173825280]
[3173825536, 3173829376]
[3173829632, 3173833472]
[3173833728, 3173837568]
[3173837824, 3173841664]
[3173841920, 3173845760]
[3173846016, 3173849856]
[3173850112, 3173853952]
[3173854208, 3173858048]
[3173858304, 3173862144]
[3173862400, 3173866240]
[3173866496, 3173867008]
[3173867264, 3173870336]
[3173870592, 3173874432]
[3173874688, 3173878528]
[3173878784, 3173882624]
[3173882880, 3173886720]
[3173886976, 3173890816]
[3173891072, 3173894912]
[3173895168, 3173899008]
[3173899264, 3173903104]
[3173903360, 3173907200]
[3173907456, 3173911296]
[3173911552, 3173915392]
[3173915648, 3173919488]
[3173919744, 3173923584]
[3173923840, 3173927680]
[3173927936, 3173931776]
[3173932032, 3173932544]
[3173932800, 3173935872]
[3173936128, 3173939968]
[3173940224, 3173944064]
[3173944320, 3173948160]
[3173948416, 3173952256]
[3173952512, 3173956352]
[3173956608, 3173960448]
[3173960704, 3173964544]
[3173964800, 3173968640]
[3173968896, 3173972736]
[3173972992, 3173976832]
[3173977088, 3173980928]
[3173981184, 3173985024]
[3173985280, 3173989120]
[3173989376, 3173993216]
[3173993472, 3173997312]
[3173997568, 3173998080]
[3173998336, 3174001408]
[3174001664, 3174005504]
[3174005760, 3174009600]
[3174009856, 3174013696]
[3174013952, 3174017792]
[3174018048, 3174021888]
[3174022144, 3174025984]
[3174026240, 3174030080]
[3174030336, 3174034176]
[3174034432, 3174038272]
[3174038528, 3174042368]
[3174042624, 3174046464]
[3174046720, 3174050560]
[3174050816, 3174054656]
[3174054912, 3174058752]
[3174059008, 3174062848]
[3174063104, 3174063616]
[3174063872, 3174066944]
[3174067200, 3174071040]
[3174071296, 3174075136]
[3174075392, 3174079232]
[3174079488, 3174083328]
[3174083584, 3174087424]
[3174087680, 3174091520]
[3174091776, 3174095616]
[3174095872, 3174099712]
[3174099968, 3174103808]
[3174104064, 3174107904]
[3174108160, 3174112000]
[3174112256, 3174116096]
[3174116352, 3174120192]
[3174120448, 3174124288]
[3174124544, 3174128384]
[3174128640, 3174129152]
[3174129408, 3174132480]
[3174132736, 3174136576]
[3174136832, 3174140672]
[3174140928, 3174144768]
[3174145024, 3174148864]
[3174149120, 3174152960]
[3174153216, 3174157056]
[3174157312, 3174161152]
[3174161408, 3174165248]
[3174165504, 3174169344]
[3174169600, 3174173440]
[3174173696, 3174177536]
[3174177792, 3174181632]
[3174181888, 3174185728]
[3174185984, 3174189824]
[3174190080, 3174193920]
[3174194176, 3174194688]
[3174194944, 3174198016]
[3174198272, 3174202112]
[3174202368, 3174206208]
[3174206464, 3174210304]
[3174210560, 3174214400]
[3174214656, 3174218496]
[3174218752, 3174222592]
[3174222848, 3174226688]
[3174226944, 3174230784]
[3174231040, 3174234880]
[3174235136, 3174238976]
[3174239232, 3174243072]
[3174243328, 3174247168]
[3174247424, 3174251264]
[3174251520, 3174255360]
[3174255616, 3174259456]
[3174259712, 3174260224]
[3174260480, 3174263552]
[3174263808, 3174267648]
[3174267904, 3174271744]
[3174272000, 3174275840]
[3174276096, 3174279936]
[3174280192, 3174284032]
[3174284288, 3174288128]
[3174288384, 3174292224]
[3174292480, 3174296320]
[3174296576, 3174300416]
[3174300672, 3174304512]
[3174304768, 3174308608]
[3174308864, 3174312704]
[3174312960, 3174316800]
[3174317056, 3174320896]
[3174321152, 3174324992]
[3174325248, 3174325760]
[3174326016, 3174329088]
[3174329344, 3174333184]
[3174333440, 3174337280]
[3174337536, 3174341376]
[3174341632, 3174345472]
[3174345728, 3174349568]
[3174349824, 3174353664]
[3174353920, 3174357760]
[3174358016, 3174361856]
[3174362112, 3174365952]
[3174366208, 3174370048]
[3174370304, 3174374144]
[3174374400, 3174378240]
[3174378496, 3174382336]
[3174382592, 3174386432]
[3174386688, 3174390528]
[3174390784, 3174391296]
[3174391552, 3174394624]
[3174394880, 3174398720]
[3174398976, 3174402816]
[3174403072, 3174406912]
[3174407168, 3174411008]
[3174411264, 3174415104]
[3174415360, 3174419200]
[3174419456, 3174423296]
[3174423552, 3174427392]
[3174427648, 3174431488]
[3174431744, 3174435584]
[3174435840, 3174439680]
[3174439936, 3174443776]
[3174444032, 3174447872]
[3174448128, 3174451968]
[3174452224, 3174456064]
[3174456320, 3174456832]
[3174457088, 3174460160]
[3174460416, 3174464256]
[3174464512, 3174468352]
[3174468608, 3174472448]
[3174472704, 3174476544]
[3174476800, 3174480640]
[3174480896, 3174484736]
[3174484992, 3174488832]
[3174489088, 3174492928]
[3174493184, 3174497024]
[3174497280, 3174501120]
[3174501376, 3174505216]
[3174505472, 3174509312]
[3174509568, 3174513408]
[3174513664, 3174517504]
[3174517760, 3174521600]
[3174521856, 3174522368]
[3174522624, 3174525696]
[3174525952, 3174529792]
[3174530048, 3174533888]
[3174534144, 3174537984]
[3174538240, 3174542080]
[3174542336, 3174546176]
[3174546432, 3174550272]
[3174550528, 3174554368]
[3174554624, 3174558464]
[3174558720, 3174562560]
[3174562816, 3174566656]
[3174566912, 3174570752]
[3174571008, 3174574848]
[3174575104, 3174578944]
[3174579200, 3174583040]
[3174583296, 3174587136]
[3174587392, 3174587904]
[3174588160, 3174591232]
[3174591488, 3174595328]
[3174595584, 3174599424]
[3174599680, 3174603520]
[3174603776, 3174607616]
[3174607872, 3174611712]
[3174611968, 3174615808]
[3174616064, 3174619904]
[3174620160, 3174624000]
[3174624256, 3174628096]
[3174628352, 3174632192]
[3174632448, 3174636288]
[3174636544, 3174640384]
[3174640640, 3174644480]
[3174644736, 3174648576]
[3174648832, 3174652672]
[3174652928, 3174653440]
[3174653696, 3174656768]
[3174657024, 3174660864]
[3174661120, 3174664960]
[3174665216, 3174669056]
[3174669312, 3174673152]
[3174673408, 3174677248]
[3174677504, 3174681344]
[3174681600, 3174685440]
[3174685696, 3174689536]
[3174689792, 3174693632]
[3174693888, 3174697728]
[3174697984, 3174701824]
[3174702080, 3174705920]
[3174706176, 3174710016]
[3174710272, 3174714112]
[3174714368, 3174718208]
[3174718464, 3174718976]
[3174719232, 3174722304]
[3174722560, 3174726400]
[3174726656, 3174730496]
[3174730752, 3174734592]
[3174734848, 3174738688]
[3174738944, 3174742784]
[3174743040, 3174746880]
[3174747136, 3174750976]
[3174751232, 3174755072]
[3174755328, 3174759168]
[3174759424, 3174763264]
[3174763520, 3174767360]
[3174767616, 3174771456]
[3174771712, 3174775552]
[3174775808, 3174779648]
[3174779904, 3174783744]
[3174784000, 3174784512]
[3174784768, 3174787840]
[3174788096, 3174791936]
[3174792192, 3174796032]
[3174796288, 3174800128]
[3174800384, 3174804224]
[3174804480, 3174808320]
[3174808576, 3174812416]
[3174812672, 3174816512]
[3174816768, 3174820608]
[3174820864, 3174824704]
[3174824960, 3174828800]
[3174829056, 3174832896]
[3174833152, 3174836992]
[3174837248, 3174841088]
[3174841344, 3174845184]
[3174845440, 3174849280]
[3174849536, 3174850048]
[3174850304, 3174853376]
[3174853632, 3174857472]
[3174857728, 3174861568]
[3174861824, 3174865664]
[3174865920, 3174869760]
[3174870016, 3174873856]
[3174874112, 3174877952]
[3174878208, 3174882048]
[3174882304, 3174886144]
[3174886400, 3174890240]
[3174890496, 3174894336]
[3174894592, 3174898432]
[3174898688, 3174902528]
[3174902784, 3174906624]
[3174906880, 3174910720]
[3174910976, 3174914816]
[3174915072, 3174915584]
[3174915840, 3174918912]
[3174919168, 3174923008]
[3174923264, 3174927104]
[3174927360, 3174931200]
[3174931456, 3174935296]
[3174935552, 3174939392]
[3174939648, 3174943488]
[3174943744, 3174947584]
[3174947840, 3174951680]
[3174951936, 3174955776]
[3174956032, 3174959872]
[3174960128, 3174963968]
[3174964224, 3174968064]
[3174968320, 3174972160]
[3174972416, 3174976256]
[3174976512, 3174980352]
[3174980608, 3174981120]
[3174981376, 3174984448]
[3174984704, 3174988544]
[3174988800, 3174992640]
[3174992896, 3174996736]
[3174996992, 3175000832]
[3175001088, 3175004928]
[3175005184, 3175009024]
[3175009280, 3175013120]
[3175013376, 3175017216]
[3175017472, 3175021312]
[3175021568, 3175025408]
[3175025664, 3175029504]
[3175029760, 3175033600]
[3175033856, 3175037696]
[3175037952, 3175041792]
[3175042048, 3175045888]
[3175046144, 3175046656]
[3175046912, 3175049984]
[3175050240, 3175054080]
[3175054336, 3175058176]
[3175058432, 3175062272]
[3175062528, 3175066368]
[3175066624, 3175070464]
[3175070720, 3175074560]
[3175074816, 3175078656]
[3175078912, 3175082752]
[3175083008, 3175086848]
[3175087104, 3175090432]
[3175091200, 3175094528]
[3175095296, 3175098624]
[3175099392, 3175102720]
[3175103488, 3175106816]
[3175107584, 3175110912]
[3175111680, 3175115008]
[3175115776, 3175119104]
[3175119872, 3175123200]
[3175123968, 3175127296]
[3175128064, 3175131392]
[3175132160, 3175135488]
[3175136256, 3175139584]
[3175140352, 3175143680]
[3175144448, 3175147776]
[3175148544, 3175151872]
[3175152640, 3175155968]
[3175156736, 3175160064]
[3175160832, 3175164160]
[3175164928, 3175168256]
[3175169024, 3175172352]
[3175173120, 3175176448]
[3175177216, 3175180544]
[3175181312, 3175184640]
[3175185408, 3175188736]
[3175189504, 3175192832]
[3175193600, 3175196928]
[3175197696, 3175201024]
[3175201792, 3175205120]
[3175205888, 3175209216]
[3175209984, 3175213312]
[3175214080, 3175217408]
[3175218176, 3175221504]
[3175222272, 3175225600]
[3175226368, 3175229696]
[3175230464, 3175233792]
[3175234560, 3175237888]
[3175238656, 3175241984]
[3175242752, 3175246080]
[3175246848, 3175250176]
[3175250944, 3175254272]
[3175255040, 3175258368]
[3175259136, 3175262464]
[3175263232, 3175266560]
[3175267328, 3175270656]
[3175271424, 3175274752]
[3175275520, 3175278848]
[3175279616, 3175282944]
[3175283712, 3175287040]
[3175287808, 3175291136]
[3175291904, 3175295232]
[3175296000, 3175299328]
[3175300096, 3175303424]
[3175304192, 3175307520]
[3175308288, 3175311616]
[3175312384, 3175315712]
[3175316480, 3175319808]
[3175320576, 3175323904]
[3175324672, 3175328000]
[3175328768, 3175332096]
[3175332864, 3175336192]
[3175336960, 3175340288]
[3175341056, 3175344384]
[3175345152, 3175348480]
[3175349248, 3175352576]
[3175353344, 3175356672]
[3175357440, 3175360768]
[3175361536, 3175364864]
[3175365632, 3175368960]
[3175369728, 3175373056]
[3175373824, 3175377152]
[3175377920, 3175381248]
[3175382016, 3175385344]
[3175386112, 3175389440]
[3175390208, 3175393536]
[3175394304, 3175397632]
[3175398400, 3175401728]
[3175402496, 3175405824]
[3175406592, 3175409920]
[3175410688, 3175414016]
[3175414784, 3175418112]
[3175418880, 3175422208]
[3175422976, 3175426304]
[3175427072, 3175430400]
[3175431168, 3175434496]
[3175435264, 3175438592]
[3175439360, 3175442688]
[3175443456, 3175446784]
[3175447552, 3175450880]
[3175451648, 3175454976]
[3175455744, 3175459072]
[3175459840, 3175463168]
[3175463936, 3175467264]
[3175468032, 3175471360]
[3175472128, 3175475456]
[3175476224, 3175479552]
[3175480320, 3175483648]
[3175484416, 3175487744]
[3175488512, 3175491840]
[3175492608, 3175495936]
[3175496704, 3175500032]
[3175500800, 3175504128]
[3175504896, 3175508224]
[3175508992, 3175512320]
[3175513088, 3175516416]
[3175517184, 3175520512]
[3175521280, 3175524608]
[3175525376, 3175528704]
[3175529472, 3175532800]
[3175533568, 3175536896]
[3175537664, 3175540992]
[3175541760, 3175545088]
[3175545856, 3175549184]
[3175549952, 3175553280]
[3175554048, 3175557376]
[3175558144, 3175561472]
[3175562240, 3175565568]
[3175566336, 3175569664]
[3175570432, 3175573760]
[3175574528, 3175577856]
[3175578624, 3175581952]
[3175582720, 3175586048]
[3175586816, 3175590144]
[3175590912, 3175594240]
[3175595008, 3175598336]
[3175599104, 3175602432]
[3175603200, 3175606528]
[3175607296, 3175610624]
[3175611392, 3175614720]
[3175615488, 3175618816]
[3175619584, 3175622912]
[3175623680, 3175627008]
[3175627776, 3175631104]
[3175631872, 3175635200]
[3175635968, 3175639296]
[3175640064, 3175643392]
[3175644160, 3175647488]
[3175648256, 3175651584]
[3175652352, 3175655680]
[3175656448, 3175659776]
[3175660544, 3175663872]
[3175664640, 3175667968]
[3175668736, 3175672064]
[3175672832, 3175676160]
[3175676928, 3175680256]
[3175681024, 3175684352]
[3175685120, 3175688448]
[3175689216, 3175692544]
[3175693312, 3175696640]
[3175697408, 3175700736]
[3175701504, 3175704832]
[3175705600, 3175708928]
[3175709696, 3175713024]
[3175713792, 3175717120]
[3175717888, 3175721216]
[3175721984, 3175725312]
[3175726080, 3175729408]
[3175730176, 3175733504]
[3175734272, 3175737600]
[3175738368, 3175741696]
[3175742464, 3175745792]
[3175746560, 3175749888]
[3175750656, 3175753984]
[3175754752, 3175758080]
[3175758848, 3175762176]
[3175762944, 3175766272]
[3175767040, 3175770368]
[3175771136, 3175774464]
[3175775232, 3175778560]
[3175779328, 3175782656]
[3175783424, 3175786752]
[3175787520, 3175790848]
[3175791616, 3175794944]
[3175795712, 3175799040]
[3175799808, 3175803136]
[3175803904, 3175807232]
[3175808000, 3175811328]
[3175812096, 3175815424]
[3175816192, 3175819520]
[3175820288, 3175823616]
[3175824384, 3175827712]
[3175828480, 3175831808]
[3175832576, 3175835904]
[3175836672, 3175840000]
[3175840768, 3175844096]
[3175844864, 3175848192]
[3175848960, 3175852288]
[3175853056, 3175856384]
[3175857152, 3175860480]
[3175861248, 3175864576]
[3175865344, 3175868672]
[3175869440, 3175872768]
[3175873536, 3175876864]
[3175877632, 3175880960]
[3175881728, 3175885056]
[3175885824, 3175889152]
[3175889920, 3175893248]
[3175894016, 3175897344]
[3175898112, 3175901440]
[3175902208, 3175905536]
[3175906304, 3175909632]
[3175910400, 3175913728]
[3175914496, 3175917824]
[3175918592, 3175921920]
[3175922688, 3175926016]
[3175926784, 3175930112]
[3175930880, 3175934208]
[3175934976, 3175938304]
[3175939072, 3175942400]
[3175943168, 3175946496]
[3175947264, 3175950592]
[3175951360, 3175954688]
[3175955456, 3175958784]
[3175959552, 3175962880]
[3175963648, 3175966976]
[3175967744, 3175971072]
[3175971840, 3175975168]
[3175975936, 3175979264]
[3175980032, 3175983360]
[3175984128, 3175987456]
[3175988224, 3175991552]
[3175992320, 3175995648]
[3175996416, 3175999744]
[3176000512, 3176003840]
[3176004608, 3176007936]
[3176008704, 3176012032]
[3176012800, 3176016128]
[3176016896, 3176020224]
[3176020992, 3176024320]
[3176025088, 3176028416]
[3176029184, 3176032512]
[3176033280, 3176036608]
[3176037376, 3176040704]
[3176041472, 3176044800]
[3176045568, 3176048896]
[3176049664, 3176052992]
[3176053760, 3176057088]
[3176057856, 3176061184]
[3176061952, 3176065280]
[3176066048, 3176069376]
[3176070144, 3176073472]
[3176074240, 3176077568]
[3176078336, 3176081664]
[3176082432, 3176085760]
[3176086528, 3176089856]
[3176090624, 3176093952]
[3176094720, 3176098048]
[3176098816, 3176102144]
[3176102912, 3176106240]
[3176107008, 3176110336]
[3176111104, 3176114432]
[3176115200, 3176118528]
[3176119296, 3176122624]
[3176123392, 3176126720]
[3176127488, 3176130816]
[3176131584, 3176134912]
[3176135680, 3176139008]
[3176139776, 3176143104]
[3176143872, 3176147200]
[3176147968, 3176151296]
[3176152064, 3176155392]
[3176156160, 3176159488]
[3176160256, 3176163584]
[3176164352, 3176167680]
[3176168448, 3176171776]
[3176172544, 3176175872]
[3176176640, 3176179968]
[3176180736, 3176184064]
[3176184832, 3176188160]
[3176188928, 3176192256]
[3176193024, 3176196352]
[3176197120, 3176200448]
[3176201216, 3176204544]
[3176205312, 3176208640]
[3176209408, 3176212736]
[3176213504, 3176216832]
[3176217600, 3176220928]
[3176221696, 3176225024]
[3176225792, 3176229120]
[3176229888, 3176233216]
[3176233984, 3176237312]
[3176238080, 3176241408]
[3176242176, 3176245504]
[3176246272, 3176249600]
[3176250368, 3176253696]
[3176254464, 3176257792]
[3176258560, 3176261888]
[3176262656, 3176265984]
[3176266752, 3176270080]
[3176270848, 3176274176]
[3176274944, 3176278272]
[3176279040, 3176282368]
[3176283136, 3176286464]
[3176287232, 3176290560]
[3176291328, 3176294656]
[3176295424, 3176298752]
[3176299520, 3176302848]
[3176303616, 3176306944]
[3176307712, 3176311040]
[3176311808, 3176315136]
[3176315904, 3176319232]
[3176320000, 3176323328]
[3176324096, 3176327424]
[3176328192, 3176331520]
[3176332288, 3176335616]
[3176336384, 3176339712]
[3176340480, 3176343808]
[3176344576, 3176347904]
[3176348672, 3176352000]
[3176352768, 3176356096]
[3176356864, 3176360192]
[3176360960, 3176364288]
[3176365056, 3176368384]
[3176369152, 3176372480]
[3176373248, 3176376576]
[3176377344, 3176380672]
[3176381440, 3176384768]
[3176385536, 3176388864]
[3176389632, 3176392960]
[3176393728, 3176397056]
[3176397824, 3176401152]
[3176401920, 3176405248]
[3176406016, 3176409344]
[3176410112, 3176413440]
[3176414208, 3176417536]
[3176418304, 3176421632]
[3176422400, 3176425728]
[3176426496, 3176429824]
[3176430592, 3176433920]
[3176434688, 3176438016]
[3176438784, 3176442112]
[3176442880, 3176446208]
[3176446976, 3176450304]
[3176451072, 3176454400]
[3176455168, 3176458496]
[3176459264, 3176462592]
[3176463360, 3176466688]
[3176467456, 3176470784]
[3176471552, 3176474880]
[3176475648, 3176478976]
[3176479744, 3176483072]
[3176483840, 3176487168]
[3176487936, 3176491264]
[3176492032, 3176495360]
[3176496128, 3176499456]
[3176500224, 3176503552]
[3176504320, 3176507648]
[3176508416, 3176511744]
[3176512512, 3176515840]
[3176516608, 3176519936]
[3176520704, 3176524032]
[3176524800, 3176528128]
[3176528896, 3176532224]
[3176532992, 3176536320]
[3176537088, 3176540416]
[3176541184, 3176544512]
[3176545280, 3176548608]
[3176549376, 3176552704]
[3176553472, 3176556800]
[3176557568, 3176560896]
[3176561664, 3176564992]
[3176565760, 3176569088]
[3176569856, 3176573184]
[3176573952, 3176577280]
[3176578048, 3176581376]
[3176582144, 3176585472]
[3176586240, 3176589568]
[3176590336, 3176593664]
[3176594432, 3176597760]
[3176598528, 3176601856]
[3176602624, 3176605952]
[3176606720, 3176610048]
[3176610816, 3176614144]
[3176614912, 3176618240]
[3176619008, 3176622336]
[3176623104, 3176626432]
[3176627200, 3176630528]
[3176631296, 3176634624]
[3176635392, 3176638720]
[3176639488, 3176642816]
[3176643584, 3176646912]
[3176647680, 3176651008]
[3176651776, 3176655104]
[3176655872, 3176659200]
[3176659968, 3176663296]
[3176664064, 3176667392]
[3176668160, 3176671488]
[3176672256, 3176675584]
[3176676352, 3176679680]
[3176680448, 3176683776]
[3176684544, 3176687872]
[3176688640, 3176691968]
[3176692736, 3176696064]
[3176696832, 3176700160]
[3176700928, 3176704256]
[3176705024, 3176708352]
[3176709120, 3176712448]
[3176713216, 3176716544]
[3176717312, 3176720640]
[3176721408, 3176724736]
[3176725504, 3176728832]
[3176729600, 3176732928]
[3176733696, 3176737024]
[3176737792, 3176741120]
[3176741888, 3176745216]
[3176745984, 3176749312]
[3176750080, 3176753408]
[3176754176, 3176757504]
[3176758272, 3176761600]
[3176762368, 3176765696]
[3176766464, 3176769792]
[3176770560, 3176773888]
[3176774656, 3176777984]
[3176778752, 3176782080]
[3176782848, 3176786176]
[3176786944, 3176790272]
[3176791040, 3176794368]
[3176795136, 3176798464]
[3176799232, 3176802560]
[3176803328, 3176806656]
[3176807424, 3176810752]
[3176811520, 3176814848]
[3176815616, 3176818944]
[3176819712, 3176823040]
[3176823808, 3176827136]
[3176827904, 3176831232]
[3176832000, 3176835328]
[3176836096, 3176839424]
[3176840192, 3176843520]
[3176844288, 3176847616]
[3176848384, 3176851712]
[3176852480, 3176855808]
[3176856576, 3176859904]
[3176860672, 3176864000]
[3176864768, 3176868096]
[3176868864, 3176872192]
[3176872960, 3176876288]
[3176877056, 3176880384]
[3176881152, 3176884480]
[3176885248, 3176888576]
[3176889344, 3176892672]
[3176893440, 3176896768]
[3176897536, 3176900864]
[3176901632, 3176904960]
[3176905728, 3176909056]
[3176909824, 3176913152]
[3176913920, 3176917248]
[3176918016, 3176921344]
[3176922112, 3176925440]
[3176926208, 3176929536]
[3176930304, 3176933632]
[3176934400, 3176937728]
[3176938496, 3176941824]
[3176942592, 3176945920]
[3176946688, 3176950016]
[3176950784, 3176954112]
[3176954880, 3176958208]
[3176958976, 3176962304]
[3176963072, 3176966400]
[3176967168, 3176970496]
[3176971264, 3176974592]
[3176975360, 3176978688]
[3176979456, 3176982784]
[3176983552, 3176986880]
[3176987648, 3176990976]
[3176991744, 3176995072]
[3176995840, 3176999168]
[3176999936, 3177003264]
[3177004032, 3177007360]
[3177008128, 3177011456]
[3177012224, 3177015552]
[3177016320, 3177019648]
[3177020416, 3177023744]
[3177024512, 3177027840]
[3177028608, 3177031936]
[3177032704, 3177036032]
[3177036800, 3177040128]
[3177040896, 3177044224]
[3177044992, 3177048320]
[3177049088, 3177052416]
[3177053184, 3177056512]
[3177057280, 3177060608]
[3177061376, 3177064704]
[3177065472, 3177068800]
[3177069568, 3177072896]
[3177073664, 3177076992]
[3177077760, 3177081088]
[3177081856, 3177085184]
[3177085952, 3177089280]
[3177090048, 3177093376]
[3177094144, 3177097472]
[3177098240, 3177101568]
[3177102336, 3177105664]
[3177106432, 3177109760]
[3177110528, 3177113856]
[3177114624, 3177117952]
[3177118720, 3177122048]
[3177122816, 3177126144]
[3177126912, 3177130240]
[3177131008, 3177134336]
[3177135104, 3177138432]
[3177139200, 3177142528]
[3177143296, 3177146624]
[3177147392, 3177150720]
[3177151488, 3177154816]
[3177155584, 3177158912]
[3177159680, 3177163008]
[3177163776, 3177167104]
[3177167872, 3177171200]
[3177171968, 3177175296]
[3177176064, 3177179392]
[3177180160, 3177183488]
[3177184256, 3177188096]
[3177188352, 3177192192]
[3177192448, 3177196288]
[3177196544, 3177200384]
[3177200640, 3177204480]
[3177204736, 3177208576]
[3177208832, 3177212672]
[3177212928, 3177216768]
[3177217024, 3177220864]
[3177221120, 3177224960]
[3177225216, 3177229056]
[3177229312, 3177233152]
[3177233408, 3177237248]
[3177237504, 3177241344]
[3177241600, 3177245440]
[3177245696, 3177249536]
[3177249792, 3177253632]
[3177253888, 3177257728]
[3177257984, 3177261824]
[3177262080, 3177265920]
[3177266176, 3177270016]
[3177270272, 3177274112]
[3177274368, 3177278208]
[3177278464, 3177282304]
[3177282560, 3177286400]
[3177286656, 3177290496]
[3177290752, 3177294592]
[3177294848, 3177298688]
[3177298944, 3177302784]
[3177303040, 3177306880]
[3177307136, 3177310976]
[3177311232, 3177315072]
[3177315328, 3177319168]
[3177319424, 3177323264]
[3177323520, 3177327360]
[3177327616, 3177331456]
[3177331712, 3177335552]
[3177335808, 3177339648]
[3177339904, 3177343744]
[3177344000, 3177347840]
[3177348096, 3177351936]
[3177352192, 3177356032]
[3177356288, 3177360128]
[3177360384, 3177364224]
[3177364480, 3177368320]
[3177368576, 3177372416]
[3177372672, 3177376512]
[3177376768, 3177380608]
[3177380864, 3177384704]
[3177384960, 3177388800]
[3177389056, 3177392896]
[3177393152, 3177396992]
[3177397248, 3177401088]
[3177401344, 3177405184]
[3177405440, 3177409280]
[3177409536, 3177413376]
[3177413632, 3177417472]
[3177417728, 3177421568]
[3177421824, 3177425664]
[3177425920, 3177429760]
[3177430016, 3177433856]
[3177434112, 3177437952]
[3177438208, 3177442048]
[3177442304, 3177446144]
[3177446400, 3177450240]
[3177450496, 3177454336]
[3177454592, 3177458432]
[3177458688, 3177462528]
[3177462784, 3177466624]
[3177466880, 3177470720]
[3177470976, 3177474816]
[3177475072, 3177478912]
[3177479168, 3177483008]
[3177483264, 3177487104]
[3177487360, 3177491200]
[3177491456, 3177495296]
[3177495552, 3177499392]
[3177499648, 3177503488]
[3177503744, 3177507584]
[3177507840, 3177511680]
[3177511936, 3177515776]
[3177516032, 3177519872]
[3177520128, 3177523968]
[3177524224, 3177528064]
[3177528320, 3177532160]
[3177532416, 3177536256]
[3177536512, 3177540352]
[3177540608, 3177544448]
[3177544704, 3177548544]
[3177548800, 3177552640]
[3177552896, 3177556736]
[3177556992, 3177560832]
[3177561088, 3177564928]
[3177565184, 3177569024]
[3177569280, 3177573120]
[3177573376, 3177577216]
[3177577472, 3177581312]
[3177581568, 3177585408]
[3177585664, 3177589504]
[3177589760, 3177593600]
[3177593856, 3177597696]
[3177597952, 3177601792]
[3177602048, 3177605888]
[3177606144, 3177609984]
[3177610240, 3177614080]
[3177614336, 3177618176]
[3177618432, 3177622272]
[3177622528, 3177626368]
[3177626624, 3177630464]
[3177630720, 3177634560]
[3177634816, 3177638656]
[3177638912, 3177642752]
[3177643008, 3177646848]
[3177647104, 3177650944]
[3177651200, 3177655040]
[3177655296, 3177659136]
[3177659392, 3177663232]
[3177663488, 3177667328]
[3177667584, 3177671424]
[3177671680, 3177675520]
[3177675776, 3177679616]
[3177679872, 3177683712]
[3177683968, 3177687808]
[3177688064, 3177691904]
[3177692160, 3177696000]
[3177696256, 3177700096]
[3177700352, 3177704192]
[3177704448, 3177708288]
[3177708544, 3177712384]
[3177712640, 3177716480]
[3177716736, 3177720576]
[3177720832, 3177724672]
[3177724928, 3177728768]
[3177729024, 3177732864]
[3177733120, 3177736960]
[3177737216, 3177741056]
[3177741312, 3177745152]
[3177745408, 3177749248]
[3177749504, 3177753344]
[3177753600, 3177757440]
[3177757696, 3177761536]
[3177761792, 3177765632]
[3177765888, 3177769728]
[3177769984, 3177773824]
[3177774080, 3177777920]
[3177778176, 3177782016]
[3177782272, 3177786112]
[3177786368, 3177790208]
[3177790464, 3177794304]
[3177794560, 3177798400]
[3177798656, 3177802496]
[3177802752, 3177806592]
[3177806848, 3177810688]
[3177810944, 3177814784]
[3177815040, 3177818880]
[3177819136, 3177822976]
[3177823232, 3177827072]
[3177827328, 3177831168]
[3177831424, 3177835264]
[3177835520, 3177839360]
[3177839616, 3177843456]
[3177843712, 3177847552]
[3177847808, 3177851648]
[3177851904, 3177855744]
[3177856000, 3177859840]
[3177860096, 3177863936]
[3177864192, 3177868032]
[3177868288, 3177872128]
[3177872384, 3177876224]
[3177876480, 3177880320]
[3177880576, 3177884416]
[3177884672, 3177888512]
[3177888768, 3177892608]
[3177892864, 3177896704]
[3177896960, 3177900800]
[3177901056, 3177904896]
[3177905152, 3177908992]
[3177909248, 3177913088]
[3177913344, 3177917184]
[3177917440, 3177921280]
[3177921536, 3177925376]
[3177925632, 3177929472]
[3177929728, 3177933568]
[3177933824, 3177937664]
[3177937920, 3177941760]
[3177942016, 3177945856]
[3177946112, 3177949952]
[3177950208, 3177954048]
[3177954304, 3177958144]
[3177958400, 3177962240]
[3177962496, 3177966336]
[3177966592, 3177970432]
[3177970688, 3177974528]
[3177974784, 3177978624]
[3177978880, 3177982720]
[3177982976, 3177986816]
[3177987072, 3177990912]
[3177991168, 3177995008]
[3177995264, 3177999104]
[3177999360, 3178003200]
[3178003456, 3178007296]
[3178007552, 3178011392]
[3178011648, 3178015488]
[3178015744, 3178019584]
[3178019840, 3178023680]
[3178023936, 3178027776]
[3178028032, 3178031872]
[3178032128, 3178035968]
[3178036224, 3178040064]
[3178040320, 3178044160]
[3178044416, 3178048256]
[3178048512, 3178052352]
[3178052608, 3178056448]
[3178056704, 3178060544]
[3178060800, 3178064640]
[3178064896, 3178068736]
[3178068992, 3178072832]
[3178073088, 3178076928]
[3178077184, 3178081024]
[3178081280, 3178085120]
[3178085376, 3178089216]
[3178089472, 3178093312]
[3178093568, 3178097408]
[3178097664, 3178101504]
[3178101760, 3178105600]
[3178105856, 3178109696]
[3178109952, 3178113792]
[3178114048, 3178117888]
[3178118144, 3178121984]
[3178122240, 3178126080]
[3178126336, 3178130176]
[3178130432, 3178134272]
[3178134528, 3178138368]
[3178138624, 3178142464]
[3178142720, 3178146560]
[3178146816, 3178150656]
[3178150912, 3178154752]
[3178155008, 3178158848]
[3178159104, 3178162944]
[3178163200, 3178167040]
[3178167296, 3178171136]
[3178171392, 3178175232]
[3178175488, 3178179328]
[3178179584, 3178183424]
[3178183680, 3178187520]
[3178187776, 3178191616]
[3178191872, 3178195712]
[3178195968, 3178199808]
[3178200064, 3178203904]
[3178204160, 3178208000]
[3178208256, 3178212096]
[3178212352, 3178216192]
[3178216448, 3178220288]
[3178220544, 3178224384]
[3178224640, 3178228480]
[3178228736, 3178232576]
[3178232832, 3178236672]
[3178236928, 3178240768]
[3178241024, 3178244864]
[3178245120, 3178248960]
[3178249216, 3178253056]
[3178253312, 3178257152]
[3178257408, 3178261248]
[3178261504, 3178265344]
[3178265600, 3178269440]
[3178269696, 3178273536]
[3178273792, 3178277632]
[3178277888, 3178281728]
[3178281984, 3178285824]
[3178286080, 3178289920]
[3178290176, 3178294016]
[3178294272, 3178298112]
[3178298368, 3178302208]
[3178302464, 3178306304]
[3178306560, 3178310400]
[3178310656, 3178314496]
[3178314752, 3178318592]
[3178318848, 3178322688]
[3178322944, 3178326784]
[3178327040, 3178330880]
[3178331136, 3178334976]
[3178335232, 3178339072]
[3178339328, 3178343168]
[3178343424, 3178347264]
[3178347520, 3178351360]
[3178351616, 3178355456]
[3178355712, 3178359552]
[3178359808, 3178363648]
[3178363904, 3178367744]
[3178368000, 3178371840]
[3178372096, 3178375936]
[3178376192, 3178380032]
[3178380288, 3178384128]
[3178384384, 3178388224]
[3178388480, 3178392320]
[3178392576, 3178396416]
[3178396672, 3178400512]
[3178400768, 3178404608]
[3178404864, 3178408704]
[3178408960, 3178412800]
[3178413056, 3178416896]
[3178417152, 3178420992]
[3178421248, 3178425088]
[3178425344, 3178429184]
[3178429440, 3178433280]
[3178433536, 3178437376]
[3178437632, 3178441472]
[3178441728, 3178445568]
[3178445824, 3178449664]
[3178449920, 3178453760]
[3178454016, 3178457856]
[3178458112, 3178461952]
[3178462208, 3178466048]
[3178466304, 3178470144]
[3178470400, 3178474240]
[3178474496, 3178478336]
[3178478592, 3178482432]
[3178482688, 3178486528]
[3178486784, 3178490624]
[3178490880, 3178494720]
[3178494976, 3178498816]
[3178499072, 3178502912]
[3178503168, 3178507008]
[3178507264, 3178511104]
[3178511360, 3178515200]
[3178515456, 3178519296]
[3178519552, 3178523392]
[3178523648, 3178527488]
[3178527744, 3178531584]
[3178531840, 3178535680]
[3178535936, 3178539776]
[3178540032, 3178543872]
[3178544128, 3178547968]
[3178548224, 3178552064]
[3178552320, 3178556160]
[3178556416, 3178560256]
[3178560512, 3178564352]
[3178564608, 3178568448]
[3178568704, 3178572544]
[3178572800, 3178576640]
[3178576896, 3178580736]
[3178580992, 3178584832]
[3178585088, 3178588928]
[3178589184, 3178593024]
[3178593280, 3178597120]
[3178597376, 3178601216]
[3178601472, 3178605312]
[3178605568, 3178609408]
[3178609664, 3178613504]
[3178613760, 3178617600]
[3178617856, 3178621696]
[3178621952, 3178625792]
[3178626048, 3178629888]
[3178630144, 3178633984]
[3178634240, 3178638080]
[3178638336, 3178642176]
[3178642432, 3178646272]
[3178646528, 3178650368]
[3178650624, 3178654464]
[3178654720, 3178658560]
[3178658816, 3178662656]
[3178662912, 3178666752]
[3178667008, 3178670848]
[3178671104, 3178674944]
[3178675200, 3178679040]
[3178679296, 3178683136]
[3178683392, 3178687232]
[3178687488, 3178691328]
[3178691584, 3178695424]
[3178695680, 3178699520]
[3178699776, 3178703616]
[3178703872, 3178707712]
[3178707968, 3178711808]
[3178712064, 3178715904]
[3178716160, 3178720000]
[3178720256, 3178724096]
[3178724352, 3178728192]
[3178728448, 3178732288]
[3178732544, 3178736384]
[3178736640, 3178740480]
[3178740736, 3178744576]
[3178744832, 3178748672]
[3178748928, 3178752768]
[3178753024, 3178756864]
[3178757120, 3178760960]
[3178761216, 3178765056]
[3178765312, 3178769152]
[3178769408, 3178773248]
[3178773504, 3178777344]
[3178777600, 3178781440]
[3178781696, 3178785536]
[3178785792, 3178789632]
[3178789888, 3178793728]
[3178793984, 3178797824]
[3178798080, 3178801920]
[3178802176, 3178806016]
[3178806272, 3178810112]
[3178810368, 3178814208]
[3178814464, 3178818304]
[3178818560, 3178822400]
[3178822656, 3178826496]
[3178826752, 3178830592]
[3178830848, 3178834688]
[3178834944, 3178838784]
[3178839040, 3178842880]
[3178843136, 3178846976]
[3178847232, 3178851072]
[3178851328, 3178855168]
[3178855424, 3178859264]
[3178859520, 3178863360]
[3178863616, 3178867456]
[3178867712, 3178871552]
[3178871808, 3178875648]
[3178875904, 3178879744]
[3178880000, 3178883840]
[3178884096, 3178887936]
[3178888192, 3178892032]
[3178892288, 3178896128]
[3178896384, 3178900224]
[3178900480, 3178904320]
[3178904576, 3178908416]
[3178908672, 3178912512]
[3178912768, 3178916608]
[3178916864, 3178920704]
[3178920960, 3178924800]
[3178925056, 3178928896]
[3178929152, 3178932992]
[3178933248, 3178937088]
[3178937344, 3178941184]
[3178941440, 3178945280]
[3178945536, 3178949376]
[3178949632, 3178953472]
[3178953728, 3178957568]
[3178957824, 3178961664]
[3178961920, 3178965760]
[3178966016, 3178969856]
[3178970112, 3178973952]
[3178974208, 3178978048]
[3178978304, 3178982144]
[3178982400, 3178986240]
[3178986496, 3178990336]
[3178990592, 3178994432]
[3178994688, 3178998528]
[3178998784, 3179002624]
[3179002880, 3179006720]
[3179006976, 3179010816]
[3179011072, 3179014912]
[3179015168, 3179019008]
[3179019264, 3179023104]
[3179023360, 3179027200]
[3179027456, 3179031296]
[3179031552, 3179035392]
[3179035648, 3179039488]
[3179039744, 3179043584]
[3179043840, 3179047680]
[3179047936, 3179051776]
[3179052032, 3179055872]
[3179056128, 3179059968]
[3179060224, 3179064064]
[3179064320, 3179068160]
[3179068416, 3179072256]
[3179072512, 3179076352]
[3179076608, 3179080448]
[3179080704, 3179084544]
[3179084800, 3179088640]
[3179088896, 3179092736]
[3179092992, 3179096832]
[3179097088, 3179100928]
[3179101184, 3179105024]
[3179105280, 3179109120]
[3179109376, 3179113216]
[3179113472, 3179117312]
[3179117568, 3179121408]
[3179121664, 3179125504]
[3179125760, 3179129600]
[3179129856, 3179133696]
[3179133952, 3179137792]
[3179138048, 3179141888]
[3179142144, 3179145984]
[3179146240, 3179150080]
[3179150336, 3179154176]
[3179154432, 3179158272]
[3179158528, 3179162368]
[3179162624, 3179166464]
[3179166720, 3179170560]
[3179170816, 3179174656]
[3179174912, 3179178752]
[3179179008, 3179182848]
[3179183104, 3179186944]
[3179187200, 3179191040]
[3179191296, 3179195136]
[3179195392, 3179199232]
[3179199488, 3179203328]
[3179203584, 3179207424]
[3179207680, 3179211520]
[3179211776, 3179215616]
[3179215872, 3179219712]
[3179219968, 3179223808]
[3179224064, 3179227904]
[3179228160, 3179232000]
[3179232256, 3179236096]
[3179236352, 3179240192]
[3179240448, 3179244288]
[3179244544, 3179248384]
[3179248640, 3179252480]
[3179252736, 3179256576]
[3179256832, 3179260672]
[3179260928, 3179264768]
[3179265024, 3179268864]
[3179269120, 3179272960]
[3179273216, 3179277056]
[3179277312, 3179281152]
[3179281408, 3179284736]
[3179285504, 3179288832]
[3179289600, 3179292928]
[3179293696, 3179297024]
[3179297792, 3179301120]
[3179301888, 3179305216]
[3179305984, 3179306496]
[3179306752, 3179309312]
[3179310080, 3179313408]
[3179314176, 3179317504]
[3179318272, 3179321600]
[3179322368, 3179325696]
[3179326464, 3179329792]
[3179330560, 3179333888]
[3179334656, 3179337984]
[3179338752, 3179342080]
[3179342848, 3179346176]
[3179346944, 3179350272]
[3179351040, 3179354368]
[3179355136, 3179358464]
[3179359232, 3179362560]
[3179363328, 3179366656]
[3179367424, 3179370752]
[3179371520, 3179372032]
[3179372288, 3179374848]
[3179375616, 3179378944]
[3179379712, 3179383040]
[3179383808, 3179387136]
[3179387904, 3179391232]
[3179392000, 3179395328]
[3179396096, 3179399424]
[3179400192, 3179403520]
[3179404288, 3179407616]
[3179408384, 3179411712]
[3179412480, 3179415808]
[3179416576, 3179419904]
[3179420672, 3179424000]
[3179424768, 3179428096]
[3179428864, 3179432192]
[3179432960, 3179436288]
[3179437056, 3179437568]
[3179437824, 3179440384]
[3179441152, 3179444480]
[3179445248, 3179448576]
[3179449344, 3179452672]
[3179453440, 3179456768]
[3179457536, 3179460864]
[3179461632, 3179464960]
[3179465728, 3179469056]
[3179469824, 3179473152]
[3179473920, 3179477248]
[3179478016, 3179481344]
[3179482112, 3179485440]
[3179486208, 3179489536]
[3179490304, 3179493632]
[3179494400, 3179497728]
[3179498496, 3179501824]
[3179502592, 3179503104]
[3179503360, 3179505920]
[3179506688, 3179510016]
[3179510784, 3179514112]
[3179514880, 3179518208]
[3179518976, 3179522304]
[3179523072, 3179526400]
[3179527168, 3179530496]
[3179531264, 3179534592]
[3179535360, 3179538688]
[3179539456, 3179542784]
[3179543552, 3179546880]
[3179547648, 3179550976]
[3179551744, 3179555072]
[3179555840, 3179559168]
[3179559936, 3179563264]
[3179564032, 3179567360]
[3179568128, 3179568640]
[3179568896, 3179571456]
[3179572224, 3179575552]
[3179576320, 3179579648]
[3179580416, 3179583744]
[3179584512, 3179587840]
[3179588608, 3179591936]
[3179592704, 3179596032]
[3179596800, 3179600128]
[3179600896, 3179604224]
[3179604992, 3179608320]
[3179609088, 3179612416]
[3179613184, 3179616512]
[3179617280, 3179620608]
[3179621376, 3179624704]
[3179625472, 3179628800]
[3179629568, 3179632896]
[3179633664, 3179634176]
[3179634432, 3179636992]
[3179637760, 3179641088]
[3179641856, 3179645184]
[3179645952, 3179649280]
[3179650048, 3179653376]
[3179654144, 3179657472]
[3179658240, 3179661568]
[3179662336, 3179665664]
[3179666432, 3179669760]
[3179670528, 3179673856]
[3179674624, 3179677952]
[3179678720, 3179682048]
[3179682816, 3179686144]
[3179686912, 3179690240]
[3179691008, 3179694336]
[3179695104, 3179698432]
[3179699200, 3179699712]
[3179699968, 3179702528]
[3179703296, 3179706624]
[3179707392, 3179710720]
[3179711488, 3179714816]
[3179715584, 3179718912]
[3179719680, 3179723008]
[3179723776, 3179727104]
[3179727872, 3179731200]
[3179731968, 3179735296]
[3179736064, 3179739392]
[3179740160, 3179743488]
[3179744256, 3179747584]
[3179748352, 3179751680]
[3179752448, 3179755776]
[3179756544, 3179759872]
[3179760640, 3179763968]
[3179764736, 3179765248]
[3179765504, 3179768064]
[3179768832, 3179772160]
[3179772928, 3179776256]
[3179777024, 3179780352]
[3179781120, 3179784448]
[3179785216, 3179788544]
[3179789312, 3179792640]
[3179793408, 3179796736]
[3179797504, 3179800832]
[3179801600, 3179804928]
[3179805696, 3179809024]
[3179809792, 3179813120]
[3179813888, 3179817216]
[3179817984, 3179821312]
[3179822080, 3179825408]
[3179826176, 3179829504]
[3179830272, 3179830784]
[3179831040, 3179833600]
[3179834368, 3179837696]
[3179838464, 3179841792]
[3179842560, 3179845888]
[3179846656, 3179849984]
[3179850752, 3179854080]
[3179854848, 3179858176]
[3179858944, 3179862272]
[3179863040, 3179866368]
[3179867136, 3179870464]
[3179871232, 3179874560]
[3179875328, 3179878656]
[3179879424, 3179882752]
[3179883520, 3179886848]
[3179887616, 3179890944]
[3179891712, 3179895040]
[3179895808, 3179896320]
[3179896576, 3179899136]
[3179899904, 3179903232]
[3179904000, 3179907328]
[3179908096, 3179911424]
[3179912192, 3179915520]
[3179916288, 3179919616]
[3179920384, 3179923712]
[3179924480, 3179927808]
[3179928576, 3179931904]
[3179932672, 3179936000]
[3179936768, 3179940096]
[3179940864, 3179944192]
[3179944960, 3179948288]
[3179949056, 3179952384]
[3179953152, 3179956480]
[3179957248, 3179960576]
[3179961344, 3179961856]
[3179962112, 3179964672]
[3179965440, 3179968768]
[3179969536, 3179972864]
[3179973632, 3179976960]
[3179977728, 3179981056]
[3179981824, 3179985152]
[3179985920, 3179989248]
[3179990016, 3179993344]
[3179994112, 3179997440]
[3179998208, 3180001536]
[3180002304, 3180005632]
[3180006400, 3180009728]
[3180010496, 3180013824]
[3180014592, 3180017920]
[3180018688, 3180022016]
[3180022784, 3180026112]
[3180026880, 3180027392]
[3180027648, 3180030208]
[3180030976, 3180034304]
[3180035072, 3180038400]
[3180039168, 3180042496]
[3180043264, 3180046592]
[3180047360, 3180050688]
[3180051456, 3180054784]
[3180055552, 3180058880]
[3180059648, 3180062976]
[3180063744, 3180067072]
[3180067840, 3180071168]
[3180071936, 3180075264]
[3180076032, 3180079360]
[3180080128, 3180083456]
[3180084224, 3180087552]
[3180088320, 3180091648]
[3180092416, 3180092928]
[3180093184, 3180095744]
[3180096512, 3180099840]
[3180100608, 3180103936]
[3180104704, 3180108032]
[3180108800, 3180112128]
[3180112896, 3180116224]
[3180116992, 3180120320]
[3180121088, 3180124416]
[3180125184, 3180128512]
[3180129280, 3180132608]
[3180133376, 3180136704]
[3180137472, 3180140800]
[3180141568, 3180144896]
[3180145664, 3180148992]
[3180149760, 3180153088]
[3180153856, 3180157184]
[3180157952, 3180158464]
[3180158720, 3180161280]
[3180162048, 3180165376]
[3180166144, 3180169472]
[3180170240, 3180173568]
[3180174336, 3180177664]
[3180178432, 3180181760]
[3180182528, 3180185856]
[3180186624, 3180189952]
[3180190720, 3180194048]
[3180194816, 3180198144]
[3180198912, 3180202240]
[3180203008, 3180206336]
[3180207104, 3180210432]
[3180211200, 3180214528]
[3180215296, 3180218624]
[3180219392, 3180222720]
[3180223488, 3180224000]
[3180224256, 3180226816]
[3180227584, 3180230912]
[3180231680, 3180235008]
[3180235776, 3180239104]
[3180239872, 3180243200]
[3180243968, 3180247296]
[3180248064, 3180251392]
[3180252160, 3180255488]
[3180256256, 3180259584]
[3180260352, 3180263680]
[3180264448, 3180267776]
[3180268544, 3180271872]
[3180272640, 3180275968]
[3180276736, 3180280064]
[3180280832, 3180284160]
[3180284928, 3180288256]
[3180289024, 3180289536]
[3180289792, 3180292352]
[3180293120, 3180296448]
[3180297216, 3180300544]
[3180301312, 3180304640]
[3180305408, 3180308736]
[3180309504, 3180312832]
[3180313600, 3180316928]
[3180317696, 3180321024]
[3180321792, 3180325120]
[3180325888, 3180329216]
[3180329984, 3180333312]
[3180334080, 3180337408]
[3180338176, 3180341504]
[3180342272, 3180345600]
[3180346368, 3180349696]
[3180350464, 3180353792]
[3180354560, 3180355072]
[3180355328, 3180357888]
[3180358656, 3180361984]
[3180362752, 3180366080]
[3180366848, 3180370176]
[3180370944, 3180374272]
[3180375040, 3180378368]
[3180379136, 3180382464]
[3180383232, 3180386560]
[3180387328, 3180390656]
[3180391424, 3180394752]
[3180395520, 3180398848]
[3180399616, 3180402944]
[3180403712, 3180407040]
[3180407808, 3180411136]
[3180411904, 3180415232]
[3180416000, 3180419328]
[3180420096, 3180420608]
[3180420864, 3180423424]
[3180424192, 3180427520]
[3180428288, 3180431616]
[3180432384, 3180435712]
[3180436480, 3180439808]
[3180440576, 3180443904]
[3180444672, 3180448000]
[3180448768, 3180452096]
[3180452864, 3180456192]
[3180456960, 3180460288]
[3180461056, 3180464384]
[3180465152, 3180468480]
[3180469248, 3180472576]
[3180473344, 3180476672]
[3180477440, 3180480768]
[3180481536, 3180484864]
[3180485632, 3180486144]
[3180486400, 3180488960]
[3180489728, 3180493056]
[3180493824, 3180497152]
[3180497920, 3180501248]
[3180502016, 3180505344]
[3180506112, 3180509440]
[3180510208, 3180513536]
[3180514304, 3180517632]
[3180518400, 3180521728]
[3180522496, 3180525824]
[3180526592, 3180529920]
[3180530688, 3180534016]
[3180534784, 3180538112]
[3180538880, 3180542208]
[3180542976, 3180546304]
[3180547072, 3180550400]
[3180551168, 3180551680]
[3180551936, 3180554496]
[3180555264, 3180558592]
[3180559360, 3180562688]
[3180563456, 3180566784]
[3180567552, 3180570880]
[3180571648, 3180574976]
[3180575744, 3180579072]
[3180579840, 3180583168]
[3180583936, 3180587264]
[3180588032, 3180591360]
[3180592128, 3180595456]
[3180596224, 3180599552]
[3180600320, 3180603648]
[3180604416, 3180607744]
[3180608512, 3180611840]
[3180612608, 3180615936]
[3180616704, 3180617216]
[3180617472, 3180620032]
[3180620800, 3180624128]
[3180624896, 3180628224]
[3180628992, 3180632320]
[3180633088, 3180636416]
[3180637184, 3180640512]
[3180641280, 3180644608]
[3180645376, 3180648704]
[3180649472, 3180652800]
[3180653568, 3180656896]
[3180657664, 3180660992]
[3180661760, 3180665088]
[3180665856, 3180669184]
[3180669952, 3180673280]
[3180674048, 3180677376]
[3180678144, 3180681472]
[3180682240, 3180682752]
[3180683008, 3180685568]
[3180686336, 3180689664]
[3180690432, 3180693760]
[3180694528, 3180697856]
[3180698624, 3180701952]
[3180702720, 3180706048]
[3180706816, 3180710144]
[3180710912, 3180714240]
[3180715008, 3180718336]
[3180719104, 3180722432]
[3180723200, 3180726528]
[3180727296, 3180730624]
[3180731392, 3180734720]
[3180735488, 3180738816]
[3180739584, 3180742912]
[3180743680, 3180747008]
[3180747776, 3180748288]
[3180748544, 3180751104]
[3180751872, 3180755200]
[3180755968, 3180759296]
[3180760064, 3180763392]
[3180764160, 3180767488]
[3180768256, 3180771584]
[3180772352, 3180775680]
[3180776448, 3180779776]
[3180780544, 3180783872]
[3180784640, 3180787968]
[3180788736, 3180792064]
[3180792832, 3180796160]
[3180796928, 3180800256]
[3180801024, 3180804352]
[3180805120, 3180808448]
[3180809216, 3180812544]
[3180813312, 3180813824]
[3180814080, 3180816640]
[3180817408, 3180820736]
[3180821504, 3180824832]
[3180825600, 3180828928]
[3180829696, 3180833024]
[3180833792, 3180837120]
[3180837888, 3180841216]
[3180841984, 3180845312]
[3180846080, 3180849408]
[3180850176, 3180853504]
[3180854272, 3180857600]
[3180858368, 3180861696]
[3180862464, 3180865792]
[3180866560, 3180869888]
[3180870656, 3180873984]
[3180874752, 3180878080]
[3180878848, 3180879360]
[3180879616, 3180882176]
[3180882944, 3180886272]
[3180887040, 3180890368]
[3180891136, 3180894464]
[3180895232, 3180898560]
[3180899328, 3180902656]
[3180903424, 3180906752]
[3180907520, 3180910848]
[3180911616, 3180914944]
[3180915712, 3180919040]
[3180919808, 3180923136]
[3180923904, 3180927232]
[3180928000, 3180931328]
[3180932096, 3180935424]
[3180936192, 3180939520]
[3180940288, 3180943616]
[3180944384, 3180944896]
[3180945152, 3180947712]
[3180948480, 3180951808]
[3180952576, 3180955904]
[3180956672, 3180960000]
[3180960768, 3180964096]
[3180964864, 3180968192]
[3180968960, 3180972288]
[3180973056, 3180976384]
[3180977152, 3180980480]
[3180981248, 3180984576]
[3180985344, 3180988672]
[3180989440, 3180992768]
[3180993536, 3180996864]
[3180997632, 3181000960]
[3181001728, 3181005056]
[3181005824, 3181009152]
[3181009920, 3181010432]
[3181010688, 3181013248]
[3181014016, 3181017344]
[3181018112, 3181021440]
[3181022208, 3181025536]
[3181026304, 3181029632]
[3181030400, 3181033728]
[3181034496, 3181037824]
[3181038592, 3181041920]
[3181042688, 3181046016]
[3181046784, 3181050112]
[3181050880, 3181054208]
[3181054976, 3181058304]
[3181059072, 3181062400]
[3181063168, 3181066496]
[3181067264, 3181070592]
[3181071360, 3181074688]
[3181075456, 3181075968]
[3181076224, 3181078784]
[3181079552, 3181082880]
[3181083648, 3181086976]
[3181087744, 3181091072]
[3181091840, 3181095168]
[3181095936, 3181099264]
[3181100032, 3181103360]
[3181104128, 3181107456]
[3181108224, 3181111552]
[3181112320, 3181115648]
[3181116416, 3181119744]
[3181120512, 3181123840]
[3181124608, 3181127936]
[3181128704, 3181132032]
[3181132800, 3181136128]
[3181136896, 3181140224]
[3181140992, 3181141504]
[3181141760, 3181144320]
[3181145088, 3181148416]
[3181149184, 3181152512]
[3181153280, 3181156608]
[3181157376, 3181160704]
[3181161472, 3181164800]
[3181165568, 3181168896]
[3181169664, 3181172992]
[3181173760, 3181177088]
[3181177856, 3181181184]
[3181181952, 3181185280]
[3181186048, 3181189376]
[3181190144, 3181193472]
[3181194240, 3181197568]
[3181198336, 3181201664]
[3181202432, 3181205760]
[3181206528, 3181207040]
[3181207296, 3181209856]
[3181210624, 3181213952]
[3181214720, 3181218048]
[3181218816, 3181222144]
[3181222912, 3181226240]
[3181227008, 3181230336]
[3181231104, 3181234432]
[3181235200, 3181238528]
[3181239296, 3181242624]
[3181243392, 3181246720]
[3181247488, 3181250816]
[3181251584, 3181254912]
[3181255680, 3181259008]
[3181259776, 3181263104]
[3181263872, 3181267200]
[3181267968, 3181271296]
[3181272064, 3181272576]
[3181272832, 3181275392]
[3181276160, 3181279488]
[3181280256, 3181283584]
[3181284352, 3181287680]
[3181288448, 3181291776]
[3181292544, 3181295872]
[3181296640, 3181299968]
[3181300736, 3181304064]
[3181304832, 3181308160]
[3181308928, 3181312256]
[3181313024, 3181316352]
[3181317120, 3181320448]
[3181321216, 3181324544]
[3181325312, 3181328640]
[3181329408, 3181332736]
[3181333504, 3181336832]
[3181337600, 3181340928]
[3181341696, 3181345024]
[3181345792, 3181349120]
[3181349888, 3181353216]
[3181353984, 3181357312]
[3181358080, 3181361408]
[3181362176, 3181365504]
[3181366272, 3181369600]
[3181370368, 3181373696]
[3181374464, 3181377792]
[3181378560, 3181403648]
[3181403904, 3181469184]
[3181469440, 3181534720]
[3181534976, 3181600256]
[3181600512, 3181665792]
[3181666048, 3181731328]
[3181731584, 3181796864]
[3181797120, 3181862400]
[3181862656, 3181927936]
[3181928192, 3181993472]
[3181993728, 3182059008]
[3182059264, 3182124544]
[3182124800, 3182190080]
[3182190336, 3182255616]
[3182255872, 3182321152]
[3182321408, 3182386688]
[3182386944, 3182452224]
[3182452480, 3182517760]
[3182518016, 3182583296]
[3182583552, 3182648832]
[3182649088, 3182714368]
[3182714624, 3182779904]
[3182780160, 3182845440]
[3182845696, 3182910976]
[3182911232, 3182976512]
[3182976768, 3183042048]
[3183042304, 3183107584]
[3183107840, 3183173120]
[3183173376, 3183238656]
[3183238912, 3183304192]
[3183304448, 3183369728]
[3183369984, 3183435264]
[3183435520, 3183479040]
[3183479808, 3183483136]
[3183483904, 3183487232]
[3183488000, 3183491328]
[3183492096, 3183495424]
[3183496192, 3183499520]
[3183500288, 3183503616]
[3183504384, 3183507712]
[3183508480, 3183511808]
[3183512576, 3183515904]
[3183516672, 3183520000]
[3183520768, 3183524096]
[3183524864, 3183528192]
[3183528960, 3183532288]
[3183533056, 3183536384]
[3183537152, 3183540480]
[3183541248, 3183544576]
[3183545344, 3183548672]
[3183549440, 3183552768]
[3183553536, 3183556864]
[3183557632, 3183560960]
[3183561728, 3183565056]
[3183565824, 3183569152]
[3183569920, 3183573248]
[3183574016, 3183577344]
[3183578112, 3183581440]
[3183582208, 3183585536]
[3183586304, 3183589632]
[3183590400, 3183593728]
[3183594496, 3183597824]
[3183598592, 3183601920]
[3183602688, 3183606016]
[3183606784, 3183610112]
[3183610880, 3183614208]
[3183614976, 3183618304]
[3183619072, 3183622400]
[3183623168, 3183626496]
[3183627264, 3183630592]
[3183631360, 3183634688]
[3183635456, 3183638784]
[3183639552, 3183642880]
[3183643648, 3183646976]
[3183647744, 3183651072]
[3183651840, 3183655168]
[3183655936, 3183659264]
[3183660032, 3183663360]
[3183664128, 3183667456]
[3183668224, 3183671552]
[3183672320, 3183675648]
[3183676416, 3183679744]
[3183680512, 3183683840]
[3183684608, 3183687936]
[3183688704, 3183692032]
[3183692800, 3183696128]
[3183696896, 3183700224]
[3183700992, 3183704320]
[3183705088, 3183708416]
[3183709184, 3183712512]
[3183713280, 3183716608]
[3183717376, 3183720704]
[3183721472, 3183724800]
[3183725568, 3183728896]
[3183729664, 3183732992]
[3183733760, 3183737088]
[3183737856, 3183741184]
[3183741952, 3183745280]
[3183746048, 3183749376]
[3183750144, 3183753472]
[3183754240, 3183757568]
[3183758336, 3183761664]
[3183762432, 3183765760]
[3183766528, 3183769856]
[3183770624, 3183773952]
[3183774720, 3183778048]
[3183778816, 3183782144]
[3183782912, 3183786240]
[3183787008, 3183790336]
[3183791104, 3183794432]
[3183795200, 3183798528]
[3183799296, 3183802624]
[3183803392, 3183806720]
[3183807488, 3183810816]
[3183811584, 3183814912]
[3183815680, 3183819008]
[3183819776, 3183823104]
[3183823872, 3183827200]
[3183827968, 3183831296]
[3183832064, 3183835392]
[3183836160, 3183839488]
[3183840256, 3183843584]
[3183844352, 3183847680]
[3183848448, 3183851776]
[3183852544, 3183855872]
[3183856640, 3183859968]
[3183860736, 3183864064]
[3183864832, 3183868160]
[3183868928, 3183872256]
[3183873024, 3183876352]
[3183877120, 3183880448]
[3183881216, 3183884544]
[3183885312, 3183888640]
[3183889408, 3183892736]
[3183893504, 3183896832]
[3183897600, 3183900928]
[3183901696, 3183905024]
[3183905792, 3183909120]
[3183909888, 3183913216]
[3183913984, 3183917312]
[3183918080, 3183921408]
[3183922176, 3183925504]
[3183926272, 3183929600]
[3183930368, 3183933696]
[3183934464, 3183937792]
[3183938560, 3183941888]
[3183942656, 3183945984]
[3183946752, 3183950080]
[3183950848, 3183954176]
[3183954944, 3183958272]
[3183959040, 3183962368]
[3183963136, 3183966464]
[3183967232, 3183970560]
[3183971328, 3183974656]
[3183975424, 3183978752]
[3183979520, 3183982848]
[3183983616, 3183986944]
[3183987712, 3183991040]
[3183991808, 3183995136]
[3183995904, 3183999232]
[3184000000, 3184003328]
[3184004096, 3184007424]
[3184008192, 3184011520]
[3184012288, 3184015616]
[3184016384, 3184019712]
[3184020480, 3184023808]
[3184024576, 3184027904]
[3184028672, 3184032000]
[3184032768, 3184036096]
[3184036864, 3184040192]
[3184040960, 3184044288]
[3184045056, 3184048384]
[3184049152, 3184052480]
[3184053248, 3184056576]
[3184057344, 3184060672]
[3184061440, 3184064768]
[3184065536, 3184068864]
[3184069632, 3184072960]
[3184073728, 3184077056]
[3184077824, 3184081152]
[3184081920, 3184085248]
[3184086016, 3184089344]
[3184090112, 3184093440]
[3184094208, 3184097536]
[3184098304, 3184101632]
[3184102400, 3184105728]
[3184106496, 3184109824]
[3184110592, 3184113920]
[3184114688, 3184118016]
[3184118784, 3184122112]
[3184122880, 3184126208]
[3184126976, 3184130304]
[3184131072, 3184134400]
[3184135168, 3184138496]
[3184139264, 3184142592]
[3184143360, 3184146688]
[3184147456, 3184150784]
[3184151552, 3184154880]
[3184155648, 3184158976]
[3184159744, 3184163072]
[3184163840, 3184167168]
[3184167936, 3184171264]
[3184172032, 3184175360]
[3184176128, 3184179456]
[3184180224, 3184183552]
[3184184320, 3184187648]
[3184188416, 3184191744]
[3184192512, 3184195840]
[3184196608, 3184199936]
[3184200704, 3184204032]
[3184204800, 3184208128]
[3184208896, 3184212224]
[3184212992, 3184216320]
[3184217088, 3184220416]
[3184221184, 3184224512]
[3184225280, 3184228608]
[3184229376, 3184232704]
[3184233472, 3184236800]
[3184237568, 3184240896]
[3184241664, 3184244992]
[3184245760, 3184249088]
[3184249856, 3184253184]
[3184253952, 3184257280]
[3184258048, 3184261376]
[3184262144, 3184265472]
[3184266240, 3184269568]
[3184270336, 3184273664]
[3184274432, 3184277760]
[3184278528, 3184281856]
[3184282624, 3184285952]
[3184286720, 3184290048]
[3184290816, 3184294144]
[3184294912, 3184298240]
[3184299008, 3184302336]
[3184303104, 3184306432]
[3184307200, 3184310528]
[3184311296, 3184314624]
[3184315392, 3184318720]
[3184319488, 3184322816]
[3184323584, 3184326912]
[3184327680, 3184331008]
[3184331776, 3184335104]
[3184335872, 3184339200]
[3184339968, 3184343296]
[3184344064, 3184347392]
[3184348160, 3184351488]
[3184352256, 3184355584]
[3184356352, 3184359680]
[3184360448, 3184363776]
[3184364544, 3184367872]
[3184368640, 3184371968]
[3184372736, 3184376064]
[3184376832, 3184380160]
[3184380928, 3184384256]
[3184385024, 3184388352]
[3184389120, 3184392448]
[3184393216, 3184396544]
[3184397312, 3184400640]
[3184401408, 3184404736]
[3184405504, 3184408832]
[3184409600, 3184412928]
[3184413696, 3184417024]
[3184417792, 3184421120]
[3184421888, 3184425216]
[3184425984, 3184429312]
[3184430080, 3184433408]
[3184434176, 3184437504]
[3184438272, 3184441600]
[3184442368, 3184445696]
[3184446464, 3184449792]
[3184450560, 3184453888]
[3184454656, 3184457984]
[3184458752, 3184462080]
[3184462848, 3184466176]
[3184466944, 3184470272]
[3184471040, 3184474368]
[3184475136, 3184478464]
[3184479232, 3184482560]
[3184483328, 3184486656]
[3184487424, 3184490752]
[3184491520, 3184494848]
[3184495616, 3184498944]
[3184499712, 3184503040]
[3184503808, 3184507136]
[3184507904, 3184511232]
[3184512000, 3184515328]
[3184516096, 3184519424]
[3184520192, 3184523520]
[3184524288, 3184527616]
[3184528384, 3184531712]
[3184532480, 3184535808]
[3184536576, 3184539904]
[3184540672, 3184544000]
[3184544768, 3184548096]
[3184548864, 3184552192]
[3184552960, 3184556288]
[3184557056, 3184560384]
[3184561152, 3184564480]
[3184565248, 3184568576]
[3184569344, 3184572672]
[3184573440, 3184576768]
[3184577536, 3184580864]
[3184581632, 3184584960]
[3184585728, 3184589056]
[3184589824, 3184593152]
[3184593920, 3184597248]
[3184598016, 3184601344]
[3184602112, 3184605440]
[3184606208, 3184609536]
[3184610304, 3184613632]
[3184614400, 3184617728]
[3184618496, 3184621824]
[3184622592, 3184625920]
[3184626688, 3184630016]
[3184630784, 3184634112]
[3184634880, 3184638208]
[3184638976, 3184642304]
[3184643072, 3184646400]
[3184647168, 3184650496]
[3184651264, 3184654592]
[3184655360, 3184658688]
[3184659456, 3184662784]
[3184663552, 3184666880]
[3184667648, 3184670976]
[3184671744, 3184675072]
[3184675840, 3184679168]
[3184679936, 3184683264]
[3184684032, 3184687360]
[3184688128, 3184691456]
[3184692224, 3184695552]
[3184696320, 3184699648]
[3184700416, 3184703744]
[3184704512, 3184707840]
[3184708608, 3184711936]
[3184712704, 3184716032]
[3184716800, 3184720128]
[3184720896, 3184724224]
[3184724992, 3184728320]
[3184729088, 3184732416]
[3184733184, 3184736512]
[3184737280, 3184740608]
[3184741376, 3184744704]
[3184745472, 3184748800]
[3184749568, 3184752896]
[3184753664, 3184756992]
[3184757760, 3184761088]
[3184761856, 3184765184]
[3184765952, 3184769280]
[3184770048, 3184773376]
[3184774144, 3184777472]
[3184778240, 3184781568]
[3184782336, 3184785664]
[3184786432, 3184789760]
[3184790528, 3184793856]
[3184794624, 3184797952]
[3184798720, 3184802048]
[3184802816, 3184806144]
[3184806912, 3184810240]
[3184811008, 3184814336]
[3184815104, 3184818432]
[3184819200, 3184822528]
[3184823296, 3184826624]
[3184827392, 3184830720]
[3184831488, 3184834816]
[3184835584, 3184838912]
[3184839680, 3184843008]
[3184843776, 3184847104]
[3184847872, 3184851200]
[3184851968, 3184855296]
[3184856064, 3184859392]
[3184860160, 3184863488]
[3184864256, 3184867584]
[3184868352, 3184871680]
[3184872448, 3184875776]
[3184876544, 3184879872]
[3184880640, 3184883968]
[3184884736, 3184888064]
[3184888832, 3184892160]
[3184892928, 3184896256]
[3184897024, 3184900352]
[3184901120, 3184904448]
[3184905216, 3184908544]
[3184909312, 3184912640]
[3184913408, 3184916736]
[3184917504, 3184920832]
[3184921600, 3184924928]
[3184925696, 3184929024]
[3184929792, 3184933120]
[3184933888, 3184937216]
[3184937984, 3184941312]
[3184942080, 3184945408]
[3184946176, 3184949504]
[3184950272, 3184953600]
[3184954368, 3184957696]
[3184958464, 3184961792]
[3184962560, 3184965888]
[3184966656, 3184969984]
[3184970752, 3184974080]
[3184974848, 3184978176]
[3184978944, 3184982272]
[3184983040, 3184986368]
[3184987136, 3184990464]
[3184991232, 3184994560]
[3184995328, 3184998656]
[3184999424, 3185002752]
[3185003520, 3185006848]
[3185007616, 3185010944]
[3185011712, 3185015040]
[3185015808, 3185019136]
[3185019904, 3185023232]
[3185024000, 3185027328]
[3185028096, 3185031424]
[3185032192, 3185035520]
[3185036288, 3185039616]
[3185040384, 3185043712]
[3185044480, 3185047808]
[3185048576, 3185051904]
[3185052672, 3185056000]
[3185056768, 3185060096]
[3185060864, 3185064192]
[3185064960, 3185068288]
[3185069056, 3185072384]
[3185073152, 3185076480]
[3185077248, 3185080576]
[3185081344, 3185084672]
[3185085440, 3185088768]
[3185089536, 3185092864]
[3185093632, 3185096960]
[3185097728, 3185101056]
[3185101824, 3185105152]
[3185105920, 3185109248]
[3185110016, 3185113344]
[3185114112, 3185117440]
[3185118208, 3185121536]
[3185122304, 3185125632]
[3185126400, 3185129728]
[3185130496, 3185133824]
[3185134592, 3185137920]
[3185138688, 3185142016]
[3185142784, 3185146112]
[3185146880, 3185150208]
[3185150976, 3185154304]
[3185155072, 3185158400]
[3185159168, 3185162496]
[3185163264, 3185166592]
[3185167360, 3185170688]
[3185171456, 3185174784]
[3185175552, 3185178880]
[3185179648, 3185182976]
[3185183744, 3185187072]
[3185187840, 3185191168]
[3185191936, 3185195264]
[3185196032, 3185199360]
[3185200128, 3185203456]
[3185204224, 3185207552]
[3185208320, 3185211648]
[3185212416, 3185215744]
[3185216512, 3185219840]
[3185220608, 3185223936]
[3185224704, 3185228032]
[3185228800, 3185232128]
[3185232896, 3185236224]
[3185236992, 3185240320]
[3185241088, 3185244416]
[3185245184, 3185248512]
[3185249280, 3185252608]
[3185253376, 3185256704]
[3185257472, 3185260800]
[3185261568, 3185264896]
[3185265664, 3185268992]
[3185269760, 3185273088]
[3185273856, 3185277184]
[3185277952, 3185281280]
[3185282048, 3185285376]
[3185286144, 3185289472]
[3185290240, 3185293568]
[3185294336, 3185297664]
[3185298432, 3185301760]
[3185302528, 3185305856]
[3185306624, 3185309952]
[3185310720, 3185314048]
[3185314816, 3185318144]
[3185318912, 3185322240]
[3185323008, 3185326336]
[3185327104, 3185330432]
[3185331200, 3185334528]
[3185335296, 3185338624]
[3185339392, 3185342720]
[3185343488, 3185346816]
[3185347584, 3185350912]
[3185351680, 3185355008]
[3185355776, 3185359104]
[3185359872, 3185363200]
[3185363968, 3185367296]
[3185368064, 3185371392]
[3185372160, 3185375488]
[3185376256, 3185379584]
[3185380352, 3185383680]
[3185384448, 3185387776]
[3185388544, 3185391872]
[3185392640, 3185395968]
[3185396736, 3185400064]
[3185400832, 3185404160]
[3185404928, 3185408256]
[3185409024, 3185412352]
[3185413120, 3185416448]
[3185417216, 3185420544]
[3185421312, 3185424640]
[3185425408, 3185428736]
[3185429504, 3185432832]
[3185433600, 3185436928]
[3185437696, 3185441024]
[3185441792, 3185445120]
[3185445888, 3185449216]
[3185449984, 3185453312]
[3185454080, 3185457408]
[3185458176, 3185461504]
[3185462272, 3185465600]
[3185466368, 3185469696]
[3185470464, 3185473792]
[3185474560, 3185477888]
[3185478656, 3185481984]
[3185482752, 3185486080]
[3185486848, 3185490176]
[3185490944, 3185494272]
[3185495040, 3185498368]
[3185499136, 3185502464]
[3185503232, 3185506560]
[3185507328, 3185510656]
[3185511424, 3185514752]
[3185515520, 3185518848]
[3185519616, 3185522944]
[3185523712, 3185527040]
[3185527808, 3185531136]
[3185531904, 3185535232]
[3185536000, 3185539328]
[3185540096, 3185543424]
[3185544192, 3185547520]
[3185548288, 3185551616]
[3185552384, 3185555712]
[3185556480, 3185559808]
[3185560576, 3185563904]
[3185564672, 3185568000]
[3185568768, 3185572096]
[3185572864, 3187671040]
