[3439329280, 3439331584]
[3439332352, 3439335680]
[3439336448, 3439339776]
[3439340544, 3439343872]
[3439344640, 3439347968]
[3439348736, 3439352064]
[3439352832, 3439353344]
[3439353600, 3439356160]
[3439356928, 3439360256]
[3439361024, 3439364352]
[3439365120, 3439368448]
[3439369216, 3439372544]
[3439373312, 3439376640]
[3439377408, 3439380736]
[3439381504, 3439384832]
[3439385600, 3439388928]
[3439389696, 3439393024]
[3439393792, 3439397120]
[3439397888, 3439401216]
[3439401984, 3439405312]
[3439406080, 3439409408]
[3439410176, 3439413504]
[3439414272, 3439417600]
[3439418368, 3439418880]
[3439419136, 3439421696]
[3439422464, 3439425792]
[3439426560, 3439429888]
[3439430656, 3439433984]
[3439434752, 3439438080]
[3439438848, 3439442176]
[3439442944, 3439446272]
[3439447040, 3439450368]
[3439451136, 3439454464]
[3439455232, 3439458560]
[3439459328, 3439462656]
[3439463424, 3439466752]
[3439467520, 3439470848]
[3439471616, 3439474944]
[3439475712, 3439479040]
[3439479808, 3439483136]
[3439483904, 3439484416]
[3439484672, 3439487232]
[3439488000, 3439491328]
[3439492096, 3439495424]
[3439496192, 3439499520]
[3439500288, 3439503616]
[3439504384, 3439507712]
[3439508480, 3439511808]
[3439512576, 3439515904]
[3439516672, 3439520000]
[3439520768, 3439524096]
[3439524864, 3439528192]
[3439528960, 3439532288]
[3439533056, 3439536384]
[3439537152, 3439540480]
[3439541248, 3439544576]
[3439545344, 3439548672]
[3439549440, 3439549952]
[3439550208, 3439552768]
[3439553536, 3439556864]
[3439557632, 3439560960]
[3439561728, 3439565056]
[3439565824, 3439569152]
[3439569920, 3439573248]
[3439574016, 3439577344]
[3439578112, 3439581440]
[3439582208, 3439585536]
[3439586304, 3439589632]
[3439590400, 3439593728]
[3439594496, 3439597824]
[3439598592, 3439601920]
[3439602688, 3439606016]
[3439606784, 3439610112]
[3439610880, 3439614208]
[3439614976, 3439615488]
[3439615744, 3439618304]
[3439619072, 3439622400]
[3439623168, 3439626496]
[3439627264, 3439630592]
[3439631360, 3439634688]
[3439635456, 3439638784]
[3439639552, 3439642880]
[3439643648, 3439646976]
[3439647744, 3439651072]
[3439651840, 3439655168]
[3439655936, 3439659264]
[3439660032, 3439663360]
[3439664128, 3439667456]
[3439668224, 3439671552]
[3439672320, 3439675648]
[3439676416, 3439679744]
[3439680512, 3439681024]
[3439681280, 3439683840]
[3439684608, 3439687936]
[3439688704, 3439692032]
[3439692800, 3439696128]
[3439696896, 3439700224]
[3439700992, 3439704320]
[3439705088, 3439708416]
[3439709184, 3439712512]
[3439713280, 3439716608]
[3439717376, 3439720704]
[3439721472, 3439724800]
[3439725568, 3439728896]
[3439729664, 3439732992]
[3439733760, 3439737088]
[3439737856, 3439741184]
[3439741952, 3439745280]
[3439746048, 3439746560]
[3439746816, 3439749376]
[3439750144, 3439753472]
[3439754240, 3439757568]
[3439758336, 3439761664]
[3439762432, 3439765760]
[3439766528, 3439769856]
[3439770624, 3439773952]
[3439774720, 3439778048]
[3439778816, 3439782144]
[3439782912, 3439786240]
[3439787008, 3439790336]
[3439791104, 3439794432]
[3439795200, 3439798528]
[3439799296, 3439802624]
[3439803392, 3439806720]
[3439807488, 3439810816]
[3439811584, 3439812096]
[3439812352, 3439814912]
[3439815680, 3439819008]
[3439819776, 3439823104]
[3439823872, 3439827200]
[3439827968, 3439831296]
[3439832064, 3439835392]
[3439836160, 3439839488]
[3439840256, 3439843584]
[3439844352, 3439847680]
[3439848448, 3439851776]
[3439852544, 3439855872]
[3439856640, 3439859968]
[3439860736, 3439864064]
[3439864832, 3439868160]
[3439868928, 3439872256]
[3439873024, 3439876352]
[3439877120, 3439877632]
[3439877888, 3439880448]
[3439881216, 3439884544]
[3439885312, 3439888640]
[3439889408, 3439892736]
[3439893504, 3439896832]
[3439897600, 3439900928]
[3439901696, 3439905024]
[3439905792, 3439909120]
[3439909888, 3439913216]
[3439913984, 3439917312]
[3439918080, 3439921408]
[3439922176, 3439925504]
[3439926272, 3439929600]
[3439930368, 3439933696]
[3439934464, 3439937792]
[3439938560, 3439941888]
[3439942656, 3439943168]
[3439943424, 3439945984]
[3439946752, 3439950080]
[3439950848, 3439954176]
[3439954944, 3439958272]
[3439959040, 3439962368]
[3439963136, 3439966464]
[3439967232, 3439970560]
[3439971328, 3439974656]
[3439975424, 3439978752]
[3439979520, 3439982848]
[3439983616, 3439986944]
[3439987712, 3439991040]
[3439991808, 3439995136]
[3439995904, 3439999232]
[3440000000, 3440003328]
[3440004096, 3440007424]
[3440008192, 3440008704]
[3440008960, 3440011520]
[3440012288, 3440015616]
[3440016384, 3440019712]
[3440020480, 3440023808]
[3440024576, 3440027904]
[3440028672, 3440032000]
[3440032768, 3440036096]
[3440036864, 3440040192]
[3440040960, 3440044288]
[3440045056, 3440048384]
[3440049152, 3440052480]
[3440053248, 3440056576]
[3440057344, 3440060672]
[3440061440, 3440064768]
[3440065536, 3440068864]
[3440069632, 3440072960]
[3440073728, 3440074240]
[3440074496, 3440077056]
[3440077824, 3440081152]
[3440081920, 3440085248]
[3440086016, 3440089344]
[3440090112, 3440093440]
[3440094208, 3440097536]
[3440098304, 3440101632]
[3440102400, 3440105728]
[3440106496, 3440109824]
[3440110592, 3440113920]
[3440114688, 3440118016]
[3440118784, 3440122112]
[3440122880, 3440126208]
[3440126976, 3440130304]
[3440131072, 3440134400]
[3440135168, 3440138496]
[3440139264, 3440139776]
[3440140032, 3440142592]
[3440143360, 3440146688]
[3440147456, 3440150784]
[3440151552, 3440154880]
[3440155648, 3440158976]
[3440159744, 3440163072]
[3440163840, 3440167168]
[3440167936, 3440171264]
[3440172032, 3440175360]
[3440176128, 3440179456]
[3440180224, 3440183552]
[3440184320, 3440187648]
[3440188416, 3440191744]
[3440192512, 3440195840]
[3440196608, 3440199936]
[3440200704, 3440204032]
[3440204800, 3440205312]
[3440205568, 3440208128]
[3440208896, 3440212224]
[3440212992, 3440216320]
[3440217088, 3440220416]
[3440221184, 3440224512]
[3440225280, 3440228608]
[3440229376, 3440232704]
[3440233472, 3440236800]
[3440237568, 3440240896]
[3440241664, 3440244992]
[3440245760, 3440249088]
[3440249856, 3440253184]
[3440253952, 3440257280]
[3440258048, 3440261376]
[3440262144, 3440265472]
[3440266240, 3440269568]
[3440270336, 3440270848]
[3440271104, 3440273664]
[3440274432, 3440277760]
[3440278528, 3440281856]
[3440282624, 3440285952]
[3440286720, 3440290048]
[3440290816, 3440294144]
[3440294912, 3440298240]
[3440299008, 3440302336]
[3440303104, 3440306432]
[3440307200, 3440310528]
[3440311296, 3440314624]
[3440315392, 3440318720]
[3440319488, 3440322816]
[3440323584, 3440326912]
[3440327680, 3440331008]
[3440331776, 3440335104]
[3440335872, 3440336384]
[3440336640, 3440339200]
[3440339968, 3440343296]
[3440344064, 3440347392]
[3440348160, 3440351488]
[3440352256, 3440355584]
[3440356352, 3440359680]
[3440360448, 3440363776]
[3440364544, 3440367872]
[3440368640, 3440371968]
[3440372736, 3440376064]
[3440376832, 3440380160]
[3440380928, 3440384256]
[3440385024, 3440388352]
[3440389120, 3440392448]
[3440393216, 3440396544]
[3440397312, 3440400640]
[3440401408, 3440401920]
[3440402176, 3440404736]
[3440405504, 3440408832]
[3440409600, 3440412928]
[3440413696, 3440417024]
[3440417792, 3440421120]
[3440421888, 3440425216]
[3440425984, 3440429312]
[3440430080, 3440433408]
[3440434176, 3440437504]
[3440438272, 3440441600]
[3440442368, 3440445696]
[3440446464, 3440449792]
[3440450560, 3440453888]
[3440454656, 3440457984]
[3440458752, 3440462080]
[3440462848, 3440466176]
[3440466944, 3440467456]
[3440467712, 3440470272]
[3440471040, 3440474368]
[3440475136, 3440478464]
[3440479232, 3440482560]
[3440483328, 3440486656]
[3440487424, 3440490752]
[3440491520, 3440494848]
[3440495616, 3440498944]
[3440499712, 3440503040]
[3440503808, 3440507136]
[3440507904, 3440511232]
[3440512000, 3440515328]
[3440516096, 3440519424]
[3440520192, 3440523520]
[3440524288, 3440527616]
[3440528384, 3440531712]
[3440532480, 3440532992]
[3440533248, 3440535808]
[3440536576, 3440539904]
[3440540672, 3440544000]
[3440544768, 3440548096]
[3440548864, 3440552192]
[3440552960, 3440556288]
[3440557056, 3440560384]
[3440561152, 3440564480]
[3440565248, 3440568576]
[3440569344, 3440572672]
[3440573440, 3440576768]
[3440577536, 3440580864]
[3440581632, 3440584960]
[3440585728, 3440589056]
[3440589824, 3440593152]
[3440593920, 3440597248]
[3440598016, 3440598528]
[3440598784, 3440601344]
[3440602112, 3440605440]
[3440606208, 3440609536]
[3440610304, 3440613632]
[3440614400, 3440617728]
[3440618496, 3440621824]
[3440622592, 3440625920]
[3440626688, 3440630016]
[3440630784, 3440634112]
[3440634880, 3440638208]
[3440638976, 3440642304]
[3440643072, 3440646400]
[3440647168, 3440650496]
[3440651264, 3440654592]
[3440655360, 3440658688]
[3440659456, 3440662784]
[3440663552, 3440664064]
[3440664320, 3440666880]
[3440667648, 3440670976]
[3440671744, 3440675072]
[3440675840, 3440679168]
[3440679936, 3440683264]
[3440684032, 3440687360]
[3440688128, 3440691456]
[3440692224, 3440695552]
[3440696320, 3440699648]
[3440700416, 3440703744]
[3440704512, 3440707840]
[3440708608, 3440711936]
[3440712704, 3440716032]
[3440716800, 3440720128]
[3440720896, 3440724224]
[3440724992, 3440728320]
[3440729088, 3440729600]
[3440729856, 3440732416]
[3440733184, 3440736512]
[3440737280, 3440740608]
[3440741376, 3440744704]
[3440745472, 3440748800]
[3440749568, 3440752896]
[3440753664, 3440756992]
[3440757760, 3440761088]
[3440761856, 3440765184]
[3440765952, 3440769280]
[3440770048, 3440773376]
[3440774144, 3440777472]
[3440778240, 3440781568]
[3440782336, 3440785664]
[3440786432, 3440789760]
[3440790528, 3440793856]
[3440794624, 3440795136]
[3440795392, 3440797952]
[3440798720, 3440802048]
[3440802816, 3440806144]
[3440806912, 3440810240]
[3440811008, 3440814336]
[3440815104, 3440818432]
[3440819200, 3440822528]
[3440823296, 3440826624]
[3440827392, 3440830720]
[3440831488, 3440834816]
[3440835584, 3440838912]
[3440839680, 3440843008]
[3440843776, 3440847104]
[3440847872, 3440851200]
[3440851968, 3440855296]
[3440856064, 3440859392]
[3440860160, 3440860672]
[3440860928, 3440863488]
[3440864256, 3440867584]
[3440868352, 3440871680]
[3440872448, 3440875776]
[3440876544, 3440879872]
[3440880640, 3440883968]
[3440884736, 3440888064]
[3440888832, 3440892160]
[3440892928, 3440896256]
[3440897024, 3440900352]
[3440901120, 3440904448]
[3440905216, 3440908544]
[3440909312, 3440912640]
[3440913408, 3440916736]
[3440917504, 3440920832]
[3440921600, 3440924928]
[3440925696, 3440926208]
[3440926464, 3440929024]
[3440929792, 3440933120]
[3440933888, 3440937216]
[3440937984, 3440941312]
[3440942080, 3440945408]
[3440946176, 3440949504]
[3440950272, 3440953600]
[3440954368, 3440957696]
[3440958464, 3440961792]
[3440962560, 3440965888]
[3440966656, 3440969984]
[3440970752, 3440974080]
[3440974848, 3440978176]
[3440978944, 3440982272]
[3440983040, 3440986368]
[3440987136, 3440990464]
[3440991232, 3440991744]
[3440992000, 3440994560]
[3440995328, 3440998656]
[3440999424, 3441002752]
[3441003520, 3441006848]
[3441007616, 3441010944]
[3441011712, 3441015040]
[3441015808, 3441019136]
[3441019904, 3441023232]
[3441024000, 3441027328]
[3441028096, 3441031424]
[3441032192, 3441035520]
[3441036288, 3441039616]
[3441040384, 3441043712]
[3441044480, 3441047808]
[3441048576, 3441051904]
[3441052672, 3441056000]
[3441056768, 3441057280]
[3441057536, 3441060096]
[3441060864, 3441064192]
[3441064960, 3441068288]
[3441069056, 3441072384]
[3441073152, 3441076480]
[3441077248, 3441080576]
[3441081344, 3441084672]
[3441085440, 3441088768]
[3441089536, 3441092864]
[3441093632, 3441096960]
[3441097728, 3441101056]
[3441101824, 3441105152]
[3441105920, 3441109248]
[3441110016, 3441113344]
[3441114112, 3441117440]
[3441118208, 3441121536]
[3441122304, 3441122816]
[3441123072, 3441125632]
[3441126400, 3441129728]
[3441130496, 3441133824]
[3441134592, 3441137920]
[3441138688, 3441142016]
[3441142784, 3441146112]
[3441146880, 3441150208]
[3441150976, 3441154304]
[3441155072, 3441158400]
[3441159168, 3441162496]
[3441163264, 3441166592]
[3441167360, 3441170688]
[3441171456, 3441174784]
[3441175552, 3441178880]
[3441179648, 3441182976]
[3441183744, 3441187072]
[3441187840, 3441188352]
[3441188608, 3441191168]
[3441191936, 3441195264]
[3441196032, 3441199360]
[3441200128, 3441203456]
[3441204224, 3441207552]
[3441208320, 3441211648]
[3441212416, 3441215744]
[3441216512, 3441219840]
[3441220608, 3441223936]
[3441224704, 3441228032]
[3441228800, 3441232128]
[3441232896, 3441236224]
[3441236992, 3441240320]
[3441241088, 3441244416]
[3441245184, 3441248512]
[3441249280, 3441252608]
[3441253376, 3441253888]
[3441254144, 3441256704]
[3441257472, 3441260800]
[3441261568, 3441264896]
[3441265664, 3441268992]
[3441269760, 3441273088]
[3441273856, 3441277184]
[3441277952, 3441281280]
[3441282048, 3441285376]
[3441286144, 3441289472]
[3441290240, 3441293568]
[3441294336, 3441297664]
[3441298432, 3441301760]
[3441302528, 3441305856]
[3441306624, 3441309952]
[3441310720, 3441314048]
[3441314816, 3441318144]
[3441318912, 3441319424]
[3441319680, 3441322240]
[3441323008, 3441326336]
[3441327104, 3441330432]
[3441331200, 3441334528]
[3441335296, 3441338624]
[3441339392, 3441342720]
[3441343488, 3441346816]
[3441347584, 3441350912]
[3441351680, 3441355008]
[3441355776, 3441359104]
[3441359872, 3441363200]
[3441363968, 3441367296]
[3441368064, 3441371392]
[3441372160, 3441375488]
[3441376256, 3441379584]
[3441380352, 3441383680]
[3441384448, 3441387776]
[3441388544, 3441391872]
[3441392640, 3441395968]
[3441396736, 3441400064]
[3441400832, 3441404160]
[3441404928, 3441408256]
[3441409024, 3441412352]
[3441413120, 3441416448]
[3441417216, 3441420544]
[3441421312, 3441424640]
[3441425408, 3441429248]
[3441429504, 3441433344]
[3441433600, 3441437440]
[3441437696, 3441441536]
[3441441792, 3441445632]
[3441445888, 3441449728]
[3441449984, 3441450496]
[3441450752, 3441453824]
[3441454080, 3441457920]
[3441458176, 3441462016]
[3441462272, 3441466112]
[3441466368, 3441470208]
[3441470464, 3441474304]
[3441474560, 3441478400]
[3441478656, 3441482496]
[3441482752, 3441486592]
[3441486848, 3441490688]
[3441490944, 3441494784]
[3441495040, 3441498880]
[3441499136, 3441502976]
[3441503232, 3441507072]
[3441507328, 3441511168]
[3441511424, 3441515264]
[3441515520, 3441516032]
[3441516288, 3441519360]
[3441519616, 3441523456]
[3441523712, 3441527552]
[3441527808, 3441531648]
[3441531904, 3441535744]
[3441536000, 3441539840]
[3441540096, 3441543936]
[3441544192, 3441548032]
[3441548288, 3441552128]
[3441552384, 3441556224]
[3441556480, 3441560320]
[3441560576, 3441564416]
[3441564672, 3441568512]
[3441568768, 3441572608]
[3441572864, 3441576704]
[3441576960, 3441580800]
[3441581056, 3441581568]
[3441581824, 3441584896]
[3441585152, 3441588992]
[3441589248, 3441593088]
[3441593344, 3441597184]
[3441597440, 3441601280]
[3441601536, 3441605376]
[3441605632, 3441609472]
[3441609728, 3441613568]
[3441613824, 3441617664]
[3441617920, 3441621760]
[3441622016, 3441625856]
[3441626112, 3441629952]
[3441630208, 3441634048]
[3441634304, 3441638144]
[3441638400, 3441642240]
[3441642496, 3441646336]
[3441646592, 3441647104]
[3441647360, 3441650432]
[3441650688, 3441654528]
[3441654784, 3441658624]
[3441658880, 3441662720]
[3441662976, 3441666816]
[3441667072, 3441670912]
[3441671168, 3441675008]
[3441675264, 3441679104]
[3441679360, 3441683200]
[3441683456, 3441687296]
[3441687552, 3441691392]
[3441691648, 3441695488]
[3441695744, 3441699584]
[3441699840, 3441703680]
[3441703936, 3441707776]
[3441708032, 3441711872]
[3441712128, 3441712640]
[3441712896, 3441715968]
[3441716224, 3441720064]
[3441720320, 3441724160]
[3441724416, 3441728256]
[3441728512, 3441732352]
[3441732608, 3441736448]
[3441736704, 3441740544]
[3441740800, 3441744640]
[3441744896, 3441748736]
[3441748992, 3441752832]
[3441753088, 3441756928]
[3441757184, 3441761024]
[3441761280, 3441765120]
[3441765376, 3441769216]
[3441769472, 3441773312]
[3441773568, 3441777408]
[3441777664, 3441778176]
[3441778432, 3441781504]
[3441781760, 3441785600]
[3441785856, 3441789696]
[3441789952, 3441793792]
[3441794048, 3441797888]
[3441798144, 3441801984]
[3441802240, 3441806080]
[3441806336, 3441810176]
[3441810432, 3441814272]
[3441814528, 3441818368]
[3441818624, 3441822464]
[3441822720, 3441826560]
[3441826816, 3441830656]
[3441830912, 3441834752]
[3441835008, 3441838848]
[3441839104, 3441842944]
[3441843200, 3441843712]
[3441843968, 3441847040]
[3441847296, 3441851136]
[3441851392, 3441855232]
[3441855488, 3441859328]
[3441859584, 3441863424]
[3441863680, 3441867520]
[3441867776, 3441871616]
[3441871872, 3441875712]
[3441875968, 3441879808]
[3441880064, 3441883904]
[3441884160, 3441888000]
[3441888256, 3441892096]
[3441892352, 3441896192]
[3441896448, 3441900288]
[3441900544, 3441904384]
[3441904640, 3441908480]
[3441908736, 3441909248]
[3441909504, 3441912576]
[3441912832, 3441916672]
[3441916928, 3441920768]
[3441921024, 3441924864]
[3441925120, 3441928960]
[3441929216, 3441933056]
[3441933312, 3441937152]
[3441937408, 3441941248]
[3441941504, 3441945344]
[3441945600, 3441949440]
[3441949696, 3441953536]
[3441953792, 3441957632]
[3441957888, 3441961728]
[3441961984, 3441965824]
[3441966080, 3441969920]
[3441970176, 3441974016]
[3441974272, 3441974784]
[3441975040, 3441978112]
[3441978368, 3441982208]
[3441982464, 3441986304]
[3441986560, 3441990400]
[3441990656, 3441994496]
[3441994752, 3441998592]
[3441998848, 3442002688]
[3442002944, 3442006784]
[3442007040, 3442010880]
[3442011136, 3442014976]
[3442015232, 3442019072]
[3442019328, 3442023168]
[3442023424, 3442027264]
[3442027520, 3442031360]
[3442031616, 3442035456]
[3442035712, 3442039552]
[3442039808, 3442040320]
[3442040576, 3442043648]
[3442043904, 3442047744]
[3442048000, 3442051840]
[3442052096, 3442055936]
[3442056192, 3442060032]
[3442060288, 3442064128]
[3442064384, 3442068224]
[3442068480, 3442072320]
[3442072576, 3442076416]
[3442076672, 3442080512]
[3442080768, 3442084608]
[3442084864, 3442088704]
[3442088960, 3442092800]
[3442093056, 3442096896]
[3442097152, 3442100992]
[3442101248, 3442105088]
[3442105344, 3442105856]
[3442106112, 3442109184]
[3442109440, 3442113280]
[3442113536, 3442117376]
[3442117632, 3442121472]
[3442121728, 3442125568]
[3442125824, 3442129664]
[3442129920, 3442133760]
[3442134016, 3442137856]
[3442138112, 3442141952]
[3442142208, 3442146048]
[3442146304, 3442150144]
[3442150400, 3442154240]
[3442154496, 3442158336]
[3442158592, 3442162432]
[3442162688, 3442166528]
[3442166784, 3442170624]
[3442170880, 3442171392]
[3442171648, 3442174720]
[3442174976, 3442178816]
[3442179072, 3442182912]
[3442183168, 3442187008]
[3442187264, 3442191104]
[3442191360, 3442195200]
[3442195456, 3442199296]
[3442199552, 3442203392]
[3442203648, 3442207488]
[3442207744, 3442211584]
[3442211840, 3442215680]
[3442215936, 3442219776]
[3442220032, 3442223872]
[3442224128, 3442227968]
[3442228224, 3442232064]
[3442232320, 3442236160]
[3442236416, 3442236928]
[3442237184, 3442240256]
[3442240512, 3442244352]
[3442244608, 3442248448]
[3442248704, 3442252544]
[3442252800, 3442256640]
[3442256896, 3442260736]
[3442260992, 3442264832]
[3442265088, 3442268928]
[3442269184, 3442273024]
[3442273280, 3442277120]
[3442277376, 3442281216]
[3442281472, 3442285312]
[3442285568, 3442289408]
[3442289664, 3442293504]
[3442293760, 3442297600]
[3442297856, 3442301696]
[3442301952, 3442302464]
[3442302720, 3442305792]
[3442306048, 3442309888]
[3442310144, 3442313984]
[3442314240, 3442318080]
[3442318336, 3442322176]
[3442322432, 3442326272]
[3442326528, 3442330368]
[3442330624, 3442334464]
[3442334720, 3442338560]
[3442338816, 3442342656]
[3442342912, 3442346752]
[3442347008, 3442350848]
[3442351104, 3442354944]
[3442355200, 3442359040]
[3442359296, 3442363136]
[3442363392, 3442367232]
[3442367488, 3442368000]
[3442368256, 3442371328]
[3442371584, 3442375424]
[3442375680, 3442379520]
[3442379776, 3442383616]
[3442383872, 3442387712]
[3442387968, 3442391808]
[3442392064, 3442395904]
[3442396160, 3442400000]
[3442400256, 3442404096]
[3442404352, 3442408192]
[3442408448, 3442412288]
[3442412544, 3442416384]
[3442416640, 3442420480]
[3442420736, 3442424576]
[3442424832, 3442428672]
[3442428928, 3442432768]
[3442433024, 3442433536]
[3442433792, 3442436864]
[3442437120, 3442440960]
[3442441216, 3442445056]
[3442445312, 3442449152]
[3442449408, 3442453248]
[3442453504, 3442457344]
[3442457600, 3442461440]
[3442461696, 3442465536]
[3442465792, 3442469632]
[3442469888, 3442473728]
[3442473984, 3442477824]
[3442478080, 3442481920]
[3442482176, 3442486016]
[3442486272, 3442490112]
[3442490368, 3442494208]
[3442494464, 3442498304]
[3442498560, 3442499072]
[3442499328, 3442502400]
[3442502656, 3442506496]
[3442506752, 3442510592]
[3442510848, 3442514688]
[3442514944, 3442518784]
[3442519040, 3442522880]
[3442523136, 3442526976]
[3442527232, 3442531072]
[3442531328, 3442535168]
[3442535424, 3442539264]
[3442539520, 3442543360]
[3442543616, 3442547456]
[3442547712, 3442551552]
[3442551808, 3442555648]
[3442555904, 3442559744]
[3442560000, 3442563840]
[3442564096, 3442564608]
[3442564864, 3442567936]
[3442568192, 3442572032]
[3442572288, 3442576128]
[3442576384, 3442580224]
[3442580480, 3442584320]
[3442584576, 3442588416]
[3442588672, 3442592512]
[3442592768, 3442596608]
[3442596864, 3442600704]
[3442600960, 3442604800]
[3442605056, 3442608896]
[3442609152, 3442612992]
[3442613248, 3442617088]
[3442617344, 3442621184]
[3442621440, 3442625280]
[3442625536, 3442629376]
[3442629632, 3442630144]
[3442630400, 3442633472]
[3442633728, 3442637568]
[3442637824, 3442641664]
[3442641920, 3442645760]
[3442646016, 3442649856]
[3442650112, 3442653952]
[3442654208, 3442658048]
[3442658304, 3442662144]
[3442662400, 3442666240]
[3442666496, 3442670336]
[3442670592, 3442674432]
[3442674688, 3442678528]
[3442678784, 3442682624]
[3442682880, 3442686720]
[3442686976, 3442690816]
[3442691072, 3442694912]
[3442695168, 3442695680]
[3442695936, 3442699008]
[3442699264, 3442703104]
[3442703360, 3442707200]
[3442707456, 3442711296]
[3442711552, 3442715392]
[3442715648, 3442719488]
[3442719744, 3442723584]
[3442723840, 3442727680]
[3442727936, 3442731776]
[3442732032, 3442735872]
[3442736128, 3442739968]
[3442740224, 3442744064]
[3442744320, 3442748160]
[3442748416, 3442752256]
[3442752512, 3442756352]
[3442756608, 3442760448]
[3442760704, 3442761216]
[3442761472, 3442764544]
[3442764800, 3442768640]
[3442768896, 3442772736]
[3442772992, 3442776832]
[3442777088, 3442780928]
[3442781184, 3442785024]
[3442785280, 3442789120]
[3442789376, 3442793216]
[3442793472, 3442797312]
[3442797568, 3442801408]
[3442801664, 3442805504]
[3442805760, 3442809600]
[3442809856, 3442813696]
[3442813952, 3442817792]
[3442818048, 3442821888]
[3442822144, 3442825984]
[3442826240, 3442826752]
[3442827008, 3442830080]
[3442830336, 3442834176]
[3442834432, 3442838272]
[3442838528, 3442842368]
[3442842624, 3442846464]
[3442846720, 3442850560]
[3442850816, 3442854656]
[3442854912, 3442858752]
[3442859008, 3442862848]
[3442863104, 3442866944]
[3442867200, 3442871040]
[3442871296, 3442875136]
[3442875392, 3442879232]
[3442879488, 3442883328]
[3442883584, 3442887424]
[3442887680, 3442891520]
[3442891776, 3442892288]
[3442892544, 3442895616]
[3442895872, 3442899712]
[3442899968, 3442903808]
[3442904064, 3442907904]
[3442908160, 3442912000]
[3442912256, 3442916096]
[3442916352, 3442920192]
[3442920448, 3442924288]
[3442924544, 3442928384]
[3442928640, 3442932480]
[3442932736, 3442936576]
[3442936832, 3442940672]
[3442940928, 3442944768]
[3442945024, 3442948864]
[3442949120, 3442952960]
[3442953216, 3442957056]
[3442957312, 3442957824]
[3442958080, 3442961152]
[3442961408, 3442965248]
[3442965504, 3442969344]
[3442969600, 3442973440]
[3442973696, 3442977536]
[3442977792, 3442981632]
[3442981888, 3442985728]
[3442985984, 3442989824]
[3442990080, 3442993920]
[3442994176, 3442998016]
[3442998272, 3443002112]
[3443002368, 3443006208]
[3443006464, 3443010304]
[3443010560, 3443014400]
[3443014656, 3443018496]
[3443018752, 3443022592]
[3443022848, 3443023360]
[3443023616, 3443026688]
[3443026944, 3443030784]
[3443031040, 3443034880]
[3443035136, 3443038976]
[3443039232, 3443043072]
[3443043328, 3443047168]
[3443047424, 3443051264]
[3443051520, 3443055360]
[3443055616, 3443059456]
[3443059712, 3443063552]
[3443063808, 3443067648]
[3443067904, 3443071744]
[3443072000, 3443075840]
[3443076096, 3443079936]
[3443080192, 3443084032]
[3443084288, 3443088128]
[3443088384, 3443088896]
[3443089152, 3443092224]
[3443092480, 3443096320]
[3443096576, 3443100416]
[3443100672, 3443104512]
[3443104768, 3443108608]
[3443108864, 3443112704]
[3443112960, 3443116800]
[3443117056, 3443120896]
[3443121152, 3443124992]
[3443125248, 3443129088]
[3443129344, 3443133184]
[3443133440, 3443137280]
[3443137536, 3443141376]
[3443141632, 3443145472]
[3443145728, 3443149568]
[3443149824, 3443153664]
[3443153920, 3443154432]
[3443154688, 3443157760]
[3443158016, 3443161856]
[3443162112, 3443165952]
[3443166208, 3443170048]
[3443170304, 3443174144]
[3443174400, 3443178240]
[3443178496, 3443182336]
[3443182592, 3443186432]
[3443186688, 3443190528]
[3443190784, 3443194624]
[3443194880, 3443198720]
[3443198976, 3443202816]
[3443203072, 3443206912]
[3443207168, 3443211008]
[3443211264, 3443215104]
[3443215360, 3443219200]
[3443219456, 3443219968]
[3443220224, 3443223296]
[3443223552, 3443227392]
[3443227648, 3443231488]
[3443231744, 3443235584]
[3443235840, 3443239680]
[3443239936, 3443243776]
[3443244032, 3443247872]
[3443248128, 3443251968]
[3443252224, 3443256064]
[3443256320, 3443260160]
[3443260416, 3443264256]
[3443264512, 3443268352]
[3443268608, 3443272448]
[3443272704, 3443276544]
[3443276800, 3443280640]
[3443280896, 3443284736]
[3443284992, 3443285504]
[3443285760, 3443288832]
[3443289088, 3443292928]
[3443293184, 3443297024]
[3443297280, 3443301120]
[3443301376, 3443305216]
[3443305472, 3443309312]
[3443309568, 3443313408]
[3443313664, 3443317504]
[3443317760, 3443321600]
[3443321856, 3443325696]
[3443325952, 3443329792]
[3443330048, 3443333888]
[3443334144, 3443337984]
[3443338240, 3443342080]
[3443342336, 3443346176]
[3443346432, 3443350272]
[3443350528, 3443351040]
[3443351296, 3443354368]
[3443354624, 3443358464]
[3443358720, 3443362560]
[3443362816, 3443366656]
[3443366912, 3443370752]
[3443371008, 3443374848]
[3443375104, 3443378944]
[3443379200, 3443383040]
[3443383296, 3443387136]
[3443387392, 3443391232]
[3443391488, 3443395328]
[3443395584, 3443399424]
[3443399680, 3443403520]
[3443403776, 3443407616]
[3443407872, 3443411712]
[3443411968, 3443415808]
[3443416064, 3443416576]
[3443416832, 3443419904]
[3443420160, 3443424000]
[3443424256, 3443428096]
[3443428352, 3443432192]
[3443432448, 3443436288]
[3443436544, 3443440384]
[3443440640, 3443444480]
[3443444736, 3443448576]
[3443448832, 3443452672]
[3443452928, 3443456768]
[3443457024, 3443460864]
[3443461120, 3443464960]
[3443465216, 3443469056]
[3443469312, 3443473152]
[3443473408, 3443477248]
[3443477504, 3443481344]
[3443481600, 3443482112]
[3443482368, 3443485440]
[3443485696, 3443489536]
[3443489792, 3443493632]
[3443493888, 3443497728]
[3443497984, 3443501824]
[3443502080, 3443505920]
[3443506176, 3443510016]
[3443510272, 3443514112]
[3443514368, 3443518208]
[3443518464, 3443522304]
[3443522560, 3443525888]
[3443526656, 3443529984]
[3443530752, 3443534080]
[3443534848, 3443538176]
[3443538944, 3443542272]
[3443543040, 3443546368]
[3443547136, 3443550464]
[3443551232, 3443554560]
[3443555328, 3443558656]
[3443559424, 3443562752]
[3443563520, 3443566848]
[3443567616, 3443570944]
[3443571712, 3443575040]
[3443575808, 3443579136]
[3443579904, 3443583232]
[3443584000, 3443587328]
[3443588096, 3443591424]
[3443592192, 3443595520]
[3443596288, 3443599616]
[3443600384, 3443603712]
[3443604480, 3443607808]
[3443608576, 3443611904]
[3443612672, 3443616000]
[3443616768, 3443620096]
[3443620864, 3443624192]
[3443624960, 3443628288]
[3443629056, 3443632384]
[3443633152, 3443636480]
[3443637248, 3443640576]
[3443641344, 3443644672]
[3443645440, 3443648768]
[3443649536, 3443652864]
[3443653632, 3443656960]
[3443657728, 3443661056]
[3443661824, 3443665152]
[3443665920, 3443669248]
[3443670016, 3443673344]
[3443674112, 3443677440]
[3443678208, 3443681536]
[3443682304, 3443685632]
[3443686400, 3443689728]
[3443690496, 3443693824]
[3443694592, 3443697920]
[3443698688, 3443702016]
[3443702784, 3443706112]
[3443706880, 3443710208]
[3443710976, 3443714304]
[3443715072, 3443718400]
[3443719168, 3443722496]
[3443723264, 3443726592]
[3443727360, 3443730688]
[3443731456, 3443734784]
[3443735552, 3443738880]
[3443739648, 3443742976]
[3443743744, 3443747072]
[3443747840, 3443751168]
[3443751936, 3443755264]
[3443756032, 3443759360]
[3443760128, 3443763456]
[3443764224, 3443767552]
[3443768320, 3443771648]
[3443772416, 3443775744]
[3443776512, 3443779840]
[3443780608, 3443783936]
[3443784704, 3443788032]
[3443788800, 3443792128]
[3443792896, 3443796224]
[3443796992, 3443800320]
[3443801088, 3443804416]
[3443805184, 3443808512]
[3443809280, 3443812608]
[3443813376, 3443816704]
[3443817472, 3443820800]
[3443821568, 3443824896]
[3443825664, 3443828992]
[3443829760, 3443833088]
[3443833856, 3443837184]
[3443837952, 3443841280]
[3443842048, 3443845376]
[3443846144, 3443849472]
[3443850240, 3443853568]
[3443854336, 3443857664]
[3443858432, 3443861760]
[3443862528, 3443865856]
[3443866624, 3443869952]
[3443870720, 3443874048]
[3443874816, 3443878144]
[3443878912, 3443882240]
[3443883008, 3443886336]
[3443887104, 3443890432]
[3443891200, 3443894528]
[3443895296, 3443898624]
[3443899392, 3443902720]
[3443903488, 3443906816]
[3443907584, 3443910912]
[3443911680, 3443915008]
[3443915776, 3443919104]
[3443919872, 3443923200]
[3443923968, 3443927296]
[3443928064, 3443931392]
[3443932160, 3443935488]
[3443936256, 3443939584]
[3443940352, 3443943680]
[3443944448, 3443947776]
[3443948544, 3443951872]
[3443952640, 3443955968]
[3443956736, 3443960064]
[3443960832, 3443964160]
[3443964928, 3443968256]
[3443969024, 3443972352]
[3443973120, 3443976448]
[3443977216, 3443980544]
[3443981312, 3443984640]
[3443985408, 3443988736]
[3443989504, 3443992832]
[3443993600, 3443996928]
[3443997696, 3444001024]
[3444001792, 3444005120]
[3444005888, 3444009216]
[3444009984, 3444013312]
[3444014080, 3444017408]
[3444018176, 3444021504]
[3444022272, 3444025600]
[3444026368, 3444029696]
[3444030464, 3444033792]
[3444034560, 3444037888]
[3444038656, 3444041984]
[3444042752, 3444046080]
[3444046848, 3444050176]
[3444050944, 3444054272]
[3444055040, 3444058368]
[3444059136, 3444062464]
[3444063232, 3444066560]
[3444067328, 3444070656]
[3444071424, 3444074752]
[3444075520, 3444078848]
[3444079616, 3444082944]
[3444083712, 3444087040]
[3444087808, 3444091136]
[3444091904, 3444095232]
[3444096000, 3444099328]
[3444100096, 3444103424]
[3444104192, 3444107520]
[3444108288, 3444111616]
[3444112384, 3444115712]
[3444116480, 3444119808]
[3444120576, 3444123904]
[3444124672, 3444128000]
[3444128768, 3444132096]
[3444132864, 3444136192]
[3444136960, 3444140288]
[3444141056, 3444144384]
[3444145152, 3444148480]
[3444149248, 3444152576]
[3444153344, 3444156672]
[3444157440, 3444160768]
[3444161536, 3444164864]
[3444165632, 3444168960]
[3444169728, 3444173056]
[3444173824, 3444177152]
[3444177920, 3444181248]
[3444182016, 3444185344]
[3444186112, 3444189440]
[3444190208, 3444193536]
[3444194304, 3444197632]
[3444198400, 3444201728]
[3444202496, 3444205824]
[3444206592, 3444209920]
[3444210688, 3444214016]
[3444214784, 3444218112]
[3444218880, 3444222208]
[3444222976, 3444226304]
[3444227072, 3444230400]
[3444231168, 3444234496]
[3444235264, 3444238592]
[3444239360, 3444242688]
[3444243456, 3444246784]
[3444247552, 3444250880]
[3444251648, 3444254976]
[3444255744, 3444259072]
[3444259840, 3444263168]
[3444263936, 3444267264]
[3444268032, 3444271360]
[3444272128, 3444275456]
[3444276224, 3444279552]
[3444280320, 3444283648]
[3444284416, 3444287744]
[3444288512, 3444291840]
[3444292608, 3444295936]
[3444296704, 3444300032]
[3444300800, 3444304128]
[3444304896, 3444308224]
[3444308992, 3444312320]
[3444313088, 3444316416]
[3444317184, 3444320512]
[3444321280, 3444324608]
[3444325376, 3444328704]
[3444329472, 3444332800]
[3444333568, 3444336896]
[3444337664, 3444340992]
[3444341760, 3444345088]
[3444345856, 3444349184]
[3444349952, 3444353280]
[3444354048, 3444357376]
[3444358144, 3444361472]
[3444362240, 3444365568]
[3444366336, 3444369664]
[3444370432, 3444373760]
[3444374528, 3444377856]
[3444378624, 3444381952]
[3444382720, 3444386048]
[3444386816, 3444390144]
[3444390912, 3444394240]
[3444395008, 3444398336]
[3444399104, 3444402432]
[3444403200, 3444406528]
[3444407296, 3444410624]
[3444411392, 3444414720]
[3444415488, 3444418816]
[3444419584, 3444422912]
[3444423680, 3444427008]
[3444427776, 3444431104]
[3444431872, 3444435200]
[3444435968, 3444439296]
[3444440064, 3444443392]
[3444444160, 3444447488]
[3444448256, 3444451584]
[3444452352, 3444455680]
[3444456448, 3444459776]
[3444460544, 3444463872]
[3444464640, 3444467968]
[3444468736, 3444472064]
[3444472832, 3444476160]
[3444476928, 3444480256]
[3444481024, 3444484352]
[3444485120, 3444488448]
[3444489216, 3444492544]
[3444493312, 3444496640]
[3444497408, 3444500736]
[3444501504, 3444504832]
[3444505600, 3444508928]
[3444509696, 3444513024]
[3444513792, 3444517120]
[3444517888, 3444521216]
[3444521984, 3444525312]
[3444526080, 3444529408]
[3444530176, 3444533504]
[3444534272, 3444537600]
[3444538368, 3444541696]
[3444542464, 3444545792]
[3444546560, 3444549888]
[3444550656, 3444553984]
[3444554752, 3444558080]
[3444558848, 3444562176]
[3444562944, 3444566272]
[3444567040, 3444570368]
[3444571136, 3444574464]
[3444575232, 3444578560]
[3444579328, 3444582656]
[3444583424, 3444586752]
[3444587520, 3444590848]
[3444591616, 3444594944]
[3444595712, 3444599040]
[3444599808, 3444603136]
[3444603904, 3444607232]
[3444608000, 3444611328]
[3444612096, 3444615424]
[3444616192, 3444619520]
[3444620288, 3444623616]
[3444624384, 3444627712]
[3444628480, 3444631808]
[3444632576, 3444635904]
[3444636672, 3444640000]
[3444640768, 3444644096]
[3444644864, 3444648192]
[3444648960, 3444652288]
[3444653056, 3444656384]
[3444657152, 3444660480]
[3444661248, 3444664576]
[3444665344, 3444668672]
[3444669440, 3444672768]
[3444673536, 3444676864]
[3444677632, 3444680960]
[3444681728, 3444685056]
[3444685824, 3444689152]
[3444689920, 3444693248]
[3444694016, 3444697344]
[3444698112, 3444701440]
[3444702208, 3444705536]
[3444706304, 3444709632]
[3444710400, 3444713728]
[3444714496, 3444717824]
[3444718592, 3444721920]
[3444722688, 3444726016]
[3444726784, 3444730112]
[3444730880, 3444734208]
[3444734976, 3444738304]
[3444739072, 3444742400]
[3444743168, 3444746496]
[3444747264, 3444750592]
[3444751360, 3444754688]
[3444755456, 3444758784]
[3444759552, 3444762880]
[3444763648, 3444766976]
[3444767744, 3444771072]
[3444771840, 3444775168]
[3444775936, 3444779264]
[3444780032, 3444783360]
[3444784128, 3444787456]
[3444788224, 3444791552]
[3444792320, 3444795648]
[3444796416, 3444799744]
[3444800512, 3444803840]
[3444804608, 3444807936]
[3444808704, 3444812032]
[3444812800, 3444816128]
[3444816896, 3444820224]
[3444820992, 3444824320]
[3444825088, 3444828416]
[3444829184, 3444832512]
[3444833280, 3444836608]
[3444837376, 3444840704]
[3444841472, 3444844800]
[3444845568, 3444848896]
[3444849664, 3444852992]
[3444853760, 3444857088]
[3444857856, 3444861184]
[3444861952, 3444865280]
[3444866048, 3444869376]
[3444870144, 3444873472]
[3444874240, 3444877568]
[3444878336, 3444881664]
[3444882432, 3444885760]
[3444886528, 3444889856]
[3444890624, 3444893952]
[3444894720, 3444898048]
[3444898816, 3444902144]
[3444902912, 3444906240]
[3444907008, 3444910336]
[3444911104, 3444914432]
[3444915200, 3444918528]
[3444919296, 3444922624]
[3444923392, 3444926720]
[3444927488, 3444930816]
[3444931584, 3444934912]
[3444935680, 3444939008]
[3444939776, 3444943104]
[3444943872, 3444947200]
[3444947968, 3444951296]
[3444952064, 3444955392]
[3444956160, 3444959488]
[3444960256, 3444963584]
[3444964352, 3444967680]
[3444968448, 3444971776]
[3444972544, 3444975872]
[3444976640, 3444979968]
[3444980736, 3444984064]
[3444984832, 3444988160]
[3444988928, 3444992256]
[3444993024, 3444996352]
[3444997120, 3445000448]
[3445001216, 3445004544]
[3445005312, 3445008640]
[3445009408, 3445012736]
[3445013504, 3445016832]
[3445017600, 3445020928]
[3445021696, 3445025024]
[3445025792, 3445029120]
[3445029888, 3445033216]
[3445033984, 3445037312]
[3445038080, 3445041408]
[3445042176, 3445045504]
[3445046272, 3445049600]
[3445050368, 3445053696]
[3445054464, 3445057792]
[3445058560, 3445061888]
[3445062656, 3445065984]
[3445066752, 3445070080]
[3445070848, 3445074176]
[3445074944, 3445078272]
[3445079040, 3445082368]
[3445083136, 3445086464]
[3445087232, 3445090560]
[3445091328, 3445094656]
[3445095424, 3445098752]
[3445099520, 3445102848]
[3445103616, 3445106944]
[3445107712, 3445111040]
[3445111808, 3445115136]
[3445115904, 3445119232]
[3445120000, 3445123328]
[3445124096, 3445127424]
[3445128192, 3445131520]
[3445132288, 3445135616]
[3445136384, 3445139712]
[3445140480, 3445143808]
[3445144576, 3445147904]
[3445148672, 3445152000]
[3445152768, 3445156096]
[3445156864, 3445160192]
[3445160960, 3445164288]
[3445165056, 3445168384]
[3445169152, 3445172480]
[3445173248, 3445176576]
[3445177344, 3445180672]
[3445181440, 3445184768]
[3445185536, 3445188864]
[3445189632, 3445192960]
[3445193728, 3445197056]
[3445197824, 3445201152]
[3445201920, 3445205248]
[3445206016, 3445209344]
[3445210112, 3445213440]
[3445214208, 3445217536]
[3445218304, 3445221632]
[3445222400, 3445225728]
[3445226496, 3445229824]
[3445230592, 3445233920]
[3445234688, 3445238016]
[3445238784, 3445242112]
[3445242880, 3445246208]
[3445246976, 3445250304]
[3445251072, 3445254400]
[3445255168, 3445258496]
[3445259264, 3445262592]
[3445263360, 3445266688]
[3445267456, 3445270784]
[3445271552, 3445274880]
[3445275648, 3445278976]
[3445279744, 3445283072]
[3445283840, 3445287168]
[3445287936, 3445291264]
[3445292032, 3445295360]
[3445296128, 3445299456]
[3445300224, 3445303552]
[3445304320, 3445307648]
[3445308416, 3445311744]
[3445312512, 3445315840]
[3445316608, 3445319936]
[3445320704, 3445324032]
[3445324800, 3445328128]
[3445328896, 3445332224]
[3445332992, 3445336320]
[3445337088, 3445340416]
[3445341184, 3445344512]
[3445345280, 3445348608]
[3445349376, 3445352704]
[3445353472, 3445356800]
[3445357568, 3445360896]
[3445361664, 3445364992]
[3445365760, 3445369088]
[3445369856, 3445373184]
[3445373952, 3445377280]
[3445378048, 3445381376]
[3445382144, 3445385472]
[3445386240, 3445389568]
[3445390336, 3445393664]
[3445394432, 3445397760]
[3445398528, 3445401856]
[3445402624, 3445405952]
[3445406720, 3445410048]
[3445410816, 3445414144]
[3445414912, 3445418240]
[3445419008, 3445422336]
[3445423104, 3445426432]
[3445427200, 3445430528]
[3445431296, 3445434624]
[3445435392, 3445438720]
[3445439488, 3445442816]
[3445443584, 3445446912]
[3445447680, 3445451008]
[3445451776, 3445455104]
[3445455872, 3445459200]
[3445459968, 3445463296]
[3445464064, 3445467392]
[3445468160, 3445471488]
[3445472256, 3445475584]
[3445476352, 3445479680]
[3445480448, 3445483776]
[3445484544, 3445487872]
[3445488640, 3445491968]
[3445492736, 3445496064]
[3445496832, 3445500160]
[3445500928, 3445504256]
[3445505024, 3445508352]
[3445509120, 3445512448]
[3445513216, 3445516544]
[3445517312, 3445520640]
[3445521408, 3445524736]
[3445525504, 3445528832]
[3445529600, 3445532928]
[3445533696, 3445537024]
[3445537792, 3445541120]
[3445541888, 3445545216]
[3445545984, 3445549312]
[3445550080, 3445553408]
[3445554176, 3445557504]
[3445558272, 3445561600]
[3445562368, 3445565696]
[3445566464, 3445569792]
[3445570560, 3445573888]
[3445574656, 3445577984]
[3445578752, 3445582080]
[3445582848, 3445586176]
[3445586944, 3445590272]
[3445591040, 3445594368]
[3445595136, 3445598464]
[3445599232, 3445602560]
[3445603328, 3445606656]
[3445607424, 3445610752]
[3445611520, 3445614848]
[3445615616, 3445618944]
[3445619712, 3445623552]
[3445623808, 3445627648]
[3445627904, 3445631744]
[3445632000, 3445635840]
[3445636096, 3445639936]
[3445640192, 3445644032]
[3445644288, 3445648128]
[3445648384, 3445652224]
[3445652480, 3445656320]
[3445656576, 3445660416]
[3445660672, 3445664512]
[3445664768, 3445668608]
[3445668864, 3445672704]
[3445672960, 3445676800]
[3445677056, 3445680896]
[3445681152, 3445684992]
[3445685248, 3445689088]
[3445689344, 3445693184]
[3445693440, 3445697280]
[3445697536, 3445701376]
[3445701632, 3445705472]
[3445705728, 3445709568]
[3445709824, 3445713664]
[3445713920, 3445717760]
[3445718016, 3445721856]
[3445722112, 3445725952]
[3445726208, 3445730048]
[3445730304, 3445734144]
[3445734400, 3445738240]
[3445738496, 3445742336]
[3445742592, 3445746432]
[3445746688, 3445750528]
[3445750784, 3445754624]
[3445754880, 3445758720]
[3445758976, 3445762816]
[3445763072, 3445766912]
[3445767168, 3445771008]
[3445771264, 3445775104]
[3445775360, 3445779200]
[3445779456, 3445783296]
[3445783552, 3445787392]
[3445787648, 3445791488]
[3445791744, 3445795584]
[3445795840, 3445799680]
[3445799936, 3445803776]
[3445804032, 3445807872]
[3445808128, 3445811968]
[3445812224, 3445816064]
[3445816320, 3445820160]
[3445820416, 3445824256]
[3445824512, 3445828352]
[3445828608, 3445832448]
[3445832704, 3445836544]
[3445836800, 3445840640]
[3445840896, 3445844736]
[3445844992, 3445848832]
[3445849088, 3445852928]
[3445853184, 3445857024]
[3445857280, 3445861120]
[3445861376, 3445865216]
[3445865472, 3445869312]
[3445869568, 3445873408]
[3445873664, 3445877504]
[3445877760, 3445881600]
[3445881856, 3445885696]
[3445885952, 3445889792]
[3445890048, 3445893888]
[3445894144, 3445897984]
[3445898240, 3445902080]
[3445902336, 3445906176]
[3445906432, 3445910272]
[3445910528, 3445914368]
[3445914624, 3445918464]
[3445918720, 3445922560]
[3445922816, 3445926656]
[3445926912, 3445930752]
[3445931008, 3445934848]
[3445935104, 3445938944]
[3445939200, 3445943040]
[3445943296, 3445947136]
[3445947392, 3445951232]
[3445951488, 3445955328]
[3445955584, 3445959424]
[3445959680, 3445963520]
[3445963776, 3445967616]
[3445967872, 3445971712]
[3445971968, 3445975808]
[3445976064, 3445979904]
[3445980160, 3445984000]
[3445984256, 3445988096]
[3445988352, 3445992192]
[3445992448, 3445996288]
[3445996544, 3446000384]
[3446000640, 3446004480]
[3446004736, 3446008576]
[3446008832, 3446012672]
[3446012928, 3446016768]
[3446017024, 3446020864]
[3446021120, 3446024960]
[3446025216, 3446029056]
[3446029312, 3446033152]
[3446033408, 3446037248]
[3446037504, 3446041344]
[3446041600, 3446045440]
[3446045696, 3446049536]
[3446049792, 3446053632]
[3446053888, 3446057728]
[3446057984, 3446061824]
[3446062080, 3446065920]
[3446066176, 3446070016]
[3446070272, 3446074112]
[3446074368, 3446078208]
[3446078464, 3446082304]
[3446082560, 3446086400]
[3446086656, 3446090496]
[3446090752, 3446094592]
[3446094848, 3446098688]
[3446098944, 3446102784]
[3446103040, 3446106880]
[3446107136, 3446110976]
[3446111232, 3446115072]
[3446115328, 3446119168]
[3446119424, 3446123264]
[3446123520, 3446127360]
[3446127616, 3446131456]
[3446131712, 3446135552]
[3446135808, 3446139648]
[3446139904, 3446143744]
[3446144000, 3446147840]
[3446148096, 3446151936]
[3446152192, 3446156032]
[3446156288, 3446160128]
[3446160384, 3446164224]
[3446164480, 3446168320]
[3446168576, 3446172416]
[3446172672, 3446176512]
[3446176768, 3446180608]
[3446180864, 3446184704]
[3446184960, 3446188800]
[3446189056, 3446192896]
[3446193152, 3446196992]
[3446197248, 3446201088]
[3446201344, 3446205184]
[3446205440, 3446209280]
[3446209536, 3446213376]
[3446213632, 3446217472]
[3446217728, 3446221568]
[3446221824, 3446225664]
[3446225920, 3446229760]
[3446230016, 3446233856]
[3446234112, 3446237952]
[3446238208, 3446242048]
[3446242304, 3446246144]
[3446246400, 3446250240]
[3446250496, 3446254336]
[3446254592, 3446258432]
[3446258688, 3446262528]
[3446262784, 3446266624]
[3446266880, 3446270720]
[3446270976, 3446274816]
[3446275072, 3446278912]
[3446279168, 3446283008]
[3446283264, 3446287104]
[3446287360, 3446291200]
[3446291456, 3446295296]
[3446295552, 3446299392]
[3446299648, 3446303488]
[3446303744, 3446307584]
[3446307840, 3446311680]
[3446311936, 3446315776]
[3446316032, 3446319872]
[3446320128, 3446323968]
[3446324224, 3446328064]
[3446328320, 3446332160]
[3446332416, 3446336256]
[3446336512, 3446340352]
[3446340608, 3446344448]
[3446344704, 3446348544]
[3446348800, 3446352640]
[3446352896, 3446356736]
[3446356992, 3446360832]
[3446361088, 3446364928]
[3446365184, 3446369024]
[3446369280, 3446373120]
[3446373376, 3446377216]
[3446377472, 3446381312]
[3446381568, 3446385408]
[3446385664, 3446389504]
[3446389760, 3446393600]
[3446393856, 3446397696]
[3446397952, 3446401792]
[3446402048, 3446405888]
[3446406144, 3446409984]
[3446410240, 3446414080]
[3446414336, 3446418176]
[3446418432, 3446422272]
[3446422528, 3446426368]
[3446426624, 3446430464]
[3446430720, 3446434560]
[3446434816, 3446438656]
[3446438912, 3446442752]
[3446443008, 3446446848]
[3446447104, 3446450944]
[3446451200, 3446455040]
[3446455296, 3446459136]
[3446459392, 3446463232]
[3446463488, 3446467328]
[3446467584, 3446471424]
[3446471680, 3446475520]
[3446475776, 3446479616]
[3446479872, 3446483712]
[3446483968, 3446487808]
[3446488064, 3446491904]
[3446492160, 3446496000]
[3446496256, 3446500096]
[3446500352, 3446504192]
[3446504448, 3446508288]
[3446508544, 3446512384]
[3446512640, 3446516480]
[3446516736, 3446520576]
[3446520832, 3446524672]
[3446524928, 3446528768]
[3446529024, 3446532864]
[3446533120, 3446536960]
[3446537216, 3446541056]
[3446541312, 3446545152]
[3446545408, 3446549248]
[3446549504, 3446553344]
[3446553600, 3446557440]
[3446557696, 3446561536]
[3446561792, 3446565632]
[3446565888, 3446569728]
[3446569984, 3446573824]
[3446574080, 3446577920]
[3446578176, 3446582016]
[3446582272, 3446586112]
[3446586368, 3446590208]
[3446590464, 3446594304]
[3446594560, 3446598400]
[3446598656, 3446602496]
[3446602752, 3446606592]
[3446606848, 3446610688]
[3446610944, 3446614784]
[3446615040, 3446618880]
[3446619136, 3446622976]
[3446623232, 3446627072]
[3446627328, 3446631168]
[3446631424, 3446635264]
[3446635520, 3446639360]
[3446639616, 3446643456]
[3446643712, 3446647552]
[3446647808, 3446651648]
[3446651904, 3446655744]
[3446656000, 3446659840]
[3446660096, 3446663936]
[3446664192, 3446668032]
[3446668288, 3446672128]
[3446672384, 3446676224]
[3446676480, 3446680320]
[3446680576, 3446684416]
[3446684672, 3446688512]
[3446688768, 3446692608]
[3446692864, 3446696704]
[3446696960, 3446700800]
[3446701056, 3446704896]
[3446705152, 3446708992]
[3446709248, 3446713088]
[3446713344, 3446717184]
[3446717440, 3446721280]
[3446721536, 3446725376]
[3446725632, 3446729472]
[3446729728, 3446733568]
[3446733824, 3446737664]
[3446737920, 3446741760]
[3446742016, 3446745856]
[3446746112, 3446749952]
[3446750208, 3446754048]
[3446754304, 3446758144]
[3446758400, 3446762240]
[3446762496, 3446766336]
[3446766592, 3446770432]
[3446770688, 3446774528]
[3446774784, 3446778624]
[3446778880, 3446782720]
[3446782976, 3446786816]
[3446787072, 3446790912]
[3446791168, 3446795008]
[3446795264, 3446799104]
[3446799360, 3446803200]
[3446803456, 3446807296]
[3446807552, 3446811392]
[3446811648, 3446815488]
[3446815744, 3446819584]
[3446819840, 3446823680]
[3446823936, 3446827776]
[3446828032, 3446831872]
[3446832128, 3446835968]
[3446836224, 3446840064]
[3446840320, 3446844160]
[3446844416, 3446848256]
[3446848512, 3446852352]
[3446852608, 3446856448]
[3446856704, 3446860544]
[3446860800, 3446864640]
[3446864896, 3446868736]
[3446868992, 3446872832]
[3446873088, 3446876928]
[3446877184, 3446881024]
[3446881280, 3446885120]
[3446885376, 3446889216]
[3446889472, 3446893312]
[3446893568, 3446897408]
[3446897664, 3446901504]
[3446901760, 3446905600]
[3446905856, 3446909696]
[3446909952, 3446913792]
[3446914048, 3446917888]
[3446918144, 3446921984]
[3446922240, 3446926080]
[3446926336, 3446930176]
[3446930432, 3446934272]
[3446934528, 3446938368]
[3446938624, 3446942464]
[3446942720, 3446946560]
[3446946816, 3446950656]
[3446950912, 3446954752]
[3446955008, 3446958848]
[3446959104, 3446962944]
[3446963200, 3446967040]
[3446967296, 3446971136]
[3446971392, 3446975232]
[3446975488, 3446979328]
[3446979584, 3446983424]
[3446983680, 3446987520]
[3446987776, 3446991616]
[3446991872, 3446995712]
[3446995968, 3446999808]
[3447000064, 3447003904]
[3447004160, 3447008000]
[3447008256, 3447012096]
[3447012352, 3447016192]
[3447016448, 3447020288]
[3447020544, 3447024384]
[3447024640, 3447028480]
[3447028736, 3447032576]
[3447032832, 3447036672]
[3447036928, 3447040768]
[3447041024, 3447044864]
[3447045120, 3447048960]
[3447049216, 3447053056]
[3447053312, 3447057152]
[3447057408, 3447061248]
[3447061504, 3447065344]
[3447065600, 3447069440]
[3447069696, 3447073536]
[3447073792, 3447077632]
[3447077888, 3447081728]
[3447081984, 3447085824]
[3447086080, 3447089920]
[3447090176, 3447094016]
[3447094272, 3447098112]
[3447098368, 3447102208]
[3447102464, 3447106304]
[3447106560, 3447110400]
[3447110656, 3447114496]
[3447114752, 3447118592]
[3447118848, 3447122688]
[3447122944, 3447126784]
[3447127040, 3447130880]
[3447131136, 3447134976]
[3447135232, 3447139072]
[3447139328, 3447143168]
[3447143424, 3447147264]
[3447147520, 3447151360]
[3447151616, 3447155456]
[3447155712, 3447159552]
[3447159808, 3447163648]
[3447163904, 3447167744]
[3447168000, 3447171840]
[3447172096, 3447175936]
[3447176192, 3447180032]
[3447180288, 3447184128]
[3447184384, 3447188224]
[3447188480, 3447192320]
[3447192576, 3447196416]
[3447196672, 3447200512]
[3447200768, 3447204608]
[3447204864, 3447208704]
[3447208960, 3447212800]
[3447213056, 3447216896]
[3447217152, 3447220992]
[3447221248, 3447225088]
[3447225344, 3447229184]
[3447229440, 3447233280]
[3447233536, 3447237376]
[3447237632, 3447241472]
[3447241728, 3447245568]
[3447245824, 3447249664]
[3447249920, 3447253760]
[3447254016, 3447257856]
[3447258112, 3447261952]
[3447262208, 3447266048]
[3447266304, 3447270144]
[3447270400, 3447274240]
[3447274496, 3447278336]
[3447278592, 3447282432]
[3447282688, 3447286528]
[3447286784, 3447290624]
[3447290880, 3447294720]
[3447294976, 3447298816]
[3447299072, 3447302912]
[3447303168, 3447307008]
[3447307264, 3447311104]
[3447311360, 3447315200]
[3447315456, 3447319296]
[3447319552, 3447323392]
[3447323648, 3447327488]
[3447327744, 3447331584]
[3447331840, 3447335680]
[3447335936, 3447339776]
[3447340032, 3447343872]
[3447344128, 3447347968]
[3447348224, 3447352064]
[3447352320, 3447356160]
[3447356416, 3447360256]
[3447360512, 3447364352]
[3447364608, 3447368448]
[3447368704, 3447372544]
[3447372800, 3447376640]
[3447376896, 3447380736]
[3447380992, 3447384832]
[3447385088, 3447388928]
[3447389184, 3447393024]
[3447393280, 3447397120]
[3447397376, 3447401216]
[3447401472, 3447405312]
[3447405568, 3447409408]
[3447409664, 3447413504]
[3447413760, 3447417600]
[3447417856, 3447421696]
[3447421952, 3447425792]
[3447426048, 3447429888]
[3447430144, 3447433984]
[3447434240, 3447438080]
[3447438336, 3447442176]
[3447442432, 3447446272]
[3447446528, 3447450368]
[3447450624, 3447454464]
[3447454720, 3447458560]
[3447458816, 3447462656]
[3447462912, 3447466752]
[3447467008, 3447470848]
[3447471104, 3447474944]
[3447475200, 3447479040]
[3447479296, 3447483136]
[3447483392, 3447487232]
[3447487488, 3447491328]
[3447491584, 3447495424]
[3447495680, 3447499520]
[3447499776, 3447503616]
[3447503872, 3447507712]
[3447507968, 3447511808]
[3447512064, 3447515904]
[3447516160, 3447520000]
[3447520256, 3447524096]
[3447524352, 3447528192]
[3447528448, 3447532288]
[3447532544, 3447536384]
[3447536640, 3447540480]
[3447540736, 3447544576]
[3447544832, 3447548672]
[3447548928, 3447552768]
[3447553024, 3447556864]
[3447557120, 3447560960]
[3447561216, 3447565056]
[3447565312, 3447569152]
[3447569408, 3447573248]
[3447573504, 3447577344]
[3447577600, 3447581440]
[3447581696, 3447585536]
[3447585792, 3447589632]
[3447589888, 3447593728]
[3447593984, 3447597824]
[3447598080, 3447601920]
[3447602176, 3447606016]
[3447606272, 3447610112]
[3447610368, 3447614208]
[3447614464, 3447618304]
[3447618560, 3447622400]
[3447622656, 3447626496]
[3447626752, 3447630592]
[3447630848, 3447634688]
[3447634944, 3447638784]
[3447639040, 3447642880]
[3447643136, 3447646976]
[3447647232, 3447651072]
[3447651328, 3447655168]
[3447655424, 3447659264]
[3447659520, 3447663360]
[3447663616, 3447667456]
[3447667712, 3447671552]
[3447671808, 3447675648]
[3447675904, 3447679744]
[3447680000, 3447683840]
[3447684096, 3447687936]
[3447688192, 3447692032]
[3447692288, 3447696128]
[3447696384, 3447700224]
[3447700480, 3447704320]
[3447704576, 3447708416]
[3447708672, 3447712512]
[3447712768, 3447716608]
[3447716864, 3447720192]
[3447720960, 3447724288]
[3447725056, 3447728384]
[3447729152, 3447732480]
[3447733248, 3447736576]
[3447737344, 3447740672]
[3447741440, 3447741952]
[3447742208, 3447744768]
[3447745536, 3447748864]
[3447749632, 3447752960]
[3447753728, 3447757056]
[3447757824, 3447761152]
[3447761920, 3447765248]
[3447766016, 3447769344]
[3447770112, 3447773440]
[3447774208, 3447777536]
[3447778304, 3447781632]
[3447782400, 3447785728]
[3447786496, 3447789824]
[3447790592, 3447793920]
[3447794688, 3447798016]
[3447798784, 3447802112]
[3447802880, 3447806208]
[3447806976, 3447807488]
[3447807744, 3447810304]
[3447811072, 3447814400]
[3447815168, 3447818496]
[3447819264, 3447822592]
[3447823360, 3447826688]
[3447827456, 3447830784]
[3447831552, 3447834880]
[3447835648, 3447838976]
[3447839744, 3447843072]
[3447843840, 3447847168]
[3447847936, 3447851264]
[3447852032, 3447855360]
[3447856128, 3447859456]
[3447860224, 3447863552]
[3447864320, 3447867648]
[3447868416, 3447871744]
[3447872512, 3447873024]
[3447873280, 3447875840]
[3447876608, 3447879936]
[3447880704, 3447884032]
[3447884800, 3447888128]
[3447888896, 3447892224]
[3447892992, 3447896320]
[3447897088, 3447900416]
[3447901184, 3447904512]
[3447905280, 3447908608]
[3447909376, 3447912704]
[3447913472, 3447916800]
[3447917568, 3447920896]
[3447921664, 3447924992]
[3447925760, 3447929088]
[3447929856, 3447933184]
[3447933952, 3447937280]
[3447938048, 3447938560]
[3447938816, 3447941376]
[3447942144, 3447945472]
[3447946240, 3447949568]
[3447950336, 3447953664]
[3447954432, 3447957760]
[3447958528, 3447961856]
[3447962624, 3447965952]
[3447966720, 3447970048]
[3447970816, 3447974144]
[3447974912, 3447978240]
[3447979008, 3447982336]
[3447983104, 3447986432]
[3447987200, 3447990528]
[3447991296, 3447994624]
[3447995392, 3447998720]
[3447999488, 3448002816]
[3448003584, 3448004096]
[3448004352, 3448006912]
[3448007680, 3448011008]
[3448011776, 3448015104]
[3448015872, 3448019200]
[3448019968, 3448023296]
[3448024064, 3448027392]
[3448028160, 3448031488]
[3448032256, 3448035584]
[3448036352, 3448039680]
[3448040448, 3448043776]
[3448044544, 3448047872]
[3448048640, 3448051968]
[3448052736, 3448056064]
[3448056832, 3448060160]
[3448060928, 3448064256]
[3448065024, 3448068352]
[3448069120, 3448069632]
[3448069888, 3448072448]
[3448073216, 3448076544]
[3448077312, 3448080640]
[3448081408, 3448084736]
[3448085504, 3448088832]
[3448089600, 3448092928]
[3448093696, 3448097024]
[3448097792, 3448101120]
[3448101888, 3448105216]
[3448105984, 3448109312]
[3448110080, 3448113408]
[3448114176, 3448117504]
[3448118272, 3448121600]
[3448122368, 3448125696]
[3448126464, 3448129792]
[3448130560, 3448133888]
[3448134656, 3448135168]
[3448135424, 3448137984]
[3448138752, 3448142080]
[3448142848, 3448146176]
[3448146944, 3448150272]
[3448151040, 3448154368]
[3448155136, 3448158464]
[3448159232, 3448162560]
[3448163328, 3448166656]
[3448167424, 3448170752]
[3448171520, 3448174848]
[3448175616, 3448178944]
[3448179712, 3448183040]
[3448183808, 3448187136]
[3448187904, 3448191232]
[3448192000, 3448195328]
[3448196096, 3448199424]
[3448200192, 3448200704]
[3448200960, 3448203520]
[3448204288, 3448207616]
[3448208384, 3448211712]
[3448212480, 3448215808]
[3448216576, 3448219904]
[3448220672, 3448224000]
[3448224768, 3448228096]
[3448228864, 3448232192]
[3448232960, 3448236288]
[3448237056, 3448240384]
[3448241152, 3448244480]
[3448245248, 3448248576]
[3448249344, 3448252672]
[3448253440, 3448256768]
[3448257536, 3448260864]
[3448261632, 3448264960]
[3448265728, 3448266240]
[3448266496, 3448269056]
[3448269824, 3448273152]
[3448273920, 3448277248]
[3448278016, 3448281344]
[3448282112, 3448285440]
[3448286208, 3448289536]
[3448290304, 3448293632]
[3448294400, 3448297728]
[3448298496, 3448301824]
[3448302592, 3448305920]
[3448306688, 3448310016]
[3448310784, 3448314112]
[3448314880, 3448318208]
[3448318976, 3448322304]
[3448323072, 3448326400]
[3448327168, 3448330496]
[3448331264, 3448331776]
[3448332032, 3448334592]
[3448335360, 3448338688]
[3448339456, 3448342784]
[3448343552, 3448346880]
[3448347648, 3448350976]
[3448351744, 3448355072]
[3448355840, 3448359168]
[3448359936, 3448363264]
[3448364032, 3448367360]
[3448368128, 3448371456]
[3448372224, 3448375552]
[3448376320, 3448379648]
[3448380416, 3448383744]
[3448384512, 3448387840]
[3448388608, 3448391936]
[3448392704, 3448396032]
[3448396800, 3448397312]
[3448397568, 3448400128]
[3448400896, 3448404224]
[3448404992, 3448408320]
[3448409088, 3448412416]
[3448413184, 3448416512]
[3448417280, 3448420608]
[3448421376, 3448424704]
[3448425472, 3448428800]
[3448429568, 3448432896]
[3448433664, 3448436992]
[3448437760, 3448441088]
[3448441856, 3448445184]
[3448445952, 3448449280]
[3448450048, 3448453376]
[3448454144, 3448457472]
[3448458240, 3448461568]
[3448462336, 3448462848]
[3448463104, 3448465664]
[3448466432, 3448469760]
[3448470528, 3448473856]
[3448474624, 3448477952]
[3448478720, 3448482048]
[3448482816, 3448486144]
[3448486912, 3448490240]
[3448491008, 3448494336]
[3448495104, 3448498432]
[3448499200, 3448502528]
[3448503296, 3448506624]
[3448507392, 3448510720]
[3448511488, 3448514816]
[3448515584, 3448518912]
[3448519680, 3448523008]
[3448523776, 3448527104]
[3448527872, 3448528384]
[3448528640, 3448531200]
[3448531968, 3448535296]
[3448536064, 3448539392]
[3448540160, 3448543488]
[3448544256, 3448547584]
[3448548352, 3448551680]
[3448552448, 3448555776]
[3448556544, 3448559872]
[3448560640, 3448563968]
[3448564736, 3448568064]
[3448568832, 3448572160]
[3448572928, 3448576256]
[3448577024, 3448580352]
[3448581120, 3448584448]
[3448585216, 3448588544]
[3448589312, 3448592640]
[3448593408, 3448593920]
[3448594176, 3448596736]
[3448597504, 3448600832]
[3448601600, 3448604928]
[3448605696, 3448609024]
[3448609792, 3448613120]
[3448613888, 3448617216]
[3448617984, 3448621312]
[3448622080, 3448625408]
[3448626176, 3448629504]
[3448630272, 3448633600]
[3448634368, 3448637696]
[3448638464, 3448641792]
[3448642560, 3448645888]
[3448646656, 3448649984]
[3448650752, 3448654080]
[3448654848, 3448658176]
[3448658944, 3448659456]
[3448659712, 3448662272]
[3448663040, 3448666368]
[3448667136, 3448670464]
[3448671232, 3448674560]
[3448675328, 3448678656]
[3448679424, 3448682752]
[3448683520, 3448686848]
[3448687616, 3448690944]
[3448691712, 3448695040]
[3448695808, 3448699136]
[3448699904, 3448703232]
[3448704000, 3448707328]
[3448708096, 3448711424]
[3448712192, 3448715520]
[3448716288, 3448719616]
[3448720384, 3448723712]
[3448724480, 3448724992]
[3448725248, 3448727808]
[3448728576, 3448731904]
[3448732672, 3448736000]
[3448736768, 3448740096]
[3448740864, 3448744192]
[3448744960, 3448748288]
[3448749056, 3448752384]
[3448753152, 3448756480]
[3448757248, 3448760576]
[3448761344, 3448764672]
[3448765440, 3448768768]
[3448769536, 3448772864]
[3448773632, 3448776960]
[3448777728, 3448781056]
[3448781824, 3448785152]
[3448785920, 3448789248]
[3448790016, 3448790528]
[3448790784, 3448793344]
[3448794112, 3448797440]
[3448798208, 3448801536]
[3448802304, 3448805632]
[3448806400, 3448809728]
[3448810496, 3448813824]
[3448814592, 3448817920]
[3448818688, 3448822016]
[3448822784, 3448826112]
[3448826880, 3448830208]
[3448830976, 3448834304]
[3448835072, 3448838400]
[3448839168, 3448842496]
[3448843264, 3448846592]
[3448847360, 3448850688]
[3448851456, 3448854784]
[3448855552, 3448856064]
[3448856320, 3448858880]
[3448859648, 3448862976]
[3448863744, 3448867072]
[3448867840, 3448871168]
[3448871936, 3448875264]
[3448876032, 3448879360]
[3448880128, 3448883456]
[3448884224, 3448887552]
[3448888320, 3448891648]
[3448892416, 3448895744]
[3448896512, 3448899840]
[3448900608, 3448903936]
[3448904704, 3448908032]
[3448908800, 3448912128]
[3448912896, 3448916224]
[3448916992, 3448920320]
[3448921088, 3448921600]
[3448921856, 3448924416]
[3448925184, 3448928512]
[3448929280, 3448932608]
[3448933376, 3448936704]
[3448937472, 3448940800]
[3448941568, 3448944896]
[3448945664, 3448948992]
[3448949760, 3448953088]
[3448953856, 3448957184]
[3448957952, 3448961280]
[3448962048, 3448965376]
[3448966144, 3448969472]
[3448970240, 3448973568]
[3448974336, 3448977664]
[3448978432, 3448981760]
[3448982528, 3448985856]
[3448986624, 3448987136]
[3448987392, 3448989952]
[3448990720, 3448994048]
[3448994816, 3448998144]
[3448998912, 3449002240]
[3449003008, 3449006336]
[3449007104, 3449010432]
[3449011200, 3449014528]
[3449015296, 3449018624]
[3449019392, 3449022720]
[3449023488, 3449026816]
[3449027584, 3449030912]
[3449031680, 3449035008]
[3449035776, 3449039104]
[3449039872, 3449043200]
[3449043968, 3449047296]
[3449048064, 3449051392]
[3449052160, 3449052672]
[3449052928, 3449055488]
[3449056256, 3449059584]
[3449060352, 3449063680]
[3449064448, 3449067776]
[3449068544, 3449071872]
[3449072640, 3449075968]
[3449076736, 3449080064]
[3449080832, 3449084160]
[3449084928, 3449088256]
[3449089024, 3449092352]
[3449093120, 3449096448]
[3449097216, 3449100544]
[3449101312, 3449104640]
[3449105408, 3449108736]
[3449109504, 3449112832]
[3449113600, 3449116928]
[3449117696, 3449118208]
[3449118464, 3449121024]
[3449121792, 3449125120]
[3449125888, 3449129216]
[3449129984, 3449133312]
[3449134080, 3449137408]
[3449138176, 3449141504]
[3449142272, 3449145600]
[3449146368, 3449149696]
[3449150464, 3449153792]
[3449154560, 3449157888]
[3449158656, 3449161984]
[3449162752, 3449166080]
[3449166848, 3449170176]
[3449170944, 3449174272]
[3449175040, 3449178368]
[3449179136, 3449182464]
[3449183232, 3449183744]
[3449184000, 3449186560]
[3449187328, 3449190656]
[3449191424, 3449194752]
[3449195520, 3449198848]
[3449199616, 3449202944]
[3449203712, 3449207040]
[3449207808, 3449211136]
[3449211904, 3449215232]
[3449216000, 3449219328]
[3449220096, 3449223424]
[3449224192, 3449227520]
[3449228288, 3449231616]
[3449232384, 3449235712]
[3449236480, 3449239808]
[3449240576, 3449243904]
[3449244672, 3449248000]
[3449248768, 3449249280]
[3449249536, 3449252096]
[3449252864, 3449256192]
[3449256960, 3449260288]
[3449261056, 3449264384]
[3449265152, 3449268480]
[3449269248, 3449272576]
[3449273344, 3449276672]
[3449277440, 3449280768]
[3449281536, 3449284864]
[3449285632, 3449288960]
[3449289728, 3449293056]
[3449293824, 3449297152]
[3449297920, 3449301248]
[3449302016, 3449305344]
[3449306112, 3449309440]
[3449310208, 3449313536]
[3449314304, 3449314816]
[3449315072, 3449317632]
[3449318400, 3449321728]
[3449322496, 3449325824]
[3449326592, 3449329920]
[3449330688, 3449334016]
[3449334784, 3449338112]
[3449338880, 3449342208]
[3449342976, 3449346304]
[3449347072, 3449350400]
[3449351168, 3449354496]
[3449355264, 3449358592]
[3449359360, 3449362688]
[3449363456, 3449366784]
[3449367552, 3449370880]
[3449371648, 3449374976]
[3449375744, 3449379072]
[3449379840, 3449380352]
[3449380608, 3449383168]
[3449383936, 3449387264]
[3449388032, 3449391360]
[3449392128, 3449395456]
[3449396224, 3449399552]
[3449400320, 3449403648]
[3449404416, 3449407744]
[3449408512, 3449411840]
[3449412608, 3449415936]
[3449416704, 3449420032]
[3449420800, 3449424128]
[3449424896, 3449428224]
[3449428992, 3449432320]
[3449433088, 3449436416]
[3449437184, 3449440512]
[3449441280, 3449444608]
[3449445376, 3449445888]
[3449446144, 3449448704]
[3449449472, 3449452800]
[3449453568, 3449456896]
[3449457664, 3449460992]
[3449461760, 3449465088]
[3449465856, 3449469184]
[3449469952, 3449473280]
[3449474048, 3449477376]
[3449478144, 3449481472]
[3449482240, 3449485568]
[3449486336, 3449489664]
[3449490432, 3449493760]
[3449494528, 3449497856]
[3449498624, 3449501952]
[3449502720, 3449506048]
[3449506816, 3449510144]
[3449510912, 3449511424]
[3449511680, 3449514240]
[3449515008, 3449518336]
[3449519104, 3449522432]
[3449523200, 3449526528]
[3449527296, 3449530624]
[3449531392, 3449534720]
[3449535488, 3449538816]
[3449539584, 3449542912]
[3449543680, 3449547008]
[3449547776, 3449551104]
[3449551872, 3449555200]
[3449555968, 3449559296]
[3449560064, 3449563392]
[3449564160, 3449567488]
[3449568256, 3449571584]
[3449572352, 3449575680]
[3449576448, 3449576960]
[3449577216, 3449579776]
[3449580544, 3449583872]
[3449584640, 3449587968]
[3449588736, 3449592064]
[3449592832, 3449596160]
[3449596928, 3449600256]
[3449601024, 3449604352]
[3449605120, 3449608448]
[3449609216, 3449612544]
[3449613312, 3449616640]
[3449617408, 3449620736]
[3449621504, 3449624832]
[3449625600, 3449628928]
[3449629696, 3449633024]
[3449633792, 3449637120]
[3449637888, 3449641216]
[3449641984, 3449642496]
[3449642752, 3449645312]
[3449646080, 3449649408]
[3449650176, 3449653504]
[3449654272, 3449657600]
[3449658368, 3449661696]
[3449662464, 3449665792]
[3449666560, 3449669888]
[3449670656, 3449673984]
[3449674752, 3449678080]
[3449678848, 3449682176]
[3449682944, 3449686272]
[3449687040, 3449690368]
[3449691136, 3449694464]
[3449695232, 3449698560]
[3449699328, 3449702656]
[3449703424, 3449706752]
[3449707520, 3449708032]
[3449708288, 3449710848]
[3449711616, 3449714944]
[3449715712, 3449719040]
[3449719808, 3449723136]
[3449723904, 3449727232]
[3449728000, 3449731328]
[3449732096, 3449735424]
[3449736192, 3449739520]
[3449740288, 3449743616]
[3449744384, 3449747712]
[3449748480, 3449751808]
[3449752576, 3449755904]
[3449756672, 3449760000]
[3449760768, 3449764096]
[3449764864, 3449768192]
[3449768960, 3449772288]
[3449773056, 3449776384]
[3449777152, 3449780480]
[3449781248, 3449784576]
[3449785344, 3449788672]
[3449789440, 3449792768]
[3449793536, 3449796864]
[3449797632, 3449800960]
[3449801728, 3449805056]
[3449805824, 3449809152]
[3449809920, 3449813248]
[3449814016, 3449839104]
[3449839360, 3449904640]
[3449904896, 3449970176]
[3449970432, 3450035712]
[3450035968, 3450101248]
[3450101504, 3450166784]
[3450167040, 3450232320]
[3450232576, 3450297856]
[3450298112, 3450363392]
[3450363648, 3450428928]
[3450429184, 3450494464]
[3450494720, 3450560000]
[3450560256, 3450625536]
[3450625792, 3450691072]
[3450691328, 3450756608]
[3450756864, 3450822144]
[3450822400, 3450887680]
[3450887936, 3450953216]
[3450953472, 3451018752]
[3451019008, 3451084288]
[3451084544, 3451149824]
[3451150080, 3451215360]
[3451215616, 3451280896]
[3451281152, 3451346432]
[3451346688, 3451411968]
[3451412224, 3451477504]
[3451477760, 3451543040]
[3451543296, 3451608576]
[3451608832, 3451674112]
[3451674368, 3451739648]
[3451739904, 3451805184]
[3451805440, 3451870720]
[3451870976, 3451914496]
[3451915264, 3451918592]
[3451919360, 3451922688]
[3451923456, 3451926784]
[3451927552, 3451930880]
[3451931648, 3451934976]
[3451935744, 3451939072]
[3451939840, 3451943168]
[3451943936, 3451947264]
[3451948032, 3451951360]
[3451952128, 3451955456]
[3451956224, 3451959552]
[3451960320, 3451963648]
[3451964416, 3451967744]
[3451968512, 3451971840]
[3451972608, 3451975936]
[3451976704, 3451980032]
[3451980800, 3451984128]
[3451984896, 3451988224]
[3451988992, 3451992320]
[3451993088, 3451996416]
[3451997184, 3452000512]
[3452001280, 3452004608]
[3452005376, 3452008704]
[3452009472, 3452012800]
[3452013568, 3452016896]
[3452017664, 3452020992]
[3452021760, 3452025088]
[3452025856, 3452029184]
[3452029952, 3452033280]
[3452034048, 3452037376]
[3452038144, 3452041472]
[3452042240, 3452045568]
[3452046336, 3452049664]
[3452050432, 3452053760]
[3452054528, 3452057856]
[3452058624, 3452061952]
[3452062720, 3452066048]
[3452066816, 3452070144]
[3452070912, 3452074240]
[3452075008, 3452078336]
[3452079104, 3452082432]
[3452083200, 3452086528]
[3452087296, 3452090624]
[3452091392, 3452094720]
[3452095488, 3452098816]
[3452099584, 3452102912]
[3452103680, 3452107008]
[3452107776, 3452111104]
[3452111872, 3452115200]
[3452115968, 3452119296]
[3452120064, 3452123392]
[3452124160, 3452127488]
[3452128256, 3452131584]
[3452132352, 3452135680]
[3452136448, 3452139776]
[3452140544, 3452143872]
[3452144640, 3452147968]
[3452148736, 3452152064]
[3452152832, 3452156160]
[3452156928, 3452160256]
[3452161024, 3452164352]
[3452165120, 3452168448]
[3452169216, 3452172544]
[3452173312, 3452176640]
[3452177408, 3452180736]
[3452181504, 3452184832]
[3452185600, 3452188928]
[3452189696, 3452193024]
[3452193792, 3452197120]
[3452197888, 3452201216]
[3452201984, 3452205312]
[3452206080, 3452209408]
[3452210176, 3452213504]
[3452214272, 3452217600]
[3452218368, 3452221696]
[3452222464, 3452225792]
[3452226560, 3452229888]
[3452230656, 3452233984]
[3452234752, 3452238080]
[3452238848, 3452242176]
[3452242944, 3452246272]
[3452247040, 3452250368]
[3452251136, 3452254464]
[3452255232, 3452258560]
[3452259328, 3452262656]
[3452263424, 3452266752]
[3452267520, 3452270848]
[3452271616, 3452274944]
[3452275712, 3452279040]
[3452279808, 3452283136]
[3452283904, 3452287232]
[3452288000, 3452291328]
[3452292096, 3452295424]
[3452296192, 3452299520]
[3452300288, 3452303616]
[3452304384, 3452307712]
[3452308480, 3452311808]
[3452312576, 3452315904]
[3452316672, 3452320000]
[3452320768, 3452324096]
[3452324864, 3452328192]
[3452328960, 3452332288]
[3452333056, 3452336384]
[3452337152, 3452340480]
[3452341248, 3452344576]
[3452345344, 3452348672]
[3452349440, 3452352768]
[3452353536, 3452356864]
[3452357632, 3452360960]
[3452361728, 3452365056]
[3452365824, 3452369152]
[3452369920, 3452373248]
[3452374016, 3452377344]
[3452378112, 3452381440]
[3452382208, 3452385536]
[3452386304, 3452389632]
[3452390400, 3452393728]
[3452394496, 3452397824]
[3452398592, 3452401920]
[3452402688, 3452406016]
[3452406784, 3452410112]
[3452410880, 3452414208]
[3452414976, 3452418304]
[3452419072, 3452422400]
[3452423168, 3452426496]
[3452427264, 3452430592]
[3452431360, 3452434688]
[3452435456, 3452438784]
[3452439552, 3452442880]
[3452443648, 3452446976]
[3452447744, 3452451072]
[3452451840, 3452455168]
[3452455936, 3452459264]
[3452460032, 3452463360]
[3452464128, 3452467456]
[3452468224, 3452471552]
[3452472320, 3452475648]
[3452476416, 3452479744]
[3452480512, 3452483840]
[3452484608, 3452487936]
[3452488704, 3452492032]
[3452492800, 3452496128]
[3452496896, 3452500224]
[3452500992, 3452504320]
[3452505088, 3452508416]
[3452509184, 3452512512]
[3452513280, 3452516608]
[3452517376, 3452520704]
[3452521472, 3452524800]
[3452525568, 3452528896]
[3452529664, 3452532992]
[3452533760, 3452537088]
[3452537856, 3452541184]
[3452541952, 3452545280]
[3452546048, 3452549376]
[3452550144, 3452553472]
[3452554240, 3452557568]
[3452558336, 3452561664]
[3452562432, 3452565760]
[3452566528, 3452569856]
[3452570624, 3452573952]
[3452574720, 3452578048]
[3452578816, 3452582144]
[3452582912, 3452586240]
[3452587008, 3452590336]
[3452591104, 3452594432]
[3452595200, 3452598528]
[3452599296, 3452602624]
[3452603392, 3452606720]
[3452607488, 3452610816]
[3452611584, 3452614912]
[3452615680, 3452619008]
[3452619776, 3452623104]
[3452623872, 3452627200]
[3452627968, 3452631296]
[3452632064, 3452635392]
[3452636160, 3452639488]
[3452640256, 3452643584]
[3452644352, 3452647680]
[3452648448, 3452651776]
[3452652544, 3452655872]
[3452656640, 3452659968]
[3452660736, 3452664064]
[3452664832, 3452668160]
[3452668928, 3452672256]
[3452673024, 3452676352]
[3452677120, 3452680448]
[3452681216, 3452684544]
[3452685312, 3452688640]
[3452689408, 3452692736]
[3452693504, 3452696832]
[3452697600, 3452700928]
[3452701696, 3452705024]
[3452705792, 3452709120]
[3452709888, 3452713216]
[3452713984, 3452717312]
[3452718080, 3452721408]
[3452722176, 3452725504]
[3452726272, 3452729600]
[3452730368, 3452733696]
[3452734464, 3452737792]
[3452738560, 3452741888]
[3452742656, 3452745984]
[3452746752, 3452750080]
[3452750848, 3452754176]
[3452754944, 3452758272]
[3452759040, 3452762368]
[3452763136, 3452766464]
[3452767232, 3452770560]
[3452771328, 3452774656]
[3452775424, 3452778752]
[3452779520, 3452782848]
[3452783616, 3452786944]
[3452787712, 3452791040]
[3452791808, 3452795136]
[3452795904, 3452799232]
[3452800000, 3452803328]
[3452804096, 3452807424]
[3452808192, 3452811520]
[3452812288, 3452815616]
[3452816384, 3452819712]
[3452820480, 3452823808]
[3452824576, 3452827904]
[3452828672, 3452832000]
[3452832768, 3452836096]
[3452836864, 3452840192]
[3452840960, 3452844288]
[3452845056, 3452848384]
[3452849152, 3452852480]
[3452853248, 3452856576]
[3452857344, 3452860672]
[3452861440, 3452864768]
[3452865536, 3452868864]
[3452869632, 3452872960]
[3452873728, 3452877056]
[3452877824, 3452881152]
[3452881920, 3452885248]
[3452886016, 3452889344]
[3452890112, 3452893440]
[3452894208, 3452897536]
[3452898304, 3452901632]
[3452902400, 3452905728]
[3452906496, 3452909824]
[3452910592, 3452913920]
[3452914688, 3452918016]
[3452918784, 3452922112]
[3452922880, 3452926208]
[3452926976, 3452930304]
[3452931072, 3452934400]
[3452935168, 3452938496]
[3452939264, 3452942592]
[3452943360, 3452946688]
[3452947456, 3452950784]
[3452951552, 3452954880]
[3452955648, 3452958976]
[3452959744, 3452963072]
[3452963840, 3452967168]
[3452967936, 3452971264]
[3452972032, 3452975360]
[3452976128, 3452979456]
[3452980224, 3452983552]
[3452984320, 3452987648]
[3452988416, 3452991744]
[3452992512, 3452995840]
[3452996608, 3452999936]
[3453000704, 3453004032]
[3453004800, 3453008128]
[3453008896, 3453012224]
[3453012992, 3453016320]
[3453017088, 3453020416]
[3453021184, 3453024512]
[3453025280, 3453028608]
[3453029376, 3453032704]
[3453033472, 3453036800]
[3453037568, 3453040896]
[3453041664, 3453044992]
[3453045760, 3453049088]
[3453049856, 3453053184]
[3453053952, 3453057280]
[3453058048, 3453061376]
[3453062144, 3453065472]
[3453066240, 3453069568]
[3453070336, 3453073664]
[3453074432, 3453077760]
[3453078528, 3453081856]
[3453082624, 3453085952]
[3453086720, 3453090048]
[3453090816, 3453094144]
[3453094912, 3453098240]
[3453099008, 3453102336]
[3453103104, 3453106432]
[3453107200, 3453110528]
[3453111296, 3453114624]
[3453115392, 3453118720]
[3453119488, 3453122816]
[3453123584, 3453126912]
[3453127680, 3453131008]
[3453131776, 3453135104]
[3453135872, 3453139200]
[3453139968, 3453143296]
[3453144064, 3453147392]
[3453148160, 3453151488]
[3453152256, 3453155584]
[3453156352, 3453159680]
[3453160448, 3453163776]
[3453164544, 3453167872]
[3453168640, 3453171968]
[3453172736, 3453176064]
[3453176832, 3453180160]
[3453180928, 3453184256]
[3453185024, 3453188352]
[3453189120, 3453192448]
[3453193216, 3453196544]
[3453197312, 3453200640]
[3453201408, 3453204736]
[3453205504, 3453208832]
[3453209600, 3453212928]
[3453213696, 3453217024]
[3453217792, 3453221120]
[3453221888, 3453225216]
[3453225984, 3453229312]
[3453230080, 3453233408]
[3453234176, 3453237504]
[3453238272, 3453241600]
[3453242368, 3453245696]
[3453246464, 3453249792]
[3453250560, 3453253888]
[3453254656, 3453257984]
[3453258752, 3453262080]
[3453262848, 3453266176]
[3453266944, 3453270272]
[3453271040, 3453274368]
[3453275136, 3453278464]
[3453279232, 3453282560]
[3453283328, 3453286656]
[3453287424, 3453290752]
[3453291520, 3453294848]
[3453295616, 3453298944]
[3453299712, 3453303040]
[3453303808, 3453307136]
[3453307904, 3453311232]
[3453312000, 3453315328]
[3453316096, 3453319424]
[3453320192, 3453323520]
[3453324288, 3453327616]
[3453328384, 3453331712]
[3453332480, 3453335808]
[3453336576, 3453339904]
[3453340672, 3453344000]
[3453344768, 3453348096]
[3453348864, 3453352192]
[3453352960, 3453356288]
[3453357056, 3453360384]
[3453361152, 3453364480]
[3453365248, 3453368576]
[3453369344, 3453372672]
[3453373440, 3453376768]
[3453377536, 3453380864]
[3453381632, 3453384960]
[3453385728, 3453389056]
[3453389824, 3453393152]
[3453393920, 3453397248]
[3453398016, 3453401344]
[3453402112, 3453405440]
[3453406208, 3453409536]
[3453410304, 3453413632]
[3453414400, 3453417728]
[3453418496, 3453421824]
[3453422592, 3453425920]
[3453426688, 3453430016]
[3453430784, 3453434112]
[3453434880, 3453438208]
[3453438976, 3453442304]
[3453443072, 3453446400]
[3453447168, 3453450496]
[3453451264, 3453454592]
[3453455360, 3453458688]
[3453459456, 3453462784]
[3453463552, 3453466880]
[3453467648, 3453470976]
[3453471744, 3453475072]
[3453475840, 3453479168]
[3453479936, 3453483264]
[3453484032, 3453487360]
[3453488128, 3453491456]
[3453492224, 3453495552]
[3453496320, 3453499648]
[3453500416, 3453503744]
[3453504512, 3453507840]
[3453508608, 3453511936]
[3453512704, 3453516032]
[3453516800, 3453520128]
[3453520896, 3453524224]
[3453524992, 3453528320]
[3453529088, 3453532416]
[3453533184, 3453536512]
[3453537280, 3453540608]
[3453541376, 3453544704]
[3453545472, 3453548800]
[3453549568, 3453552896]
[3453553664, 3453556992]
[3453557760, 3453561088]
[3453561856, 3453565184]
[3453565952, 3453569280]
[3453570048, 3453573376]
[3453574144, 3453577472]
[3453578240, 3453581568]
[3453582336, 3453585664]
[3453586432, 3453589760]
[3453590528, 3453593856]
[3453594624, 3453597952]
[3453598720, 3453602048]
[3453602816, 3453606144]
[3453606912, 3453610240]
[3453611008, 3453614336]
[3453615104, 3453618432]
[3453619200, 3453622528]
[3453623296, 3453626624]
[3453627392, 3453630720]
[3453631488, 3453634816]
[3453635584, 3453638912]
[3453639680, 3453643008]
[3453643776, 3453647104]
[3453647872, 3453651200]
[3453651968, 3453655296]
[3453656064, 3453659392]
[3453660160, 3453663488]
[3453664256, 3453667584]
[3453668352, 3453671680]
[3453672448, 3453675776]
[3453676544, 3453679872]
[3453680640, 3453683968]
[3453684736, 3453688064]
[3453688832, 3453692160]
[3453692928, 3453696256]
[3453697024, 3453700352]
[3453701120, 3453704448]
[3453705216, 3453708544]
[3453709312, 3453712640]
[3453713408, 3453716736]
[3453717504, 3453720832]
[3453721600, 3453724928]
[3453725696, 3453729024]
[3453729792, 3453733120]
[3453733888, 3453737216]
[3453737984, 3453741312]
[3453742080, 3453745408]
[3453746176, 3453749504]
[3453750272, 3453753600]
[3453754368, 3453757696]
[3453758464, 3453761792]
[3453762560, 3453765888]
[3453766656, 3453769984]
[3453770752, 3453774080]
[3453774848, 3453778176]
[3453778944, 3453782272]
[3453783040, 3453786368]
[3453787136, 3453790464]
[3453791232, 3453794560]
[3453795328, 3453798656]
[3453799424, 3453802752]
[3453803520, 3453806848]
[3453807616, 3453810944]
[3453811712, 3453815040]
[3453815808, 3453819136]
[3453819904, 3453823232]
[3453824000, 3453827328]
[3453828096, 3453831424]
[3453832192, 3453835520]
[3453836288, 3453839616]
[3453840384, 3453843712]
[3453844480, 3453847808]
[3453848576, 3453851904]
[3453852672, 3453856000]
[3453856768, 3453860096]
[3453860864, 3453864192]
[3453864960, 3453868288]
[3453869056, 3453872384]
[3453873152, 3453876480]
[3453877248, 3453880576]
[3453881344, 3453884672]
[3453885440, 3453888768]
[3453889536, 3453892864]
[3453893632, 3453896960]
[3453897728, 3453901056]
[3453901824, 3453905152]
[3453905920, 3453909248]
[3453910016, 3453913344]
[3453914112, 3453917440]
[3453918208, 3453921536]
[3453922304, 3453925632]
[3453926400, 3453929728]
[3453930496, 3453933824]
[3453934592, 3453937920]
[3453938688, 3453942016]
[3453942784, 3453946112]
[3453946880, 3453950208]
[3453950976, 3453954304]
[3453955072, 3453958400]
[3453959168, 3453962496]
[3453963264, 3453966592]
[3453967360, 3453970688]
[3453971456, 3453974784]
[3453975552, 3453978880]
[3453979648, 3453982976]
[3453983744, 3453987072]
[3453987840, 3453991168]
[3453991936, 3453995264]
[3453996032, 3453999360]
[3454000128, 3454003456]
[3454004224, 3454007552]
[3454008320, 3456106496]
