[3707764736, 3707767040]
[3707767808, 3707771136]
[3707771904, 3707775232]
[3707776000, 3707779328]
[3707780096, 3707783424]
[3707784192, 3707787520]
[3707788288, 3707788800]
[3707789056, 3707791616]
[3707792384, 3707795712]
[3707796480, 3707799808]
[3707800576, 3707803904]
[3707804672, 3707808000]
[3707808768, 3707812096]
[3707812864, 3707816192]
[3707816960, 3707820288]
[3707821056, 3707824384]
[3707825152, 3707828480]
[3707829248, 3707832576]
[3707833344, 3707836672]
[3707837440, 3707840768]
[3707841536, 3707844864]
[3707845632, 3707848960]
[3707849728, 3707853056]
[3707853824, 3707854336]
[3707854592, 3707857152]
[3707857920, 3707861248]
[3707862016, 3707865344]
[3707866112, 3707869440]
[3707870208, 3707873536]
[3707874304, 3707877632]
[3707878400, 3707881728]
[3707882496, 3707885824]
[3707886592, 3707889920]
[3707890688, 3707894016]
[3707894784, 3707898112]
[3707898880, 3707902208]
[3707902976, 3707906304]
[3707907072, 3707910400]
[3707911168, 3707914496]
[3707915264, 3707918592]
[3707919360, 3707919872]
[3707920128, 3707922688]
[3707923456, 3707926784]
[3707927552, 3707930880]
[3707931648, 3707934976]
[3707935744, 3707939072]
[3707939840, 3707943168]
[3707943936, 3707947264]
[3707948032, 3707951360]
[3707952128, 3707955456]
[3707956224, 3707959552]
[3707960320, 3707963648]
[3707964416, 3707967744]
[3707968512, 3707971840]
[3707972608, 3707975936]
[3707976704, 3707980032]
[3707980800, 3707984128]
[3707984896, 3707985408]
[3707985664, 3707988224]
[3707988992, 3707992320]
[3707993088, 3707996416]
[3707997184, 3708000512]
[3708001280, 3708004608]
[3708005376, 3708008704]
[3708009472, 3708012800]
[3708013568, 3708016896]
[3708017664, 3708020992]
[3708021760, 3708025088]
[3708025856, 3708029184]
[3708029952, 3708033280]
[3708034048, 3708037376]
[3708038144, 3708041472]
[3708042240, 3708045568]
[3708046336, 3708049664]
[3708050432, 3708050944]
[3708051200, 3708053760]
[3708054528, 3708057856]
[3708058624, 3708061952]
[3708062720, 3708066048]
[3708066816, 3708070144]
[3708070912, 3708074240]
[3708075008, 3708078336]
[3708079104, 3708082432]
[3708083200, 3708086528]
[3708087296, 3708090624]
[3708091392, 3708094720]
[3708095488, 3708098816]
[3708099584, 3708102912]
[3708103680, 3708107008]
[3708107776, 3708111104]
[3708111872, 3708115200]
[3708115968, 3708116480]
[3708116736, 3708119296]
[3708120064, 3708123392]
[3708124160, 3708127488]
[3708128256, 3708131584]
[3708132352, 3708135680]
[3708136448, 3708139776]
[3708140544, 3708143872]
[3708144640, 3708147968]
[3708148736, 3708152064]
[3708152832, 3708156160]
[3708156928, 3708160256]
[3708161024, 3708164352]
[3708165120, 3708168448]
[3708169216, 3708172544]
[3708173312, 3708176640]
[3708177408, 3708180736]
[3708181504, 3708182016]
[3708182272, 3708184832]
[3708185600, 3708188928]
[3708189696, 3708193024]
[3708193792, 3708197120]
[3708197888, 3708201216]
[3708201984, 3708205312]
[3708206080, 3708209408]
[3708210176, 3708213504]
[3708214272, 3708217600]
[3708218368, 3708221696]
[3708222464, 3708225792]
[3708226560, 3708229888]
[3708230656, 3708233984]
[3708234752, 3708238080]
[3708238848, 3708242176]
[3708242944, 3708246272]
[3708247040, 3708247552]
[3708247808, 3708250368]
[3708251136, 3708254464]
[3708255232, 3708258560]
[3708259328, 3708262656]
[3708263424, 3708266752]
[3708267520, 3708270848]
[3708271616, 3708274944]
[3708275712, 3708279040]
[3708279808, 3708283136]
[3708283904, 3708287232]
[3708288000, 3708291328]
[3708292096, 3708295424]
[3708296192, 3708299520]
[3708300288, 3708303616]
[3708304384, 3708307712]
[3708308480, 3708311808]
[3708312576, 3708313088]
[3708313344, 3708315904]
[3708316672, 3708320000]
[3708320768, 3708324096]
[3708324864, 3708328192]
[3708328960, 3708332288]
[3708333056, 3708336384]
[3708337152, 3708340480]
[3708341248, 3708344576]
[3708345344, 3708348672]
[3708349440, 3708352768]
[3708353536, 3708356864]
[3708357632, 3708360960]
[3708361728, 3708365056]
[3708365824, 3708369152]
[3708369920, 3708373248]
[3708374016, 3708377344]
[3708378112, 3708378624]
[3708378880, 3708381440]
[3708382208, 3708385536]
[3708386304, 3708389632]
[3708390400, 3708393728]
[3708394496, 3708397824]
[3708398592, 3708401920]
[3708402688, 3708406016]
[3708406784, 3708410112]
[3708410880, 3708414208]
[3708414976, 3708418304]
[3708419072, 3708422400]
[3708423168, 3708426496]
[3708427264, 3708430592]
[3708431360, 3708434688]
[3708435456, 3708438784]
[3708439552, 3708442880]
[3708443648, 3708444160]
[3708444416, 3708446976]
[3708447744, 3708451072]
[3708451840, 3708455168]
[3708455936, 3708459264]
[3708460032, 3708463360]
[3708464128, 3708467456]
[3708468224, 3708471552]
[3708472320, 3708475648]
[3708476416, 3708479744]
[3708480512, 3708483840]
[3708484608, 3708487936]
[3708488704, 3708492032]
[3708492800, 3708496128]
[3708496896, 3708500224]
[3708500992, 3708504320]
[3708505088, 3708508416]
[3708509184, 3708509696]
[3708509952, 3708512512]
[3708513280, 3708516608]
[3708517376, 3708520704]
[3708521472, 3708524800]
[3708525568, 3708528896]
[3708529664, 3708532992]
[3708533760, 3708537088]
[3708537856, 3708541184]
[3708541952, 3708545280]
[3708546048, 3708549376]
[3708550144, 3708553472]
[3708554240, 3708557568]
[3708558336, 3708561664]
[3708562432, 3708565760]
[3708566528, 3708569856]
[3708570624, 3708573952]
[3708574720, 3708575232]
[3708575488, 3708578048]
[3708578816, 3708582144]
[3708582912, 3708586240]
[3708587008, 3708590336]
[3708591104, 3708594432]
[3708595200, 3708598528]
[3708599296, 3708602624]
[3708603392, 3708606720]
[3708607488, 3708610816]
[3708611584, 3708614912]
[3708615680, 3708619008]
[3708619776, 3708623104]
[3708623872, 3708627200]
[3708627968, 3708631296]
[3708632064, 3708635392]
[3708636160, 3708639488]
[3708640256, 3708640768]
[3708641024, 3708643584]
[3708644352, 3708647680]
[3708648448, 3708651776]
[3708652544, 3708655872]
[3708656640, 3708659968]
[3708660736, 3708664064]
[3708664832, 3708668160]
[3708668928, 3708672256]
[3708673024, 3708676352]
[3708677120, 3708680448]
[3708681216, 3708684544]
[3708685312, 3708688640]
[3708689408, 3708692736]
[3708693504, 3708696832]
[3708697600, 3708700928]
[3708701696, 3708705024]
[3708705792, 3708706304]
[3708706560, 3708709120]
[3708709888, 3708713216]
[3708713984, 3708717312]
[3708718080, 3708721408]
[3708722176, 3708725504]
[3708726272, 3708729600]
[3708730368, 3708733696]
[3708734464, 3708737792]
[3708738560, 3708741888]
[3708742656, 3708745984]
[3708746752, 3708750080]
[3708750848, 3708754176]
[3708754944, 3708758272]
[3708759040, 3708762368]
[3708763136, 3708766464]
[3708767232, 3708770560]
[3708771328, 3708771840]
[3708772096, 3708774656]
[3708775424, 3708778752]
[3708779520, 3708782848]
[3708783616, 3708786944]
[3708787712, 3708791040]
[3708791808, 3708795136]
[3708795904, 3708799232]
[3708800000, 3708803328]
[3708804096, 3708807424]
[3708808192, 3708811520]
[3708812288, 3708815616]
[3708816384, 3708819712]
[3708820480, 3708823808]
[3708824576, 3708827904]
[3708828672, 3708832000]
[3708832768, 3708836096]
[3708836864, 3708837376]
[3708837632, 3708840192]
[3708840960, 3708844288]
[3708845056, 3708848384]
[3708849152, 3708852480]
[3708853248, 3708856576]
[3708857344, 3708860672]
[3708861440, 3708864768]
[3708865536, 3708868864]
[3708869632, 3708872960]
[3708873728, 3708877056]
[3708877824, 3708881152]
[3708881920, 3708885248]
[3708886016, 3708889344]
[3708890112, 3708893440]
[3708894208, 3708897536]
[3708898304, 3708901632]
[3708902400, 3708902912]
[3708903168, 3708905728]
[3708906496, 3708909824]
[3708910592, 3708913920]
[3708914688, 3708918016]
[3708918784, 3708922112]
[3708922880, 3708926208]
[3708926976, 3708930304]
[3708931072, 3708934400]
[3708935168, 3708938496]
[3708939264, 3708942592]
[3708943360, 3708946688]
[3708947456, 3708950784]
[3708951552, 3708954880]
[3708955648, 3708958976]
[3708959744, 3708963072]
[3708963840, 3708967168]
[3708967936, 3708968448]
[3708968704, 3708971264]
[3708972032, 3708975360]
[3708976128, 3708979456]
[3708980224, 3708983552]
[3708984320, 3708987648]
[3708988416, 3708991744]
[3708992512, 3708995840]
[3708996608, 3708999936]
[3709000704, 3709004032]
[3709004800, 3709008128]
[3709008896, 3709012224]
[3709012992, 3709016320]
[3709017088, 3709020416]
[3709021184, 3709024512]
[3709025280, 3709028608]
[3709029376, 3709032704]
[3709033472, 3709033984]
[3709034240, 3709036800]
[3709037568, 3709040896]
[3709041664, 3709044992]
[3709045760, 3709049088]
[3709049856, 3709053184]
[3709053952, 3709057280]
[3709058048, 3709061376]
[3709062144, 3709065472]
[3709066240, 3709069568]
[3709070336, 3709073664]
[3709074432, 3709077760]
[3709078528, 3709081856]
[3709082624, 3709085952]
[3709086720, 3709090048]
[3709090816, 3709094144]
[3709094912, 3709098240]
[3709099008, 3709099520]
[3709099776, 3709102336]
[3709103104, 3709106432]
[3709107200, 3709110528]
[3709111296, 3709114624]
[3709115392, 3709118720]
[3709119488, 3709122816]
[3709123584, 3709126912]
[3709127680, 3709131008]
[3709131776, 3709135104]
[3709135872, 3709139200]
[3709139968, 3709143296]
[3709144064, 3709147392]
[3709148160, 3709151488]
[3709152256, 3709155584]
[3709156352, 3709159680]
[3709160448, 3709163776]
[3709164544, 3709165056]
[3709165312, 3709167872]
[3709168640, 3709171968]
[3709172736, 3709176064]
[3709176832, 3709180160]
[3709180928, 3709184256]
[3709185024, 3709188352]
[3709189120, 3709192448]
[3709193216, 3709196544]
[3709197312, 3709200640]
[3709201408, 3709204736]
[3709205504, 3709208832]
[3709209600, 3709212928]
[3709213696, 3709217024]
[3709217792, 3709221120]
[3709221888, 3709225216]
[3709225984, 3709229312]
[3709230080, 3709230592]
[3709230848, 3709233408]
[3709234176, 3709237504]
[3709238272, 3709241600]
[3709242368, 3709245696]
[3709246464, 3709249792]
[3709250560, 3709253888]
[3709254656, 3709257984]
[3709258752, 3709262080]
[3709262848, 3709266176]
[3709266944, 3709270272]
[3709271040, 3709274368]
[3709275136, 3709278464]
[3709279232, 3709282560]
[3709283328, 3709286656]
[3709287424, 3709290752]
[3709291520, 3709294848]
[3709295616, 3709296128]
[3709296384, 3709298944]
[3709299712, 3709303040]
[3709303808, 3709307136]
[3709307904, 3709311232]
[3709312000, 3709315328]
[3709316096, 3709319424]
[3709320192, 3709323520]
[3709324288, 3709327616]
[3709328384, 3709331712]
[3709332480, 3709335808]
[3709336576, 3709339904]
[3709340672, 3709344000]
[3709344768, 3709348096]
[3709348864, 3709352192]
[3709352960, 3709356288]
[3709357056, 3709360384]
[3709361152, 3709361664]
[3709361920, 3709364480]
[3709365248, 3709368576]
[3709369344, 3709372672]
[3709373440, 3709376768]
[3709377536, 3709380864]
[3709381632, 3709384960]
[3709385728, 3709389056]
[3709389824, 3709393152]
[3709393920, 3709397248]
[3709398016, 3709401344]
[3709402112, 3709405440]
[3709406208, 3709409536]
[3709410304, 3709413632]
[3709414400, 3709417728]
[3709418496, 3709421824]
[3709422592, 3709425920]
[3709426688, 3709427200]
[3709427456, 3709430016]
[3709430784, 3709434112]
[3709434880, 3709438208]
[3709438976, 3709442304]
[3709443072, 3709446400]
[3709447168, 3709450496]
[3709451264, 3709454592]
[3709455360, 3709458688]
[3709459456, 3709462784]
[3709463552, 3709466880]
[3709467648, 3709470976]
[3709471744, 3709475072]
[3709475840, 3709479168]
[3709479936, 3709483264]
[3709484032, 3709487360]
[3709488128, 3709491456]
[3709492224, 3709492736]
[3709492992, 3709495552]
[3709496320, 3709499648]
[3709500416, 3709503744]
[3709504512, 3709507840]
[3709508608, 3709511936]
[3709512704, 3709516032]
[3709516800, 3709520128]
[3709520896, 3709524224]
[3709524992, 3709528320]
[3709529088, 3709532416]
[3709533184, 3709536512]
[3709537280, 3709540608]
[3709541376, 3709544704]
[3709545472, 3709548800]
[3709549568, 3709552896]
[3709553664, 3709556992]
[3709557760, 3709558272]
[3709558528, 3709561088]
[3709561856, 3709565184]
[3709565952, 3709569280]
[3709570048, 3709573376]
[3709574144, 3709577472]
[3709578240, 3709581568]
[3709582336, 3709585664]
[3709586432, 3709589760]
[3709590528, 3709593856]
[3709594624, 3709597952]
[3709598720, 3709602048]
[3709602816, 3709606144]
[3709606912, 3709610240]
[3709611008, 3709614336]
[3709615104, 3709618432]
[3709619200, 3709622528]
[3709623296, 3709623808]
[3709624064, 3709626624]
[3709627392, 3709630720]
[3709631488, 3709634816]
[3709635584, 3709638912]
[3709639680, 3709643008]
[3709643776, 3709647104]
[3709647872, 3709651200]
[3709651968, 3709655296]
[3709656064, 3709659392]
[3709660160, 3709663488]
[3709664256, 3709667584]
[3709668352, 3709671680]
[3709672448, 3709675776]
[3709676544, 3709679872]
[3709680640, 3709683968]
[3709684736, 3709688064]
[3709688832, 3709689344]
[3709689600, 3709692160]
[3709692928, 3709696256]
[3709697024, 3709700352]
[3709701120, 3709704448]
[3709705216, 3709708544]
[3709709312, 3709712640]
[3709713408, 3709716736]
[3709717504, 3709720832]
[3709721600, 3709724928]
[3709725696, 3709729024]
[3709729792, 3709733120]
[3709733888, 3709737216]
[3709737984, 3709741312]
[3709742080, 3709745408]
[3709746176, 3709749504]
[3709750272, 3709753600]
[3709754368, 3709754880]
[3709755136, 3709757696]
[3709758464, 3709761792]
[3709762560, 3709765888]
[3709766656, 3709769984]
[3709770752, 3709774080]
[3709774848, 3709778176]
[3709778944, 3709782272]
[3709783040, 3709786368]
[3709787136, 3709790464]
[3709791232, 3709794560]
[3709795328, 3709798656]
[3709799424, 3709802752]
[3709803520, 3709806848]
[3709807616, 3709810944]
[3709811712, 3709815040]
[3709815808, 3709819136]
[3709819904, 3709823232]
[3709824000, 3709827328]
[3709828096, 3709831424]
[3709832192, 3709835520]
[3709836288, 3709839616]
[3709840384, 3709843712]
[3709844480, 3709847808]
[3709848576, 3709851904]
[3709852672, 3709856000]
[3709856768, 3709860096]
[3709860864, 3709864704]
[3709864960, 3709868800]
[3709869056, 3709872896]
[3709873152, 3709876992]
[3709877248, 3709881088]
[3709881344, 3709885184]
[3709885440, 3709885952]
[3709886208, 3709889280]
[3709889536, 3709893376]
[3709893632, 3709897472]
[3709897728, 3709901568]
[3709901824, 3709905664]
[3709905920, 3709909760]
[3709910016, 3709913856]
[3709914112, 3709917952]
[3709918208, 3709922048]
[3709922304, 3709926144]
[3709926400, 3709930240]
[3709930496, 3709934336]
[3709934592, 3709938432]
[3709938688, 3709942528]
[3709942784, 3709946624]
[3709946880, 3709950720]
[3709950976, 3709951488]
[3709951744, 3709954816]
[3709955072, 3709958912]
[3709959168, 3709963008]
[3709963264, 3709967104]
[3709967360, 3709971200]
[3709971456, 3709975296]
[3709975552, 3709979392]
[3709979648, 3709983488]
[3709983744, 3709987584]
[3709987840, 3709991680]
[3709991936, 3709995776]
[3709996032, 3709999872]
[3710000128, 3710003968]
[3710004224, 3710008064]
[3710008320, 3710012160]
[3710012416, 3710016256]
[3710016512, 3710017024]
[3710017280, 3710020352]
[3710020608, 3710024448]
[3710024704, 3710028544]
[3710028800, 3710032640]
[3710032896, 3710036736]
[3710036992, 3710040832]
[3710041088, 3710044928]
[3710045184, 3710049024]
[3710049280, 3710053120]
[3710053376, 3710057216]
[3710057472, 3710061312]
[3710061568, 3710065408]
[3710065664, 3710069504]
[3710069760, 3710073600]
[3710073856, 3710077696]
[3710077952, 3710081792]
[3710082048, 3710082560]
[3710082816, 3710085888]
[3710086144, 3710089984]
[3710090240, 3710094080]
[3710094336, 3710098176]
[3710098432, 3710102272]
[3710102528, 3710106368]
[3710106624, 3710110464]
[3710110720, 3710114560]
[3710114816, 3710118656]
[3710118912, 3710122752]
[3710123008, 3710126848]
[3710127104, 3710130944]
[3710131200, 3710135040]
[3710135296, 3710139136]
[3710139392, 3710143232]
[3710143488, 3710147328]
[3710147584, 3710148096]
[3710148352, 3710151424]
[3710151680, 3710155520]
[3710155776, 3710159616]
[3710159872, 3710163712]
[3710163968, 3710167808]
[3710168064, 3710171904]
[3710172160, 3710176000]
[3710176256, 3710180096]
[3710180352, 3710184192]
[3710184448, 3710188288]
[3710188544, 3710192384]
[3710192640, 3710196480]
[3710196736, 3710200576]
[3710200832, 3710204672]
[3710204928, 3710208768]
[3710209024, 3710212864]
[3710213120, 3710213632]
[3710213888, 3710216960]
[3710217216, 3710221056]
[3710221312, 3710225152]
[3710225408, 3710229248]
[3710229504, 3710233344]
[3710233600, 3710237440]
[3710237696, 3710241536]
[3710241792, 3710245632]
[3710245888, 3710249728]
[3710249984, 3710253824]
[3710254080, 3710257920]
[3710258176, 3710262016]
[3710262272, 3710266112]
[3710266368, 3710270208]
[3710270464, 3710274304]
[3710274560, 3710278400]
[3710278656, 3710279168]
[3710279424, 3710282496]
[3710282752, 3710286592]
[3710286848, 3710290688]
[3710290944, 3710294784]
[3710295040, 3710298880]
[3710299136, 3710302976]
[3710303232, 3710307072]
[3710307328, 3710311168]
[3710311424, 3710315264]
[3710315520, 3710319360]
[3710319616, 3710323456]
[3710323712, 3710327552]
[3710327808, 3710331648]
[3710331904, 3710335744]
[3710336000, 3710339840]
[3710340096, 3710343936]
[3710344192, 3710344704]
[3710344960, 3710348032]
[3710348288, 3710352128]
[3710352384, 3710356224]
[3710356480, 3710360320]
[3710360576, 3710364416]
[3710364672, 3710368512]
[3710368768, 3710372608]
[3710372864, 3710376704]
[3710376960, 3710380800]
[3710381056, 3710384896]
[3710385152, 3710388992]
[3710389248, 3710393088]
[3710393344, 3710397184]
[3710397440, 3710401280]
[3710401536, 3710405376]
[3710405632, 3710409472]
[3710409728, 3710410240]
[3710410496, 3710413568]
[3710413824, 3710417664]
[3710417920, 3710421760]
[3710422016, 3710425856]
[3710426112, 3710429952]
[3710430208, 3710434048]
[3710434304, 3710438144]
[3710438400, 3710442240]
[3710442496, 3710446336]
[3710446592, 3710450432]
[3710450688, 3710454528]
[3710454784, 3710458624]
[3710458880, 3710462720]
[3710462976, 3710466816]
[3710467072, 3710470912]
[3710471168, 3710475008]
[3710475264, 3710475776]
[3710476032, 3710479104]
[3710479360, 3710483200]
[3710483456, 3710487296]
[3710487552, 3710491392]
[3710491648, 3710495488]
[3710495744, 3710499584]
[3710499840, 3710503680]
[3710503936, 3710507776]
[3710508032, 3710511872]
[3710512128, 3710515968]
[3710516224, 3710520064]
[3710520320, 3710524160]
[3710524416, 3710528256]
[3710528512, 3710532352]
[3710532608, 3710536448]
[3710536704, 3710540544]
[3710540800, 3710541312]
[3710541568, 3710544640]
[3710544896, 3710548736]
[3710548992, 3710552832]
[3710553088, 3710556928]
[3710557184, 3710561024]
[3710561280, 3710565120]
[3710565376, 3710569216]
[3710569472, 3710573312]
[3710573568, 3710577408]
[3710577664, 3710581504]
[3710581760, 3710585600]
[3710585856, 3710589696]
[3710589952, 3710593792]
[3710594048, 3710597888]
[3710598144, 3710601984]
[3710602240, 3710606080]
[3710606336, 3710606848]
[3710607104, 3710610176]
[3710610432, 3710614272]
[3710614528, 3710618368]
[3710618624, 3710622464]
[3710622720, 3710626560]
[3710626816, 3710630656]
[3710630912, 3710634752]
[3710635008, 3710638848]
[3710639104, 3710642944]
[3710643200, 3710647040]
[3710647296, 3710651136]
[3710651392, 3710655232]
[3710655488, 3710659328]
[3710659584, 3710663424]
[3710663680, 3710667520]
[3710667776, 3710671616]
[3710671872, 3710672384]
[3710672640, 3710675712]
[3710675968, 3710679808]
[3710680064, 3710683904]
[3710684160, 3710688000]
[3710688256, 3710692096]
[3710692352, 3710696192]
[3710696448, 3710700288]
[3710700544, 3710704384]
[3710704640, 3710708480]
[3710708736, 3710712576]
[3710712832, 3710716672]
[3710716928, 3710720768]
[3710721024, 3710724864]
[3710725120, 3710728960]
[3710729216, 3710733056]
[3710733312, 3710737152]
[3710737408, 3710737920]
[3710738176, 3710741248]
[3710741504, 3710745344]
[3710745600, 3710749440]
[3710749696, 3710753536]
[3710753792, 3710757632]
[3710757888, 3710761728]
[3710761984, 3710765824]
[3710766080, 3710769920]
[3710770176, 3710774016]
[3710774272, 3710778112]
[3710778368, 3710782208]
[3710782464, 3710786304]
[3710786560, 3710790400]
[3710790656, 3710794496]
[3710794752, 3710798592]
[3710798848, 3710802688]
[3710802944, 3710803456]
[3710803712, 3710806784]
[3710807040, 3710810880]
[3710811136, 3710814976]
[3710815232, 3710819072]
[3710819328, 3710823168]
[3710823424, 3710827264]
[3710827520, 3710831360]
[3710831616, 3710835456]
[3710835712, 3710839552]
[3710839808, 3710843648]
[3710843904, 3710847744]
[3710848000, 3710851840]
[3710852096, 3710855936]
[3710856192, 3710860032]
[3710860288, 3710864128]
[3710864384, 3710868224]
[3710868480, 3710868992]
[3710869248, 3710872320]
[3710872576, 3710876416]
[3710876672, 3710880512]
[3710880768, 3710884608]
[3710884864, 3710888704]
[3710888960, 3710892800]
[3710893056, 3710896896]
[3710897152, 3710900992]
[3710901248, 3710905088]
[3710905344, 3710909184]
[3710909440, 3710913280]
[3710913536, 3710917376]
[3710917632, 3710921472]
[3710921728, 3710925568]
[3710925824, 3710929664]
[3710929920, 3710933760]
[3710934016, 3710934528]
[3710934784, 3710937856]
[3710938112, 3710941952]
[3710942208, 3710946048]
[3710946304, 3710950144]
[3710950400, 3710954240]
[3710954496, 3710958336]
[3710958592, 3710962432]
[3710962688, 3710966528]
[3710966784, 3710970624]
[3710970880, 3710974720]
[3710974976, 3710978816]
[3710979072, 3710982912]
[3710983168, 3710987008]
[3710987264, 3710991104]
[3710991360, 3710995200]
[3710995456, 3710999296]
[3710999552, 3711000064]
[3711000320, 3711003392]
[3711003648, 3711007488]
[3711007744, 3711011584]
[3711011840, 3711015680]
[3711015936, 3711019776]
[3711020032, 3711023872]
[3711024128, 3711027968]
[3711028224, 3711032064]
[3711032320, 3711036160]
[3711036416, 3711040256]
[3711040512, 3711044352]
[3711044608, 3711048448]
[3711048704, 3711052544]
[3711052800, 3711056640]
[3711056896, 3711060736]
[3711060992, 3711064832]
[3711065088, 3711065600]
[3711065856, 3711068928]
[3711069184, 3711073024]
[3711073280, 3711077120]
[3711077376, 3711081216]
[3711081472, 3711085312]
[3711085568, 3711089408]
[3711089664, 3711093504]
[3711093760, 3711097600]
[3711097856, 3711101696]
[3711101952, 3711105792]
[3711106048, 3711109888]
[3711110144, 3711113984]
[3711114240, 3711118080]
[3711118336, 3711122176]
[3711122432, 3711126272]
[3711126528, 3711130368]
[3711130624, 3711131136]
[3711131392, 3711134464]
[3711134720, 3711138560]
[3711138816, 3711142656]
[3711142912, 3711146752]
[3711147008, 3711150848]
[3711151104, 3711154944]
[3711155200, 3711159040]
[3711159296, 3711163136]
[3711163392, 3711167232]
[3711167488, 3711171328]
[3711171584, 3711175424]
[3711175680, 3711179520]
[3711179776, 3711183616]
[3711183872, 3711187712]
[3711187968, 3711191808]
[3711192064, 3711195904]
[3711196160, 3711196672]
[3711196928, 3711200000]
[3711200256, 3711204096]
[3711204352, 3711208192]
[3711208448, 3711212288]
[3711212544, 3711216384]
[3711216640, 3711220480]
[3711220736, 3711224576]
[3711224832, 3711228672]
[3711228928, 3711232768]
[3711233024, 3711236864]
[3711237120, 3711240960]
[3711241216, 3711245056]
[3711245312, 3711249152]
[3711249408, 3711253248]
[3711253504, 3711257344]
[3711257600, 3711261440]
[3711261696, 3711262208]
[3711262464, 3711265536]
[3711265792, 3711269632]
[3711269888, 3711273728]
[3711273984, 3711277824]
[3711278080, 3711281920]
[3711282176, 3711286016]
[3711286272, 3711290112]
[3711290368, 3711294208]
[3711294464, 3711298304]
[3711298560, 3711302400]
[3711302656, 3711306496]
[3711306752, 3711310592]
[3711310848, 3711314688]
[3711314944, 3711318784]
[3711319040, 3711322880]
[3711323136, 3711326976]
[3711327232, 3711327744]
[3711328000, 3711331072]
[3711331328, 3711335168]
[3711335424, 3711339264]
[3711339520, 3711343360]
[3711343616, 3711347456]
[3711347712, 3711351552]
[3711351808, 3711355648]
[3711355904, 3711359744]
[3711360000, 3711363840]
[3711364096, 3711367936]
[3711368192, 3711372032]
[3711372288, 3711376128]
[3711376384, 3711380224]
[3711380480, 3711384320]
[3711384576, 3711388416]
[3711388672, 3711392512]
[3711392768, 3711393280]
[3711393536, 3711396608]
[3711396864, 3711400704]
[3711400960, 3711404800]
[3711405056, 3711408896]
[3711409152, 3711412992]
[3711413248, 3711417088]
[3711417344, 3711421184]
[3711421440, 3711425280]
[3711425536, 3711429376]
[3711429632, 3711433472]
[3711433728, 3711437568]
[3711437824, 3711441664]
[3711441920, 3711445760]
[3711446016, 3711449856]
[3711450112, 3711453952]
[3711454208, 3711458048]
[3711458304, 3711458816]
[3711459072, 3711462144]
[3711462400, 3711466240]
[3711466496, 3711470336]
[3711470592, 3711474432]
[3711474688, 3711478528]
[3711478784, 3711482624]
[3711482880, 3711486720]
[3711486976, 3711490816]
[3711491072, 3711494912]
[3711495168, 3711499008]
[3711499264, 3711503104]
[3711503360, 3711507200]
[3711507456, 3711511296]
[3711511552, 3711515392]
[3711515648, 3711519488]
[3711519744, 3711523584]
[3711523840, 3711524352]
[3711524608, 3711527680]
[3711527936, 3711531776]
[3711532032, 3711535872]
[3711536128, 3711539968]
[3711540224, 3711544064]
[3711544320, 3711548160]
[3711548416, 3711552256]
[3711552512, 3711556352]
[3711556608, 3711560448]
[3711560704, 3711564544]
[3711564800, 3711568640]
[3711568896, 3711572736]
[3711572992, 3711576832]
[3711577088, 3711580928]
[3711581184, 3711585024]
[3711585280, 3711589120]
[3711589376, 3711589888]
[3711590144, 3711593216]
[3711593472, 3711597312]
[3711597568, 3711601408]
[3711601664, 3711605504]
[3711605760, 3711609600]
[3711609856, 3711613696]
[3711613952, 3711617792]
[3711618048, 3711621888]
[3711622144, 3711625984]
[3711626240, 3711630080]
[3711630336, 3711634176]
[3711634432, 3711638272]
[3711638528, 3711642368]
[3711642624, 3711646464]
[3711646720, 3711650560]
[3711650816, 3711654656]
[3711654912, 3711655424]
[3711655680, 3711658752]
[3711659008, 3711662848]
[3711663104, 3711666944]
[3711667200, 3711671040]
[3711671296, 3711675136]
[3711675392, 3711679232]
[3711679488, 3711683328]
[3711683584, 3711687424]
[3711687680, 3711691520]
[3711691776, 3711695616]
[3711695872, 3711699712]
[3711699968, 3711703808]
[3711704064, 3711707904]
[3711708160, 3711712000]
[3711712256, 3711716096]
[3711716352, 3711720192]
[3711720448, 3711720960]
[3711721216, 3711724288]
[3711724544, 3711728384]
[3711728640, 3711732480]
[3711732736, 3711736576]
[3711736832, 3711740672]
[3711740928, 3711744768]
[3711745024, 3711748864]
[3711749120, 3711752960]
[3711753216, 3711757056]
[3711757312, 3711761152]
[3711761408, 3711765248]
[3711765504, 3711769344]
[3711769600, 3711773440]
[3711773696, 3711777536]
[3711777792, 3711781632]
[3711781888, 3711785728]
[3711785984, 3711786496]
[3711786752, 3711789824]
[3711790080, 3711793920]
[3711794176, 3711798016]
[3711798272, 3711802112]
[3711802368, 3711806208]
[3711806464, 3711810304]
[3711810560, 3711814400]
[3711814656, 3711818496]
[3711818752, 3711822592]
[3711822848, 3711826688]
[3711826944, 3711830784]
[3711831040, 3711834880]
[3711835136, 3711838976]
[3711839232, 3711843072]
[3711843328, 3711847168]
[3711847424, 3711851264]
[3711851520, 3711852032]
[3711852288, 3711855360]
[3711855616, 3711859456]
[3711859712, 3711863552]
[3711863808, 3711867648]
[3711867904, 3711871744]
[3711872000, 3711875840]
[3711876096, 3711879936]
[3711880192, 3711884032]
[3711884288, 3711888128]
[3711888384, 3711892224]
[3711892480, 3711896320]
[3711896576, 3711900416]
[3711900672, 3711904512]
[3711904768, 3711908608]
[3711908864, 3711912704]
[3711912960, 3711916800]
[3711917056, 3711917568]
[3711917824, 3711920896]
[3711921152, 3711924992]
[3711925248, 3711929088]
[3711929344, 3711933184]
[3711933440, 3711937280]
[3711937536, 3711941376]
[3711941632, 3711945472]
[3711945728, 3711949568]
[3711949824, 3711953664]
[3711953920, 3711957760]
[3711958016, 3711961344]
[3711962112, 3711965440]
[3711966208, 3711969536]
[3711970304, 3711973632]
[3711974400, 3711977728]
[3711978496, 3711981824]
[3711982592, 3711985920]
[3711986688, 3711990016]
[3711990784, 3711994112]
[3711994880, 3711998208]
[3711998976, 3712002304]
[3712003072, 3712006400]
[3712007168, 3712010496]
[3712011264, 3712014592]
[3712015360, 3712018688]
[3712019456, 3712022784]
[3712023552, 3712026880]
[3712027648, 3712030976]
[3712031744, 3712035072]
[3712035840, 3712039168]
[3712039936, 3712043264]
[3712044032, 3712047360]
[3712048128, 3712051456]
[3712052224, 3712055552]
[3712056320, 3712059648]
[3712060416, 3712063744]
[3712064512, 3712067840]
[3712068608, 3712071936]
[3712072704, 3712076032]
[3712076800, 3712080128]
[3712080896, 3712084224]
[3712084992, 3712088320]
[3712089088, 3712092416]
[3712093184, 3712096512]
[3712097280, 3712100608]
[3712101376, 3712104704]
[3712105472, 3712108800]
[3712109568, 3712112896]
[3712113664, 3712116992]
[3712117760, 3712121088]
[3712121856, 3712125184]
[3712125952, 3712129280]
[3712130048, 3712133376]
[3712134144, 3712137472]
[3712138240, 3712141568]
[3712142336, 3712145664]
[3712146432, 3712149760]
[3712150528, 3712153856]
[3712154624, 3712157952]
[3712158720, 3712162048]
[3712162816, 3712166144]
[3712166912, 3712170240]
[3712171008, 3712174336]
[3712175104, 3712178432]
[3712179200, 3712182528]
[3712183296, 3712186624]
[3712187392, 3712190720]
[3712191488, 3712194816]
[3712195584, 3712198912]
[3712199680, 3712203008]
[3712203776, 3712207104]
[3712207872, 3712211200]
[3712211968, 3712215296]
[3712216064, 3712219392]
[3712220160, 3712223488]
[3712224256, 3712227584]
[3712228352, 3712231680]
[3712232448, 3712235776]
[3712236544, 3712239872]
[3712240640, 3712243968]
[3712244736, 3712248064]
[3712248832, 3712252160]
[3712252928, 3712256256]
[3712257024, 3712260352]
[3712261120, 3712264448]
[3712265216, 3712268544]
[3712269312, 3712272640]
[3712273408, 3712276736]
[3712277504, 3712280832]
[3712281600, 3712284928]
[3712285696, 3712289024]
[3712289792, 3712293120]
[3712293888, 3712297216]
[3712297984, 3712301312]
[3712302080, 3712305408]
[3712306176, 3712309504]
[3712310272, 3712313600]
[3712314368, 3712317696]
[3712318464, 3712321792]
[3712322560, 3712325888]
[3712326656, 3712329984]
[3712330752, 3712334080]
[3712334848, 3712338176]
[3712338944, 3712342272]
[3712343040, 3712346368]
[3712347136, 3712350464]
[3712351232, 3712354560]
[3712355328, 3712358656]
[3712359424, 3712362752]
[3712363520, 3712366848]
[3712367616, 3712370944]
[3712371712, 3712375040]
[3712375808, 3712379136]
[3712379904, 3712383232]
[3712384000, 3712387328]
[3712388096, 3712391424]
[3712392192, 3712395520]
[3712396288, 3712399616]
[3712400384, 3712403712]
[3712404480, 3712407808]
[3712408576, 3712411904]
[3712412672, 3712416000]
[3712416768, 3712420096]
[3712420864, 3712424192]
[3712424960, 3712428288]
[3712429056, 3712432384]
[3712433152, 3712436480]
[3712437248, 3712440576]
[3712441344, 3712444672]
[3712445440, 3712448768]
[3712449536, 3712452864]
[3712453632, 3712456960]
[3712457728, 3712461056]
[3712461824, 3712465152]
[3712465920, 3712469248]
[3712470016, 3712473344]
[3712474112, 3712477440]
[3712478208, 3712481536]
[3712482304, 3712485632]
[3712486400, 3712489728]
[3712490496, 3712493824]
[3712494592, 3712497920]
[3712498688, 3712502016]
[3712502784, 3712506112]
[3712506880, 3712510208]
[3712510976, 3712514304]
[3712515072, 3712518400]
[3712519168, 3712522496]
[3712523264, 3712526592]
[3712527360, 3712530688]
[3712531456, 3712534784]
[3712535552, 3712538880]
[3712539648, 3712542976]
[3712543744, 3712547072]
[3712547840, 3712551168]
[3712551936, 3712555264]
[3712556032, 3712559360]
[3712560128, 3712563456]
[3712564224, 3712567552]
[3712568320, 3712571648]
[3712572416, 3712575744]
[3712576512, 3712579840]
[3712580608, 3712583936]
[3712584704, 3712588032]
[3712588800, 3712592128]
[3712592896, 3712596224]
[3712596992, 3712600320]
[3712601088, 3712604416]
[3712605184, 3712608512]
[3712609280, 3712612608]
[3712613376, 3712616704]
[3712617472, 3712620800]
[3712621568, 3712624896]
[3712625664, 3712628992]
[3712629760, 3712633088]
[3712633856, 3712637184]
[3712637952, 3712641280]
[3712642048, 3712645376]
[3712646144, 3712649472]
[3712650240, 3712653568]
[3712654336, 3712657664]
[3712658432, 3712661760]
[3712662528, 3712665856]
[3712666624, 3712669952]
[3712670720, 3712674048]
[3712674816, 3712678144]
[3712678912, 3712682240]
[3712683008, 3712686336]
[3712687104, 3712690432]
[3712691200, 3712694528]
[3712695296, 3712698624]
[3712699392, 3712702720]
[3712703488, 3712706816]
[3712707584, 3712710912]
[3712711680, 3712715008]
[3712715776, 3712719104]
[3712719872, 3712723200]
[3712723968, 3712727296]
[3712728064, 3712731392]
[3712732160, 3712735488]
[3712736256, 3712739584]
[3712740352, 3712743680]
[3712744448, 3712747776]
[3712748544, 3712751872]
[3712752640, 3712755968]
[3712756736, 3712760064]
[3712760832, 3712764160]
[3712764928, 3712768256]
[3712769024, 3712772352]
[3712773120, 3712776448]
[3712777216, 3712780544]
[3712781312, 3712784640]
[3712785408, 3712788736]
[3712789504, 3712792832]
[3712793600, 3712796928]
[3712797696, 3712801024]
[3712801792, 3712805120]
[3712805888, 3712809216]
[3712809984, 3712813312]
[3712814080, 3712817408]
[3712818176, 3712821504]
[3712822272, 3712825600]
[3712826368, 3712829696]
[3712830464, 3712833792]
[3712834560, 3712837888]
[3712838656, 3712841984]
[3712842752, 3712846080]
[3712846848, 3712850176]
[3712850944, 3712854272]
[3712855040, 3712858368]
[3712859136, 3712862464]
[3712863232, 3712866560]
[3712867328, 3712870656]
[3712871424, 3712874752]
[3712875520, 3712878848]
[3712879616, 3712882944]
[3712883712, 3712887040]
[3712887808, 3712891136]
[3712891904, 3712895232]
[3712896000, 3712899328]
[3712900096, 3712903424]
[3712904192, 3712907520]
[3712908288, 3712911616]
[3712912384, 3712915712]
[3712916480, 3712919808]
[3712920576, 3712923904]
[3712924672, 3712928000]
[3712928768, 3712932096]
[3712932864, 3712936192]
[3712936960, 3712940288]
[3712941056, 3712944384]
[3712945152, 3712948480]
[3712949248, 3712952576]
[3712953344, 3712956672]
[3712957440, 3712960768]
[3712961536, 3712964864]
[3712965632, 3712968960]
[3712969728, 3712973056]
[3712973824, 3712977152]
[3712977920, 3712981248]
[3712982016, 3712985344]
[3712986112, 3712989440]
[3712990208, 3712993536]
[3712994304, 3712997632]
[3712998400, 3713001728]
[3713002496, 3713005824]
[3713006592, 3713009920]
[3713010688, 3713014016]
[3713014784, 3713018112]
[3713018880, 3713022208]
[3713022976, 3713026304]
[3713027072, 3713030400]
[3713031168, 3713034496]
[3713035264, 3713038592]
[3713039360, 3713042688]
[3713043456, 3713046784]
[3713047552, 3713050880]
[3713051648, 3713054976]
[3713055744, 3713059072]
[3713059840, 3713063168]
[3713063936, 3713067264]
[3713068032, 3713071360]
[3713072128, 3713075456]
[3713076224, 3713079552]
[3713080320, 3713083648]
[3713084416, 3713087744]
[3713088512, 3713091840]
[3713092608, 3713095936]
[3713096704, 3713100032]
[3713100800, 3713104128]
[3713104896, 3713108224]
[3713108992, 3713112320]
[3713113088, 3713116416]
[3713117184, 3713120512]
[3713121280, 3713124608]
[3713125376, 3713128704]
[3713129472, 3713132800]
[3713133568, 3713136896]
[3713137664, 3713140992]
[3713141760, 3713145088]
[3713145856, 3713149184]
[3713149952, 3713153280]
[3713154048, 3713157376]
[3713158144, 3713161472]
[3713162240, 3713165568]
[3713166336, 3713169664]
[3713170432, 3713173760]
[3713174528, 3713177856]
[3713178624, 3713181952]
[3713182720, 3713186048]
[3713186816, 3713190144]
[3713190912, 3713194240]
[3713195008, 3713198336]
[3713199104, 3713202432]
[3713203200, 3713206528]
[3713207296, 3713210624]
[3713211392, 3713214720]
[3713215488, 3713218816]
[3713219584, 3713222912]
[3713223680, 3713227008]
[3713227776, 3713231104]
[3713231872, 3713235200]
[3713235968, 3713239296]
[3713240064, 3713243392]
[3713244160, 3713247488]
[3713248256, 3713251584]
[3713252352, 3713255680]
[3713256448, 3713259776]
[3713260544, 3713263872]
[3713264640, 3713267968]
[3713268736, 3713272064]
[3713272832, 3713276160]
[3713276928, 3713280256]
[3713281024, 3713284352]
[3713285120, 3713288448]
[3713289216, 3713292544]
[3713293312, 3713296640]
[3713297408, 3713300736]
[3713301504, 3713304832]
[3713305600, 3713308928]
[3713309696, 3713313024]
[3713313792, 3713317120]
[3713317888, 3713321216]
[3713321984, 3713325312]
[3713326080, 3713329408]
[3713330176, 3713333504]
[3713334272, 3713337600]
[3713338368, 3713341696]
[3713342464, 3713345792]
[3713346560, 3713349888]
[3713350656, 3713353984]
[3713354752, 3713358080]
[3713358848, 3713362176]
[3713362944, 3713366272]
[3713367040, 3713370368]
[3713371136, 3713374464]
[3713375232, 3713378560]
[3713379328, 3713382656]
[3713383424, 3713386752]
[3713387520, 3713390848]
[3713391616, 3713394944]
[3713395712, 3713399040]
[3713399808, 3713403136]
[3713403904, 3713407232]
[3713408000, 3713411328]
[3713412096, 3713415424]
[3713416192, 3713419520]
[3713420288, 3713423616]
[3713424384, 3713427712]
[3713428480, 3713431808]
[3713432576, 3713435904]
[3713436672, 3713440000]
[3713440768, 3713444096]
[3713444864, 3713448192]
[3713448960, 3713452288]
[3713453056, 3713456384]
[3713457152, 3713460480]
[3713461248, 3713464576]
[3713465344, 3713468672]
[3713469440, 3713472768]
[3713473536, 3713476864]
[3713477632, 3713480960]
[3713481728, 3713485056]
[3713485824, 3713489152]
[3713489920, 3713493248]
[3713494016, 3713497344]
[3713498112, 3713501440]
[3713502208, 3713505536]
[3713506304, 3713509632]
[3713510400, 3713513728]
[3713514496, 3713517824]
[3713518592, 3713521920]
[3713522688, 3713526016]
[3713526784, 3713530112]
[3713530880, 3713534208]
[3713534976, 3713538304]
[3713539072, 3713542400]
[3713543168, 3713546496]
[3713547264, 3713550592]
[3713551360, 3713554688]
[3713555456, 3713558784]
[3713559552, 3713562880]
[3713563648, 3713566976]
[3713567744, 3713571072]
[3713571840, 3713575168]
[3713575936, 3713579264]
[3713580032, 3713583360]
[3713584128, 3713587456]
[3713588224, 3713591552]
[3713592320, 3713595648]
[3713596416, 3713599744]
[3713600512, 3713603840]
[3713604608, 3713607936]
[3713608704, 3713612032]
[3713612800, 3713616128]
[3713616896, 3713620224]
[3713620992, 3713624320]
[3713625088, 3713628416]
[3713629184, 3713632512]
[3713633280, 3713636608]
[3713637376, 3713640704]
[3713641472, 3713644800]
[3713645568, 3713648896]
[3713649664, 3713652992]
[3713653760, 3713657088]
[3713657856, 3713661184]
[3713661952, 3713665280]
[3713666048, 3713669376]
[3713670144, 3713673472]
[3713674240, 3713677568]
[3713678336, 3713681664]
[3713682432, 3713685760]
[3713686528, 3713689856]
[3713690624, 3713693952]
[3713694720, 3713698048]
[3713698816, 3713702144]
[3713702912, 3713706240]
[3713707008, 3713710336]
[3713711104, 3713714432]
[3713715200, 3713718528]
[3713719296, 3713722624]
[3713723392, 3713726720]
[3713727488, 3713730816]
[3713731584, 3713734912]
[3713735680, 3713739008]
[3713739776, 3713743104]
[3713743872, 3713747200]
[3713747968, 3713751296]
[3713752064, 3713755392]
[3713756160, 3713759488]
[3713760256, 3713763584]
[3713764352, 3713767680]
[3713768448, 3713771776]
[3713772544, 3713775872]
[3713776640, 3713779968]
[3713780736, 3713784064]
[3713784832, 3713788160]
[3713788928, 3713792256]
[3713793024, 3713796352]
[3713797120, 3713800448]
[3713801216, 3713804544]
[3713805312, 3713808640]
[3713809408, 3713812736]
[3713813504, 3713816832]
[3713817600, 3713820928]
[3713821696, 3713825024]
[3713825792, 3713829120]
[3713829888, 3713833216]
[3713833984, 3713837312]
[3713838080, 3713841408]
[3713842176, 3713845504]
[3713846272, 3713849600]
[3713850368, 3713853696]
[3713854464, 3713857792]
[3713858560, 3713861888]
[3713862656, 3713865984]
[3713866752, 3713870080]
[3713870848, 3713874176]
[3713874944, 3713878272]
[3713879040, 3713882368]
[3713883136, 3713886464]
[3713887232, 3713890560]
[3713891328, 3713894656]
[3713895424, 3713898752]
[3713899520, 3713902848]
[3713903616, 3713906944]
[3713907712, 3713911040]
[3713911808, 3713915136]
[3713915904, 3713919232]
[3713920000, 3713923328]
[3713924096, 3713927424]
[3713928192, 3713931520]
[3713932288, 3713935616]
[3713936384, 3713939712]
[3713940480, 3713943808]
[3713944576, 3713947904]
[3713948672, 3713952000]
[3713952768, 3713956096]
[3713956864, 3713960192]
[3713960960, 3713964288]
[3713965056, 3713968384]
[3713969152, 3713972480]
[3713973248, 3713976576]
[3713977344, 3713980672]
[3713981440, 3713984768]
[3713985536, 3713988864]
[3713989632, 3713992960]
[3713993728, 3713997056]
[3713997824, 3714001152]
[3714001920, 3714005248]
[3714006016, 3714009344]
[3714010112, 3714013440]
[3714014208, 3714017536]
[3714018304, 3714021632]
[3714022400, 3714025728]
[3714026496, 3714029824]
[3714030592, 3714033920]
[3714034688, 3714038016]
[3714038784, 3714042112]
[3714042880, 3714046208]
[3714046976, 3714050304]
[3714051072, 3714054400]
[3714055168, 3714059008]
[3714059264, 3714063104]
[3714063360, 3714067200]
[3714067456, 3714071296]
[3714071552, 3714075392]
[3714075648, 3714079488]
[3714079744, 3714083584]
[3714083840, 3714087680]
[3714087936, 3714091776]
[3714092032, 3714095872]
[3714096128, 3714099968]
[3714100224, 3714104064]
[3714104320, 3714108160]
[3714108416, 3714112256]
[3714112512, 3714116352]
[3714116608, 3714120448]
[3714120704, 3714124544]
[3714124800, 3714128640]
[3714128896, 3714132736]
[3714132992, 3714136832]
[3714137088, 3714140928]
[3714141184, 3714145024]
[3714145280, 3714149120]
[3714149376, 3714153216]
[3714153472, 3714157312]
[3714157568, 3714161408]
[3714161664, 3714165504]
[3714165760, 3714169600]
[3714169856, 3714173696]
[3714173952, 3714177792]
[3714178048, 3714181888]
[3714182144, 3714185984]
[3714186240, 3714190080]
[3714190336, 3714194176]
[3714194432, 3714198272]
[3714198528, 3714202368]
[3714202624, 3714206464]
[3714206720, 3714210560]
[3714210816, 3714214656]
[3714214912, 3714218752]
[3714219008, 3714222848]
[3714223104, 3714226944]
[3714227200, 3714231040]
[3714231296, 3714235136]
[3714235392, 3714239232]
[3714239488, 3714243328]
[3714243584, 3714247424]
[3714247680, 3714251520]
[3714251776, 3714255616]
[3714255872, 3714259712]
[3714259968, 3714263808]
[3714264064, 3714267904]
[3714268160, 3714272000]
[3714272256, 3714276096]
[3714276352, 3714280192]
[3714280448, 3714284288]
[3714284544, 3714288384]
[3714288640, 3714292480]
[3714292736, 3714296576]
[3714296832, 3714300672]
[3714300928, 3714304768]
[3714305024, 3714308864]
[3714309120, 3714312960]
[3714313216, 3714317056]
[3714317312, 3714321152]
[3714321408, 3714325248]
[3714325504, 3714329344]
[3714329600, 3714333440]
[3714333696, 3714337536]
[3714337792, 3714341632]
[3714341888, 3714345728]
[3714345984, 3714349824]
[3714350080, 3714353920]
[3714354176, 3714358016]
[3714358272, 3714362112]
[3714362368, 3714366208]
[3714366464, 3714370304]
[3714370560, 3714374400]
[3714374656, 3714378496]
[3714378752, 3714382592]
[3714382848, 3714386688]
[3714386944, 3714390784]
[3714391040, 3714394880]
[3714395136, 3714398976]
[3714399232, 3714403072]
[3714403328, 3714407168]
[3714407424, 3714411264]
[3714411520, 3714415360]
[3714415616, 3714419456]
[3714419712, 3714423552]
[3714423808, 3714427648]
[3714427904, 3714431744]
[3714432000, 3714435840]
[3714436096, 3714439936]
[3714440192, 3714444032]
[3714444288, 3714448128]
[3714448384, 3714452224]
[3714452480, 3714456320]
[3714456576, 3714460416]
[3714460672, 3714464512]
[3714464768, 3714468608]
[3714468864, 3714472704]
[3714472960, 3714476800]
[3714477056, 3714480896]
[3714481152, 3714484992]
[3714485248, 3714489088]
[3714489344, 3714493184]
[3714493440, 3714497280]
[3714497536, 3714501376]
[3714501632, 3714505472]
[3714505728, 3714509568]
[3714509824, 3714513664]
[3714513920, 3714517760]
[3714518016, 3714521856]
[3714522112, 3714525952]
[3714526208, 3714530048]
[3714530304, 3714534144]
[3714534400, 3714538240]
[3714538496, 3714542336]
[3714542592, 3714546432]
[3714546688, 3714550528]
[3714550784, 3714554624]
[3714554880, 3714558720]
[3714558976, 3714562816]
[3714563072, 3714566912]
[3714567168, 3714571008]
[3714571264, 3714575104]
[3714575360, 3714579200]
[3714579456, 3714583296]
[3714583552, 3714587392]
[3714587648, 3714591488]
[3714591744, 3714595584]
[3714595840, 3714599680]
[3714599936, 3714603776]
[3714604032, 3714607872]
[3714608128, 3714611968]
[3714612224, 3714616064]
[3714616320, 3714620160]
[3714620416, 3714624256]
[3714624512, 3714628352]
[3714628608, 3714632448]
[3714632704, 3714636544]
[3714636800, 3714640640]
[3714640896, 3714644736]
[3714644992, 3714648832]
[3714649088, 3714652928]
[3714653184, 3714657024]
[3714657280, 3714661120]
[3714661376, 3714665216]
[3714665472, 3714669312]
[3714669568, 3714673408]
[3714673664, 3714677504]
[3714677760, 3714681600]
[3714681856, 3714685696]
[3714685952, 3714689792]
[3714690048, 3714693888]
[3714694144, 3714697984]
[3714698240, 3714702080]
[3714702336, 3714706176]
[3714706432, 3714710272]
[3714710528, 3714714368]
[3714714624, 3714718464]
[3714718720, 3714722560]
[3714722816, 3714726656]
[3714726912, 3714730752]
[3714731008, 3714734848]
[3714735104, 3714738944]
[3714739200, 3714743040]
[3714743296, 3714747136]
[3714747392, 3714751232]
[3714751488, 3714755328]
[3714755584, 3714759424]
[3714759680, 3714763520]
[3714763776, 3714767616]
[3714767872, 3714771712]
[3714771968, 3714775808]
[3714776064, 3714779904]
[3714780160, 3714784000]
[3714784256, 3714788096]
[3714788352, 3714792192]
[3714792448, 3714796288]
[3714796544, 3714800384]
[3714800640, 3714804480]
[3714804736, 3714808576]
[3714808832, 3714812672]
[3714812928, 3714816768]
[3714817024, 3714820864]
[3714821120, 3714824960]
[3714825216, 3714829056]
[3714829312, 3714833152]
[3714833408, 3714837248]
[3714837504, 3714841344]
[3714841600, 3714845440]
[3714845696, 3714849536]
[3714849792, 3714853632]
[3714853888, 3714857728]
[3714857984, 3714861824]
[3714862080, 3714865920]
[3714866176, 3714870016]
[3714870272, 3714874112]
[3714874368, 3714878208]
[3714878464, 3714882304]
[3714882560, 3714886400]
[3714886656, 3714890496]
[3714890752, 3714894592]
[3714894848, 3714898688]
[3714898944, 3714902784]
[3714903040, 3714906880]
[3714907136, 3714910976]
[3714911232, 3714915072]
[3714915328, 3714919168]
[3714919424, 3714923264]
[3714923520, 3714927360]
[3714927616, 3714931456]
[3714931712, 3714935552]
[3714935808, 3714939648]
[3714939904, 3714943744]
[3714944000, 3714947840]
[3714948096, 3714951936]
[3714952192, 3714956032]
[3714956288, 3714960128]
[3714960384, 3714964224]
[3714964480, 3714968320]
[3714968576, 3714972416]
[3714972672, 3714976512]
[3714976768, 3714980608]
[3714980864, 3714984704]
[3714984960, 3714988800]
[3714989056, 3714992896]
[3714993152, 3714996992]
[3714997248, 3715001088]
[3715001344, 3715005184]
[3715005440, 3715009280]
[3715009536, 3715013376]
[3715013632, 3715017472]
[3715017728, 3715021568]
[3715021824, 3715025664]
[3715025920, 3715029760]
[3715030016, 3715033856]
[3715034112, 3715037952]
[3715038208, 3715042048]
[3715042304, 3715046144]
[3715046400, 3715050240]
[3715050496, 3715054336]
[3715054592, 3715058432]
[3715058688, 3715062528]
[3715062784, 3715066624]
[3715066880, 3715070720]
[3715070976, 3715074816]
[3715075072, 3715078912]
[3715079168, 3715083008]
[3715083264, 3715087104]
[3715087360, 3715091200]
[3715091456, 3715095296]
[3715095552, 3715099392]
[3715099648, 3715103488]
[3715103744, 3715107584]
[3715107840, 3715111680]
[3715111936, 3715115776]
[3715116032, 3715119872]
[3715120128, 3715123968]
[3715124224, 3715128064]
[3715128320, 3715132160]
[3715132416, 3715136256]
[3715136512, 3715140352]
[3715140608, 3715144448]
[3715144704, 3715148544]
[3715148800, 3715152640]
[3715152896, 3715156736]
[3715156992, 3715160832]
[3715161088, 3715164928]
[3715165184, 3715169024]
[3715169280, 3715173120]
[3715173376, 3715177216]
[3715177472, 3715181312]
[3715181568, 3715185408]
[3715185664, 3715189504]
[3715189760, 3715193600]
[3715193856, 3715197696]
[3715197952, 3715201792]
[3715202048, 3715205888]
[3715206144, 3715209984]
[3715210240, 3715214080]
[3715214336, 3715218176]
[3715218432, 3715222272]
[3715222528, 3715226368]
[3715226624, 3715230464]
[3715230720, 3715234560]
[3715234816, 3715238656]
[3715238912, 3715242752]
[3715243008, 3715246848]
[3715247104, 3715250944]
[3715251200, 3715255040]
[3715255296, 3715259136]
[3715259392, 3715263232]
[3715263488, 3715267328]
[3715267584, 3715271424]
[3715271680, 3715275520]
[3715275776, 3715279616]
[3715279872, 3715283712]
[3715283968, 3715287808]
[3715288064, 3715291904]
[3715292160, 3715296000]
[3715296256, 3715300096]
[3715300352, 3715304192]
[3715304448, 3715308288]
[3715308544, 3715312384]
[3715312640, 3715316480]
[3715316736, 3715320576]
[3715320832, 3715324672]
[3715324928, 3715328768]
[3715329024, 3715332864]
[3715333120, 3715336960]
[3715337216, 3715341056]
[3715341312, 3715345152]
[3715345408, 3715349248]
[3715349504, 3715353344]
[3715353600, 3715357440]
[3715357696, 3715361536]
[3715361792, 3715365632]
[3715365888, 3715369728]
[3715369984, 3715373824]
[3715374080, 3715377920]
[3715378176, 3715382016]
[3715382272, 3715386112]
[3715386368, 3715390208]
[3715390464, 3715394304]
[3715394560, 3715398400]
[3715398656, 3715402496]
[3715402752, 3715406592]
[3715406848, 3715410688]
[3715410944, 3715414784]
[3715415040, 3715418880]
[3715419136, 3715422976]
[3715423232, 3715427072]
[3715427328, 3715431168]
[3715431424, 3715435264]
[3715435520, 3715439360]
[3715439616, 3715443456]
[3715443712, 3715447552]
[3715447808, 3715451648]
[3715451904, 3715455744]
[3715456000, 3715459840]
[3715460096, 3715463936]
[3715464192, 3715468032]
[3715468288, 3715472128]
[3715472384, 3715476224]
[3715476480, 3715480320]
[3715480576, 3715484416]
[3715484672, 3715488512]
[3715488768, 3715492608]
[3715492864, 3715496704]
[3715496960, 3715500800]
[3715501056, 3715504896]
[3715505152, 3715508992]
[3715509248, 3715513088]
[3715513344, 3715517184]
[3715517440, 3715521280]
[3715521536, 3715525376]
[3715525632, 3715529472]
[3715529728, 3715533568]
[3715533824, 3715537664]
[3715537920, 3715541760]
[3715542016, 3715545856]
[3715546112, 3715549952]
[3715550208, 3715554048]
[3715554304, 3715558144]
[3715558400, 3715562240]
[3715562496, 3715566336]
[3715566592, 3715570432]
[3715570688, 3715574528]
[3715574784, 3715578624]
[3715578880, 3715582720]
[3715582976, 3715586816]
[3715587072, 3715590912]
[3715591168, 3715595008]
[3715595264, 3715599104]
[3715599360, 3715603200]
[3715603456, 3715607296]
[3715607552, 3715611392]
[3715611648, 3715615488]
[3715615744, 3715619584]
[3715619840, 3715623680]
[3715623936, 3715627776]
[3715628032, 3715631872]
[3715632128, 3715635968]
[3715636224, 3715640064]
[3715640320, 3715644160]
[3715644416, 3715648256]
[3715648512, 3715652352]
[3715652608, 3715656448]
[3715656704, 3715660544]
[3715660800, 3715664640]
[3715664896, 3715668736]
[3715668992, 3715672832]
[3715673088, 3715676928]
[3715677184, 3715681024]
[3715681280, 3715685120]
[3715685376, 3715689216]
[3715689472, 3715693312]
[3715693568, 3715697408]
[3715697664, 3715701504]
[3715701760, 3715705600]
[3715705856, 3715709696]
[3715709952, 3715713792]
[3715714048, 3715717888]
[3715718144, 3715721984]
[3715722240, 3715726080]
[3715726336, 3715730176]
[3715730432, 3715734272]
[3715734528, 3715738368]
[3715738624, 3715742464]
[3715742720, 3715746560]
[3715746816, 3715750656]
[3715750912, 3715754752]
[3715755008, 3715758848]
[3715759104, 3715762944]
[3715763200, 3715767040]
[3715767296, 3715771136]
[3715771392, 3715775232]
[3715775488, 3715779328]
[3715779584, 3715783424]
[3715783680, 3715787520]
[3715787776, 3715791616]
[3715791872, 3715795712]
[3715795968, 3715799808]
[3715800064, 3715803904]
[3715804160, 3715808000]
[3715808256, 3715812096]
[3715812352, 3715816192]
[3715816448, 3715820288]
[3715820544, 3715824384]
[3715824640, 3715828480]
[3715828736, 3715832576]
[3715832832, 3715836672]
[3715836928, 3715840768]
[3715841024, 3715844864]
[3715845120, 3715848960]
[3715849216, 3715853056]
[3715853312, 3715857152]
[3715857408, 3715861248]
[3715861504, 3715865344]
[3715865600, 3715869440]
[3715869696, 3715873536]
[3715873792, 3715877632]
[3715877888, 3715881728]
[3715881984, 3715885824]
[3715886080, 3715889920]
[3715890176, 3715894016]
[3715894272, 3715898112]
[3715898368, 3715902208]
[3715902464, 3715906304]
[3715906560, 3715910400]
[3715910656, 3715914496]
[3715914752, 3715918592]
[3715918848, 3715922688]
[3715922944, 3715926784]
[3715927040, 3715930880]
[3715931136, 3715934976]
[3715935232, 3715939072]
[3715939328, 3715943168]
[3715943424, 3715947264]
[3715947520, 3715951360]
[3715951616, 3715955456]
[3715955712, 3715959552]
[3715959808, 3715963648]
[3715963904, 3715967744]
[3715968000, 3715971840]
[3715972096, 3715975936]
[3715976192, 3715980032]
[3715980288, 3715984128]
[3715984384, 3715988224]
[3715988480, 3715992320]
[3715992576, 3715996416]
[3715996672, 3716000512]
[3716000768, 3716004608]
[3716004864, 3716008704]
[3716008960, 3716012800]
[3716013056, 3716016896]
[3716017152, 3716020992]
[3716021248, 3716025088]
[3716025344, 3716029184]
[3716029440, 3716033280]
[3716033536, 3716037376]
[3716037632, 3716041472]
[3716041728, 3716045568]
[3716045824, 3716049664]
[3716049920, 3716053760]
[3716054016, 3716057856]
[3716058112, 3716061952]
[3716062208, 3716066048]
[3716066304, 3716070144]
[3716070400, 3716074240]
[3716074496, 3716078336]
[3716078592, 3716082432]
[3716082688, 3716086528]
[3716086784, 3716090624]
[3716090880, 3716094720]
[3716094976, 3716098816]
[3716099072, 3716102912]
[3716103168, 3716107008]
[3716107264, 3716111104]
[3716111360, 3716115200]
[3716115456, 3716119296]
[3716119552, 3716123392]
[3716123648, 3716127488]
[3716127744, 3716131584]
[3716131840, 3716135680]
[3716135936, 3716139776]
[3716140032, 3716143872]
[3716144128, 3716147968]
[3716148224, 3716152064]
[3716152320, 3716155648]
[3716156416, 3716159744]
[3716160512, 3716163840]
[3716164608, 3716167936]
[3716168704, 3716172032]
[3716172800, 3716176128]
[3716176896, 3716177408]
[3716177664, 3716180224]
[3716180992, 3716184320]
[3716185088, 3716188416]
[3716189184, 3716192512]
[3716193280, 3716196608]
[3716197376, 3716200704]
[3716201472, 3716204800]
[3716205568, 3716208896]
[3716209664, 3716212992]
[3716213760, 3716217088]
[3716217856, 3716221184]
[3716221952, 3716225280]
[3716226048, 3716229376]
[3716230144, 3716233472]
[3716234240, 3716237568]
[3716238336, 3716241664]
[3716242432, 3716242944]
[3716243200, 3716245760]
[3716246528, 3716249856]
[3716250624, 3716253952]
[3716254720, 3716258048]
[3716258816, 3716262144]
[3716262912, 3716266240]
[3716267008, 3716270336]
[3716271104, 3716274432]
[3716275200, 3716278528]
[3716279296, 3716282624]
[3716283392, 3716286720]
[3716287488, 3716290816]
[3716291584, 3716294912]
[3716295680, 3716299008]
[3716299776, 3716303104]
[3716303872, 3716307200]
[3716307968, 3716308480]
[3716308736, 3716311296]
[3716312064, 3716315392]
[3716316160, 3716319488]
[3716320256, 3716323584]
[3716324352, 3716327680]
[3716328448, 3716331776]
[3716332544, 3716335872]
[3716336640, 3716339968]
[3716340736, 3716344064]
[3716344832, 3716348160]
[3716348928, 3716352256]
[3716353024, 3716356352]
[3716357120, 3716360448]
[3716361216, 3716364544]
[3716365312, 3716368640]
[3716369408, 3716372736]
[3716373504, 3716374016]
[3716374272, 3716376832]
[3716377600, 3716380928]
[3716381696, 3716385024]
[3716385792, 3716389120]
[3716389888, 3716393216]
[3716393984, 3716397312]
[3716398080, 3716401408]
[3716402176, 3716405504]
[3716406272, 3716409600]
[3716410368, 3716413696]
[3716414464, 3716417792]
[3716418560, 3716421888]
[3716422656, 3716425984]
[3716426752, 3716430080]
[3716430848, 3716434176]
[3716434944, 3716438272]
[3716439040, 3716439552]
[3716439808, 3716442368]
[3716443136, 3716446464]
[3716447232, 3716450560]
[3716451328, 3716454656]
[3716455424, 3716458752]
[3716459520, 3716462848]
[3716463616, 3716466944]
[3716467712, 3716471040]
[3716471808, 3716475136]
[3716475904, 3716479232]
[3716480000, 3716483328]
[3716484096, 3716487424]
[3716488192, 3716491520]
[3716492288, 3716495616]
[3716496384, 3716499712]
[3716500480, 3716503808]
[3716504576, 3716505088]
[3716505344, 3716507904]
[3716508672, 3716512000]
[3716512768, 3716516096]
[3716516864, 3716520192]
[3716520960, 3716524288]
[3716525056, 3716528384]
[3716529152, 3716532480]
[3716533248, 3716536576]
[3716537344, 3716540672]
[3716541440, 3716544768]
[3716545536, 3716548864]
[3716549632, 3716552960]
[3716553728, 3716557056]
[3716557824, 3716561152]
[3716561920, 3716565248]
[3716566016, 3716569344]
[3716570112, 3716570624]
[3716570880, 3716573440]
[3716574208, 3716577536]
[3716578304, 3716581632]
[3716582400, 3716585728]
[3716586496, 3716589824]
[3716590592, 3716593920]
[3716594688, 3716598016]
[3716598784, 3716602112]
[3716602880, 3716606208]
[3716606976, 3716610304]
[3716611072, 3716614400]
[3716615168, 3716618496]
[3716619264, 3716622592]
[3716623360, 3716626688]
[3716627456, 3716630784]
[3716631552, 3716634880]
[3716635648, 3716636160]
[3716636416, 3716638976]
[3716639744, 3716643072]
[3716643840, 3716647168]
[3716647936, 3716651264]
[3716652032, 3716655360]
[3716656128, 3716659456]
[3716660224, 3716663552]
[3716664320, 3716667648]
[3716668416, 3716671744]
[3716672512, 3716675840]
[3716676608, 3716679936]
[3716680704, 3716684032]
[3716684800, 3716688128]
[3716688896, 3716692224]
[3716692992, 3716696320]
[3716697088, 3716700416]
[3716701184, 3716701696]
[3716701952, 3716704512]
[3716705280, 3716708608]
[3716709376, 3716712704]
[3716713472, 3716716800]
[3716717568, 3716720896]
[3716721664, 3716724992]
[3716725760, 3716729088]
[3716729856, 3716733184]
[3716733952, 3716737280]
[3716738048, 3716741376]
[3716742144, 3716745472]
[3716746240, 3716749568]
[3716750336, 3716753664]
[3716754432, 3716757760]
[3716758528, 3716761856]
[3716762624, 3716765952]
[3716766720, 3716767232]
[3716767488, 3716770048]
[3716770816, 3716774144]
[3716774912, 3716778240]
[3716779008, 3716782336]
[3716783104, 3716786432]
[3716787200, 3716790528]
[3716791296, 3716794624]
[3716795392, 3716798720]
[3716799488, 3716802816]
[3716803584, 3716806912]
[3716807680, 3716811008]
[3716811776, 3716815104]
[3716815872, 3716819200]
[3716819968, 3716823296]
[3716824064, 3716827392]
[3716828160, 3716831488]
[3716832256, 3716832768]
[3716833024, 3716835584]
[3716836352, 3716839680]
[3716840448, 3716843776]
[3716844544, 3716847872]
[3716848640, 3716851968]
[3716852736, 3716856064]
[3716856832, 3716860160]
[3716860928, 3716864256]
[3716865024, 3716868352]
[3716869120, 3716872448]
[3716873216, 3716876544]
[3716877312, 3716880640]
[3716881408, 3716884736]
[3716885504, 3716888832]
[3716889600, 3716892928]
[3716893696, 3716897024]
[3716897792, 3716898304]
[3716898560, 3716901120]
[3716901888, 3716905216]
[3716905984, 3716909312]
[3716910080, 3716913408]
[3716914176, 3716917504]
[3716918272, 3716921600]
[3716922368, 3716925696]
[3716926464, 3716929792]
[3716930560, 3716933888]
[3716934656, 3716937984]
[3716938752, 3716942080]
[3716942848, 3716946176]
[3716946944, 3716950272]
[3716951040, 3716954368]
[3716955136, 3716958464]
[3716959232, 3716962560]
[3716963328, 3716963840]
[3716964096, 3716966656]
[3716967424, 3716970752]
[3716971520, 3716974848]
[3716975616, 3716978944]
[3716979712, 3716983040]
[3716983808, 3716987136]
[3716987904, 3716991232]
[3716992000, 3716995328]
[3716996096, 3716999424]
[3717000192, 3717003520]
[3717004288, 3717007616]
[3717008384, 3717011712]
[3717012480, 3717015808]
[3717016576, 3717019904]
[3717020672, 3717024000]
[3717024768, 3717028096]
[3717028864, 3717029376]
[3717029632, 3717032192]
[3717032960, 3717036288]
[3717037056, 3717040384]
[3717041152, 3717044480]
[3717045248, 3717048576]
[3717049344, 3717052672]
[3717053440, 3717056768]
[3717057536, 3717060864]
[3717061632, 3717064960]
[3717065728, 3717069056]
[3717069824, 3717073152]
[3717073920, 3717077248]
[3717078016, 3717081344]
[3717082112, 3717085440]
[3717086208, 3717089536]
[3717090304, 3717093632]
[3717094400, 3717094912]
[3717095168, 3717097728]
[3717098496, 3717101824]
[3717102592, 3717105920]
[3717106688, 3717110016]
[3717110784, 3717114112]
[3717114880, 3717118208]
[3717118976, 3717122304]
[3717123072, 3717126400]
[3717127168, 3717130496]
[3717131264, 3717134592]
[3717135360, 3717138688]
[3717139456, 3717142784]
[3717143552, 3717146880]
[3717147648, 3717150976]
[3717151744, 3717155072]
[3717155840, 3717159168]
[3717159936, 3717160448]
[3717160704, 3717163264]
[3717164032, 3717167360]
[3717168128, 3717171456]
[3717172224, 3717175552]
[3717176320, 3717179648]
[3717180416, 3717183744]
[3717184512, 3717187840]
[3717188608, 3717191936]
[3717192704, 3717196032]
[3717196800, 3717200128]
[3717200896, 3717204224]
[3717204992, 3717208320]
[3717209088, 3717212416]
[3717213184, 3717216512]
[3717217280, 3717220608]
[3717221376, 3717224704]
[3717225472, 3717225984]
[3717226240, 3717228800]
[3717229568, 3717232896]
[3717233664, 3717236992]
[3717237760, 3717241088]
[3717241856, 3717245184]
[3717245952, 3717249280]
[3717250048, 3717253376]
[3717254144, 3717257472]
[3717258240, 3717261568]
[3717262336, 3717265664]
[3717266432, 3717269760]
[3717270528, 3717273856]
[3717274624, 3717277952]
[3717278720, 3717282048]
[3717282816, 3717286144]
[3717286912, 3717290240]
[3717291008, 3717291520]
[3717291776, 3717294336]
[3717295104, 3717298432]
[3717299200, 3717302528]
[3717303296, 3717306624]
[3717307392, 3717310720]
[3717311488, 3717314816]
[3717315584, 3717318912]
[3717319680, 3717323008]
[3717323776, 3717327104]
[3717327872, 3717331200]
[3717331968, 3717335296]
[3717336064, 3717339392]
[3717340160, 3717343488]
[3717344256, 3717347584]
[3717348352, 3717351680]
[3717352448, 3717355776]
[3717356544, 3717357056]
[3717357312, 3717359872]
[3717360640, 3717363968]
[3717364736, 3717368064]
[3717368832, 3717372160]
[3717372928, 3717376256]
[3717377024, 3717380352]
[3717381120, 3717384448]
[3717385216, 3717388544]
[3717389312, 3717392640]
[3717393408, 3717396736]
[3717397504, 3717400832]
[3717401600, 3717404928]
[3717405696, 3717409024]
[3717409792, 3717413120]
[3717413888, 3717417216]
[3717417984, 3717421312]
[3717422080, 3717422592]
[3717422848, 3717425408]
[3717426176, 3717429504]
[3717430272, 3717433600]
[3717434368, 3717437696]
[3717438464, 3717441792]
[3717442560, 3717445888]
[3717446656, 3717449984]
[3717450752, 3717454080]
[3717454848, 3717458176]
[3717458944, 3717462272]
[3717463040, 3717466368]
[3717467136, 3717470464]
[3717471232, 3717474560]
[3717475328, 3717478656]
[3717479424, 3717482752]
[3717483520, 3717486848]
[3717487616, 3717488128]
[3717488384, 3717490944]
[3717491712, 3717495040]
[3717495808, 3717499136]
[3717499904, 3717503232]
[3717504000, 3717507328]
[3717508096, 3717511424]
[3717512192, 3717515520]
[3717516288, 3717519616]
[3717520384, 3717523712]
[3717524480, 3717527808]
[3717528576, 3717531904]
[3717532672, 3717536000]
[3717536768, 3717540096]
[3717540864, 3717544192]
[3717544960, 3717548288]
[3717549056, 3717552384]
[3717553152, 3717553664]
[3717553920, 3717556480]
[3717557248, 3717560576]
[3717561344, 3717564672]
[3717565440, 3717568768]
[3717569536, 3717572864]
[3717573632, 3717576960]
[3717577728, 3717581056]
[3717581824, 3717585152]
[3717585920, 3717589248]
[3717590016, 3717593344]
[3717594112, 3717597440]
[3717598208, 3717601536]
[3717602304, 3717605632]
[3717606400, 3717609728]
[3717610496, 3717613824]
[3717614592, 3717617920]
[3717618688, 3717619200]
[3717619456, 3717622016]
[3717622784, 3717626112]
[3717626880, 3717630208]
[3717630976, 3717634304]
[3717635072, 3717638400]
[3717639168, 3717642496]
[3717643264, 3717646592]
[3717647360, 3717650688]
[3717651456, 3717654784]
[3717655552, 3717658880]
[3717659648, 3717662976]
[3717663744, 3717667072]
[3717667840, 3717671168]
[3717671936, 3717675264]
[3717676032, 3717679360]
[3717680128, 3717683456]
[3717684224, 3717684736]
[3717684992, 3717687552]
[3717688320, 3717691648]
[3717692416, 3717695744]
[3717696512, 3717699840]
[3717700608, 3717703936]
[3717704704, 3717708032]
[3717708800, 3717712128]
[3717712896, 3717716224]
[3717716992, 3717720320]
[3717721088, 3717724416]
[3717725184, 3717728512]
[3717729280, 3717732608]
[3717733376, 3717736704]
[3717737472, 3717740800]
[3717741568, 3717744896]
[3717745664, 3717748992]
[3717749760, 3717750272]
[3717750528, 3717753088]
[3717753856, 3717757184]
[3717757952, 3717761280]
[3717762048, 3717765376]
[3717766144, 3717769472]
[3717770240, 3717773568]
[3717774336, 3717777664]
[3717778432, 3717781760]
[3717782528, 3717785856]
[3717786624, 3717789952]
[3717790720, 3717794048]
[3717794816, 3717798144]
[3717798912, 3717802240]
[3717803008, 3717806336]
[3717807104, 3717810432]
[3717811200, 3717814528]
[3717815296, 3717815808]
[3717816064, 3717818624]
[3717819392, 3717822720]
[3717823488, 3717826816]
[3717827584, 3717830912]
[3717831680, 3717835008]
[3717835776, 3717839104]
[3717839872, 3717843200]
[3717843968, 3717847296]
[3717848064, 3717851392]
[3717852160, 3717855488]
[3717856256, 3717859584]
[3717860352, 3717863680]
[3717864448, 3717867776]
[3717868544, 3717871872]
[3717872640, 3717875968]
[3717876736, 3717880064]
[3717880832, 3717881344]
[3717881600, 3717884160]
[3717884928, 3717888256]
[3717889024, 3717892352]
[3717893120, 3717896448]
[3717897216, 3717900544]
[3717901312, 3717904640]
[3717905408, 3717908736]
[3717909504, 3717912832]
[3717913600, 3717916928]
[3717917696, 3717921024]
[3717921792, 3717925120]
[3717925888, 3717929216]
[3717929984, 3717933312]
[3717934080, 3717937408]
[3717938176, 3717941504]
[3717942272, 3717945600]
[3717946368, 3717946880]
[3717947136, 3717949696]
[3717950464, 3717953792]
[3717954560, 3717957888]
[3717958656, 3717961984]
[3717962752, 3717966080]
[3717966848, 3717970176]
[3717970944, 3717974272]
[3717975040, 3717978368]
[3717979136, 3717982464]
[3717983232, 3717986560]
[3717987328, 3717990656]
[3717991424, 3717994752]
[3717995520, 3717998848]
[3717999616, 3718002944]
[3718003712, 3718007040]
[3718007808, 3718011136]
[3718011904, 3718012416]
[3718012672, 3718015232]
[3718016000, 3718019328]
[3718020096, 3718023424]
[3718024192, 3718027520]
[3718028288, 3718031616]
[3718032384, 3718035712]
[3718036480, 3718039808]
[3718040576, 3718043904]
[3718044672, 3718048000]
[3718048768, 3718052096]
[3718052864, 3718056192]
[3718056960, 3718060288]
[3718061056, 3718064384]
[3718065152, 3718068480]
[3718069248, 3718072576]
[3718073344, 3718076672]
[3718077440, 3718077952]
[3718078208, 3718080768]
[3718081536, 3718084864]
[3718085632, 3718088960]
[3718089728, 3718093056]
[3718093824, 3718097152]
[3718097920, 3718101248]
[3718102016, 3718105344]
[3718106112, 3718109440]
[3718110208, 3718113536]
[3718114304, 3718117632]
[3718118400, 3718121728]
[3718122496, 3718125824]
[3718126592, 3718129920]
[3718130688, 3718134016]
[3718134784, 3718138112]
[3718138880, 3718142208]
[3718142976, 3718143488]
[3718143744, 3718146304]
[3718147072, 3718150400]
[3718151168, 3718154496]
[3718155264, 3718158592]
[3718159360, 3718162688]
[3718163456, 3718166784]
[3718167552, 3718170880]
[3718171648, 3718174976]
[3718175744, 3718179072]
[3718179840, 3718183168]
[3718183936, 3718187264]
[3718188032, 3718191360]
[3718192128, 3718195456]
[3718196224, 3718199552]
[3718200320, 3718203648]
[3718204416, 3718207744]
[3718208512, 3718211840]
[3718212608, 3718215936]
[3718216704, 3718220032]
[3718220800, 3718224128]
[3718224896, 3718228224]
[3718228992, 3718232320]
[3718233088, 3718236416]
[3718237184, 3718240512]
[3718241280, 3718244608]
[3718245376, 3718248704]
[3718249472, 3718274560]
[3718274816, 3718340096]
[3718340352, 3718405632]
[3718405888, 3718471168]
[3718471424, 3718536704]
[3718536960, 3718602240]
[3718602496, 3718667776]
[3718668032, 3718733312]
[3718733568, 3718798848]
[3718799104, 3718864384]
[3718864640, 3718929920]
[3718930176, 3718995456]
[3718995712, 3719060992]
[3719061248, 3719126528]
[3719126784, 3719192064]
[3719192320, 3719257600]
[3719257856, 3719323136]
[3719323392, 3719388672]
[3719388928, 3719454208]
[3719454464, 3719519744]
[3719520000, 3719585280]
[3719585536, 3719650816]
[3719651072, 3719716352]
[3719716608, 3719781888]
[3719782144, 3719847424]
[3719847680, 3719912960]
[3719913216, 3719978496]
[3719978752, 3720044032]
[3720044288, 3720109568]
[3720109824, 3720175104]
[3720175360, 3720240640]
[3720240896, 3720306176]
[3720306432, 3720349952]
[3720350720, 3720354048]
[3720354816, 3720358144]
[3720358912, 3720362240]
[3720363008, 3720366336]
[3720367104, 3720370432]
[3720371200, 3720374528]
[3720375296, 3720378624]
[3720379392, 3720382720]
[3720383488, 3720386816]
[3720387584, 3720390912]
[3720391680, 3720395008]
[3720395776, 3720399104]
[3720399872, 3720403200]
[3720403968, 3720407296]
[3720408064, 3720411392]
[3720412160, 3720415488]
[3720416256, 3720419584]
[3720420352, 3720423680]
[3720424448, 3720427776]
[3720428544, 3720431872]
[3720432640, 3720435968]
[3720436736, 3720440064]
[3720440832, 3720444160]
[3720444928, 3720448256]
[3720449024, 3720452352]
[3720453120, 3720456448]
[3720457216, 3720460544]
[3720461312, 3720464640]
[3720465408, 3720468736]
[3720469504, 3720472832]
[3720473600, 3720476928]
[3720477696, 3720481024]
[3720481792, 3720485120]
[3720485888, 3720489216]
[3720489984, 3720493312]
[3720494080, 3720497408]
[3720498176, 3720501504]
[3720502272, 3720505600]
[3720506368, 3720509696]
[3720510464, 3720513792]
[3720514560, 3720517888]
[3720518656, 3720521984]
[3720522752, 3720526080]
[3720526848, 3720530176]
[3720530944, 3720534272]
[3720535040, 3720538368]
[3720539136, 3720542464]
[3720543232, 3720546560]
[3720547328, 3720550656]
[3720551424, 3720554752]
[3720555520, 3720558848]
[3720559616, 3720562944]
[3720563712, 3720567040]
[3720567808, 3720571136]
[3720571904, 3720575232]
[3720576000, 3720579328]
[3720580096, 3720583424]
[3720584192, 3720587520]
[3720588288, 3720591616]
[3720592384, 3720595712]
[3720596480, 3720599808]
[3720600576, 3720603904]
[3720604672, 3720608000]
[3720608768, 3720612096]
[3720612864, 3720616192]
[3720616960, 3720620288]
[3720621056, 3720624384]
[3720625152, 3720628480]
[3720629248, 3720632576]
[3720633344, 3720636672]
[3720637440, 3720640768]
[3720641536, 3720644864]
[3720645632, 3720648960]
[3720649728, 3720653056]
[3720653824, 3720657152]
[3720657920, 3720661248]
[3720662016, 3720665344]
[3720666112, 3720669440]
[3720670208, 3720673536]
[3720674304, 3720677632]
[3720678400, 3720681728]
[3720682496, 3720685824]
[3720686592, 3720689920]
[3720690688, 3720694016]
[3720694784, 3720698112]
[3720698880, 3720702208]
[3720702976, 3720706304]
[3720707072, 3720710400]
[3720711168, 3720714496]
[3720715264, 3720718592]
[3720719360, 3720722688]
[3720723456, 3720726784]
[3720727552, 3720730880]
[3720731648, 3720734976]
[3720735744, 3720739072]
[3720739840, 3720743168]
[3720743936, 3720747264]
[3720748032, 3720751360]
[3720752128, 3720755456]
[3720756224, 3720759552]
[3720760320, 3720763648]
[3720764416, 3720767744]
[3720768512, 3720771840]
[3720772608, 3720775936]
[3720776704, 3720780032]
[3720780800, 3720784128]
[3720784896, 3720788224]
[3720788992, 3720792320]
[3720793088, 3720796416]
[3720797184, 3720800512]
[3720801280, 3720804608]
[3720805376, 3720808704]
[3720809472, 3720812800]
[3720813568, 3720816896]
[3720817664, 3720820992]
[3720821760, 3720825088]
[3720825856, 3720829184]
[3720829952, 3720833280]
[3720834048, 3720837376]
[3720838144, 3720841472]
[3720842240, 3720845568]
[3720846336, 3720849664]
[3720850432, 3720853760]
[3720854528, 3720857856]
[3720858624, 3720861952]
[3720862720, 3720866048]
[3720866816, 3720870144]
[3720870912, 3720874240]
[3720875008, 3720878336]
[3720879104, 3720882432]
[3720883200, 3720886528]
[3720887296, 3720890624]
[3720891392, 3720894720]
[3720895488, 3720898816]
[3720899584, 3720902912]
[3720903680, 3720907008]
[3720907776, 3720911104]
[3720911872, 3720915200]
[3720915968, 3720919296]
[3720920064, 3720923392]
[3720924160, 3720927488]
[3720928256, 3720931584]
[3720932352, 3720935680]
[3720936448, 3720939776]
[3720940544, 3720943872]
[3720944640, 3720947968]
[3720948736, 3720952064]
[3720952832, 3720956160]
[3720956928, 3720960256]
[3720961024, 3720964352]
[3720965120, 3720968448]
[3720969216, 3720972544]
[3720973312, 3720976640]
[3720977408, 3720980736]
[3720981504, 3720984832]
[3720985600, 3720988928]
[3720989696, 3720993024]
[3720993792, 3720997120]
[3720997888, 3721001216]
[3721001984, 3721005312]
[3721006080, 3721009408]
[3721010176, 3721013504]
[3721014272, 3721017600]
[3721018368, 3721021696]
[3721022464, 3721025792]
[3721026560, 3721029888]
[3721030656, 3721033984]
[3721034752, 3721038080]
[3721038848, 3721042176]
[3721042944, 3721046272]
[3721047040, 3721050368]
[3721051136, 3721054464]
[3721055232, 3721058560]
[3721059328, 3721062656]
[3721063424, 3721066752]
[3721067520, 3721070848]
[3721071616, 3721074944]
[3721075712, 3721079040]
[3721079808, 3721083136]
[3721083904, 3721087232]
[3721088000, 3721091328]
[3721092096, 3721095424]
[3721096192, 3721099520]
[3721100288, 3721103616]
[3721104384, 3721107712]
[3721108480, 3721111808]
[3721112576, 3721115904]
[3721116672, 3721120000]
[3721120768, 3721124096]
[3721124864, 3721128192]
[3721128960, 3721132288]
[3721133056, 3721136384]
[3721137152, 3721140480]
[3721141248, 3721144576]
[3721145344, 3721148672]
[3721149440, 3721152768]
[3721153536, 3721156864]
[3721157632, 3721160960]
[3721161728, 3721165056]
[3721165824, 3721169152]
[3721169920, 3721173248]
[3721174016, 3721177344]
[3721178112, 3721181440]
[3721182208, 3721185536]
[3721186304, 3721189632]
[3721190400, 3721193728]
[3721194496, 3721197824]
[3721198592, 3721201920]
[3721202688, 3721206016]
[3721206784, 3721210112]
[3721210880, 3721214208]
[3721214976, 3721218304]
[3721219072, 3721222400]
[3721223168, 3721226496]
[3721227264, 3721230592]
[3721231360, 3721234688]
[3721235456, 3721238784]
[3721239552, 3721242880]
[3721243648, 3721246976]
[3721247744, 3721251072]
[3721251840, 3721255168]
[3721255936, 3721259264]
[3721260032, 3721263360]
[3721264128, 3721267456]
[3721268224, 3721271552]
[3721272320, 3721275648]
[3721276416, 3721279744]
[3721280512, 3721283840]
[3721284608, 3721287936]
[3721288704, 3721292032]
[3721292800, 3721296128]
[3721296896, 3721300224]
[3721300992, 3721304320]
[3721305088, 3721308416]
[3721309184, 3721312512]
[3721313280, 3721316608]
[3721317376, 3721320704]
[3721321472, 3721324800]
[3721325568, 3721328896]
[3721329664, 3721332992]
[3721333760, 3721337088]
[3721337856, 3721341184]
[3721341952, 3721345280]
[3721346048, 3721349376]
[3721350144, 3721353472]
[3721354240, 3721357568]
[3721358336, 3721361664]
[3721362432, 3721365760]
[3721366528, 3721369856]
[3721370624, 3721373952]
[3721374720, 3721378048]
[3721378816, 3721382144]
[3721382912, 3721386240]
[3721387008, 3721390336]
[3721391104, 3721394432]
[3721395200, 3721398528]
[3721399296, 3721402624]
[3721403392, 3721406720]
[3721407488, 3721410816]
[3721411584, 3721414912]
[3721415680, 3721419008]
[3721419776, 3721423104]
[3721423872, 3721427200]
[3721427968, 3721431296]
[3721432064, 3721435392]
[3721436160, 3721439488]
[3721440256, 3721443584]
[3721444352, 3721447680]
[3721448448, 3721451776]
[3721452544, 3721455872]
[3721456640, 3721459968]
[3721460736, 3721464064]
[3721464832, 3721468160]
[3721468928, 3721472256]
[3721473024, 3721476352]
[3721477120, 3721480448]
[3721481216, 3721484544]
[3721485312, 3721488640]
[3721489408, 3721492736]
[3721493504, 3721496832]
[3721497600, 3721500928]
[3721501696, 3721505024]
[3721505792, 3721509120]
[3721509888, 3721513216]
[3721513984, 3721517312]
[3721518080, 3721521408]
[3721522176, 3721525504]
[3721526272, 3721529600]
[3721530368, 3721533696]
[3721534464, 3721537792]
[3721538560, 3721541888]
[3721542656, 3721545984]
[3721546752, 3721550080]
[3721550848, 3721554176]
[3721554944, 3721558272]
[3721559040, 3721562368]
[3721563136, 3721566464]
[3721567232, 3721570560]
[3721571328, 3721574656]
[3721575424, 3721578752]
[3721579520, 3721582848]
[3721583616, 3721586944]
[3721587712, 3721591040]
[3721591808, 3721595136]
[3721595904, 3721599232]
[3721600000, 3721603328]
[3721604096, 3721607424]
[3721608192, 3721611520]
[3721612288, 3721615616]
[3721616384, 3721619712]
[3721620480, 3721623808]
[3721624576, 3721627904]
[3721628672, 3721632000]
[3721632768, 3721636096]
[3721636864, 3721640192]
[3721640960, 3721644288]
[3721645056, 3721648384]
[3721649152, 3721652480]
[3721653248, 3721656576]
[3721657344, 3721660672]
[3721661440, 3721664768]
[3721665536, 3721668864]
[3721669632, 3721672960]
[3721673728, 3721677056]
[3721677824, 3721681152]
[3721681920, 3721685248]
[3721686016, 3721689344]
[3721690112, 3721693440]
[3721694208, 3721697536]
[3721698304, 3721701632]
[3721702400, 3721705728]
[3721706496, 3721709824]
[3721710592, 3721713920]
[3721714688, 3721718016]
[3721718784, 3721722112]
[3721722880, 3721726208]
[3721726976, 3721730304]
[3721731072, 3721734400]
[3721735168, 3721738496]
[3721739264, 3721742592]
[3721743360, 3721746688]
[3721747456, 3721750784]
[3721751552, 3721754880]
[3721755648, 3721758976]
[3721759744, 3721763072]
[3721763840, 3721767168]
[3721767936, 3721771264]
[3721772032, 3721775360]
[3721776128, 3721779456]
[3721780224, 3721783552]
[3721784320, 3721787648]
[3721788416, 3721791744]
[3721792512, 3721795840]
[3721796608, 3721799936]
[3721800704, 3721804032]
[3721804800, 3721808128]
[3721808896, 3721812224]
[3721812992, 3721816320]
[3721817088, 3721820416]
[3721821184, 3721824512]
[3721825280, 3721828608]
[3721829376, 3721832704]
[3721833472, 3721836800]
[3721837568, 3721840896]
[3721841664, 3721844992]
[3721845760, 3721849088]
[3721849856, 3721853184]
[3721853952, 3721857280]
[3721858048, 3721861376]
[3721862144, 3721865472]
[3721866240, 3721869568]
[3721870336, 3721873664]
[3721874432, 3721877760]
[3721878528, 3721881856]
[3721882624, 3721885952]
[3721886720, 3721890048]
[3721890816, 3721894144]
[3721894912, 3721898240]
[3721899008, 3721902336]
[3721903104, 3721906432]
[3721907200, 3721910528]
[3721911296, 3721914624]
[3721915392, 3721918720]
[3721919488, 3721922816]
[3721923584, 3721926912]
[3721927680, 3721931008]
[3721931776, 3721935104]
[3721935872, 3721939200]
[3721939968, 3721943296]
[3721944064, 3721947392]
[3721948160, 3721951488]
[3721952256, 3721955584]
[3721956352, 3721959680]
[3721960448, 3721963776]
[3721964544, 3721967872]
[3721968640, 3721971968]
[3721972736, 3721976064]
[3721976832, 3721980160]
[3721980928, 3721984256]
[3721985024, 3721988352]
[3721989120, 3721992448]
[3721993216, 3721996544]
[3721997312, 3722000640]
[3722001408, 3722004736]
[3722005504, 3722008832]
[3722009600, 3722012928]
[3722013696, 3722017024]
[3722017792, 3722021120]
[3722021888, 3722025216]
[3722025984, 3722029312]
[3722030080, 3722033408]
[3722034176, 3722037504]
[3722038272, 3722041600]
[3722042368, 3722045696]
[3722046464, 3722049792]
[3722050560, 3722053888]
[3722054656, 3722057984]
[3722058752, 3722062080]
[3722062848, 3722066176]
[3722066944, 3722070272]
[3722071040, 3722074368]
[3722075136, 3722078464]
[3722079232, 3722082560]
[3722083328, 3722086656]
[3722087424, 3722090752]
[3722091520, 3722094848]
[3722095616, 3722098944]
[3722099712, 3722103040]
[3722103808, 3722107136]
[3722107904, 3722111232]
[3722112000, 3722115328]
[3722116096, 3722119424]
[3722120192, 3722123520]
[3722124288, 3722127616]
[3722128384, 3722131712]
[3722132480, 3722135808]
[3722136576, 3722139904]
[3722140672, 3722144000]
[3722144768, 3722148096]
[3722148864, 3722152192]
[3722152960, 3722156288]
[3722157056, 3722160384]
[3722161152, 3722164480]
[3722165248, 3722168576]
[3722169344, 3722172672]
[3722173440, 3722176768]
[3722177536, 3722180864]
[3722181632, 3722184960]
[3722185728, 3722189056]
[3722189824, 3722193152]
[3722193920, 3722197248]
[3722198016, 3722201344]
[3722202112, 3722205440]
[3722206208, 3722209536]
[3722210304, 3722213632]
[3722214400, 3722217728]
[3722218496, 3722221824]
[3722222592, 3722225920]
[3722226688, 3722230016]
[3722230784, 3722234112]
[3722234880, 3722238208]
[3722238976, 3722242304]
[3722243072, 3722246400]
[3722247168, 3722250496]
[3722251264, 3722254592]
[3722255360, 3722258688]
[3722259456, 3722262784]
[3722263552, 3722266880]
[3722267648, 3722270976]
[3722271744, 3722275072]
[3722275840, 3722279168]
[3722279936, 3722283264]
[3722284032, 3722287360]
[3722288128, 3722291456]
[3722292224, 3722295552]
[3722296320, 3722299648]
[3722300416, 3722303744]
[3722304512, 3722307840]
[3722308608, 3722311936]
[3722312704, 3722316032]
[3722316800, 3722320128]
[3722320896, 3722324224]
[3722324992, 3722328320]
[3722329088, 3722332416]
[3722333184, 3722336512]
[3722337280, 3722340608]
[3722341376, 3722344704]
[3722345472, 3722348800]
[3722349568, 3722352896]
[3722353664, 3722356992]
[3722357760, 3722361088]
[3722361856, 3722365184]
[3722365952, 3722369280]
[3722370048, 3722373376]
[3722374144, 3722377472]
[3722378240, 3722381568]
[3722382336, 3722385664]
[3722386432, 3722389760]
[3722390528, 3722393856]
[3722394624, 3722397952]
[3722398720, 3722402048]
[3722402816, 3722406144]
[3722406912, 3722410240]
[3722411008, 3722414336]
[3722415104, 3722418432]
[3722419200, 3722422528]
[3722423296, 3722426624]
[3722427392, 3722430720]
[3722431488, 3722434816]
[3722435584, 3722438912]
[3722439680, 3722443008]
[3722443776, 3724541952]
