[486539264, 486541568]
[486542336, 486545664]
[486546432, 486549760]
[486550528, 486553856]
[486554624, 486557952]
[486558720, 486562048]
[486562816, 486563328]
[486563584, 486566144]
[486566912, 486570240]
[486571008, 486574336]
[486575104, 486578432]
[486579200, 486582528]
[486583296, 486586624]
[486587392, 486590720]
[486591488, 486594816]
[486595584, 486598912]
[486599680, 486603008]
[486603776, 486607104]
[486607872, 486611200]
[486611968, 486615296]
[486616064, 486619392]
[486620160, 486623488]
[486624256, 486627584]
[486628352, 486628864]
[486629120, 486631680]
[486632448, 486635776]
[486636544, 486639872]
[486640640, 486643968]
[486644736, 486648064]
[486648832, 486652160]
[486652928, 486656256]
[486657024, 486660352]
[486661120, 486664448]
[486665216, 486668544]
[486669312, 486672640]
[486673408, 486676736]
[486677504, 486680832]
[486681600, 486684928]
[486685696, 486689024]
[486689792, 486693120]
[486693888, 486694400]
[486694656, 486697216]
[486697984, 486701312]
[486702080, 486705408]
[486706176, 486709504]
[486710272, 486713600]
[486714368, 486717696]
[486718464, 486721792]
[486722560, 486725888]
[486726656, 486729984]
[486730752, 486734080]
[486734848, 486738176]
[486738944, 486742272]
[486743040, 486746368]
[486747136, 486750464]
[486751232, 486754560]
[486755328, 486758656]
[486759424, 486759936]
[486760192, 486762752]
[486763520, 486766848]
[486767616, 486770944]
[486771712, 486775040]
[486775808, 486779136]
[486779904, 486783232]
[486784000, 486787328]
[486788096, 486791424]
[486792192, 486795520]
[486796288, 486799616]
[486800384, 486803712]
[486804480, 486807808]
[486808576, 486811904]
[486812672, 486816000]
[486816768, 486820096]
[486820864, 486824192]
[486824960, 486825472]
[486825728, 486828288]
[486829056, 486832384]
[486833152, 486836480]
[486837248, 486840576]
[486841344, 486844672]
[486845440, 486848768]
[486849536, 486852864]
[486853632, 486856960]
[486857728, 486861056]
[486861824, 486865152]
[486865920, 486869248]
[486870016, 486873344]
[486874112, 486877440]
[486878208, 486881536]
[486882304, 486885632]
[486886400, 486889728]
[486890496, 486891008]
[486891264, 486893824]
[486894592, 486897920]
[486898688, 486902016]
[486902784, 486906112]
[486906880, 486910208]
[486910976, 486914304]
[486915072, 486918400]
[486919168, 486922496]
[486923264, 486926592]
[486927360, 486930688]
[486931456, 486934784]
[486935552, 486938880]
[486939648, 486942976]
[486943744, 486947072]
[486947840, 486951168]
[486951936, 486955264]
[486956032, 486956544]
[486956800, 486959360]
[486960128, 486963456]
[486964224, 486967552]
[486968320, 486971648]
[486972416, 486975744]
[486976512, 486979840]
[486980608, 486983936]
[486984704, 486988032]
[486988800, 486992128]
[486992896, 486996224]
[486996992, 487000320]
[487001088, 487004416]
[487005184, 487008512]
[487009280, 487012608]
[487013376, 487016704]
[487017472, 487020800]
[487021568, 487022080]
[487022336, 487024896]
[487025664, 487028992]
[487029760, 487033088]
[487033856, 487037184]
[487037952, 487041280]
[487042048, 487045376]
[487046144, 487049472]
[487050240, 487053568]
[487054336, 487057664]
[487058432, 487061760]
[487062528, 487065856]
[487066624, 487069952]
[487070720, 487074048]
[487074816, 487078144]
[487078912, 487082240]
[487083008, 487086336]
[487087104, 487087616]
[487087872, 487090432]
[487091200, 487094528]
[487095296, 487098624]
[487099392, 487102720]
[487103488, 487106816]
[487107584, 487110912]
[487111680, 487115008]
[487115776, 487119104]
[487119872, 487123200]
[487123968, 487127296]
[487128064, 487131392]
[487132160, 487135488]
[487136256, 487139584]
[487140352, 487143680]
[487144448, 487147776]
[487148544, 487151872]
[487152640, 487153152]
[487153408, 487155968]
[487156736, 487160064]
[487160832, 487164160]
[487164928, 487168256]
[487169024, 487172352]
[487173120, 487176448]
[487177216, 487180544]
[487181312, 487184640]
[487185408, 487188736]
[487189504, 487192832]
[487193600, 487196928]
[487197696, 487201024]
[487201792, 487205120]
[487205888, 487209216]
[487209984, 487213312]
[487214080, 487217408]
[487218176, 487218688]
[487218944, 487221504]
[487222272, 487225600]
[487226368, 487229696]
[487230464, 487233792]
[487234560, 487237888]
[487238656, 487241984]
[487242752, 487246080]
[487246848, 487250176]
[487250944, 487254272]
[487255040, 487258368]
[487259136, 487262464]
[487263232, 487266560]
[487267328, 487270656]
[487271424, 487274752]
[487275520, 487278848]
[487279616, 487282944]
[487283712, 487284224]
[487284480, 487287040]
[487287808, 487291136]
[487291904, 487295232]
[487296000, 487299328]
[487300096, 487303424]
[487304192, 487307520]
[487308288, 487311616]
[487312384, 487315712]
[487316480, 487319808]
[487320576, 487323904]
[487324672, 487328000]
[487328768, 487332096]
[487332864, 487336192]
[487336960, 487340288]
[487341056, 487344384]
[487345152, 487348480]
[487349248, 487349760]
[487350016, 487352576]
[487353344, 487356672]
[487357440, 487360768]
[487361536, 487364864]
[487365632, 487368960]
[487369728, 487373056]
[487373824, 487377152]
[487377920, 487381248]
[487382016, 487385344]
[487386112, 487389440]
[487390208, 487393536]
[487394304, 487397632]
[487398400, 487401728]
[487402496, 487405824]
[487406592, 487409920]
[487410688, 487414016]
[487414784, 487415296]
[487415552, 487418112]
[487418880, 487422208]
[487422976, 487426304]
[487427072, 487430400]
[487431168, 487434496]
[487435264, 487438592]
[487439360, 487442688]
[487443456, 487446784]
[487447552, 487450880]
[487451648, 487454976]
[487455744, 487459072]
[487459840, 487463168]
[487463936, 487467264]
[487468032, 487471360]
[487472128, 487475456]
[487476224, 487479552]
[487480320, 487480832]
[487481088, 487483648]
[487484416, 487487744]
[487488512, 487491840]
[487492608, 487495936]
[487496704, 487500032]
[487500800, 487504128]
[487504896, 487508224]
[487508992, 487512320]
[487513088, 487516416]
[487517184, 487520512]
[487521280, 487524608]
[487525376, 487528704]
[487529472, 487532800]
[487533568, 487536896]
[487537664, 487540992]
[487541760, 487545088]
[487545856, 487546368]
[487546624, 487549184]
[487549952, 487553280]
[487554048, 487557376]
[487558144, 487561472]
[487562240, 487565568]
[487566336, 487569664]
[487570432, 487573760]
[487574528, 487577856]
[487578624, 487581952]
[487582720, 487586048]
[487586816, 487590144]
[487590912, 487594240]
[487595008, 487598336]
[487599104, 487602432]
[487603200, 487606528]
[487607296, 487610624]
[487611392, 487611904]
[487612160, 487614720]
[487615488, 487618816]
[487619584, 487622912]
[487623680, 487627008]
[487627776, 487631104]
[487631872, 487635200]
[487635968, 487639296]
[487640064, 487643392]
[487644160, 487647488]
[487648256, 487651584]
[487652352, 487655680]
[487656448, 487659776]
[487660544, 487663872]
[487664640, 487667968]
[487668736, 487672064]
[487672832, 487676160]
[487676928, 487677440]
[487677696, 487680256]
[487681024, 487684352]
[487685120, 487688448]
[487689216, 487692544]
[487693312, 487696640]
[487697408, 487700736]
[487701504, 487704832]
[487705600, 487708928]
[487709696, 487713024]
[487713792, 487717120]
[487717888, 487721216]
[487721984, 487725312]
[487726080, 487729408]
[487730176, 487733504]
[487734272, 487737600]
[487738368, 487741696]
[487742464, 487742976]
[487743232, 487745792]
[487746560, 487749888]
[487750656, 487753984]
[487754752, 487758080]
[487758848, 487762176]
[487762944, 487766272]
[487767040, 487770368]
[487771136, 487774464]
[487775232, 487778560]
[487779328, 487782656]
[487783424, 487786752]
[487787520, 487790848]
[487791616, 487794944]
[487795712, 487799040]
[487799808, 487803136]
[487803904, 487807232]
[487808000, 487808512]
[487808768, 487811328]
[487812096, 487815424]
[487816192, 487819520]
[487820288, 487823616]
[487824384, 487827712]
[487828480, 487831808]
[487832576, 487835904]
[487836672, 487840000]
[487840768, 487844096]
[487844864, 487848192]
[487848960, 487852288]
[487853056, 487856384]
[487857152, 487860480]
[487861248, 487864576]
[487865344, 487868672]
[487869440, 487872768]
[487873536, 487874048]
[487874304, 487876864]
[487877632, 487880960]
[487881728, 487885056]
[487885824, 487889152]
[487889920, 487893248]
[487894016, 487897344]
[487898112, 487901440]
[487902208, 487905536]
[487906304, 487909632]
[487910400, 487913728]
[487914496, 487917824]
[487918592, 487921920]
[487922688, 487926016]
[487926784, 487930112]
[487930880, 487934208]
[487934976, 487938304]
[487939072, 487939584]
[487939840, 487942400]
[487943168, 487946496]
[487947264, 487950592]
[487951360, 487954688]
[487955456, 487958784]
[487959552, 487962880]
[487963648, 487966976]
[487967744, 487971072]
[487971840, 487975168]
[487975936, 487979264]
[487980032, 487983360]
[487984128, 487987456]
[487988224, 487991552]
[487992320, 487995648]
[487996416, 487999744]
[488000512, 488003840]
[488004608, 488005120]
[488005376, 488007936]
[488008704, 488012032]
[488012800, 488016128]
[488016896, 488020224]
[488020992, 488024320]
[488025088, 488028416]
[488029184, 488032512]
[488033280, 488036608]
[488037376, 488040704]
[488041472, 488044800]
[488045568, 488048896]
[488049664, 488052992]
[488053760, 488057088]
[488057856, 488061184]
[488061952, 488065280]
[488066048, 488069376]
[488070144, 488070656]
[488070912, 488073472]
[488074240, 488077568]
[488078336, 488081664]
[488082432, 488085760]
[488086528, 488089856]
[488090624, 488093952]
[488094720, 488098048]
[488098816, 488102144]
[488102912, 488106240]
[488107008, 488110336]
[488111104, 488114432]
[488115200, 488118528]
[488119296, 488122624]
[488123392, 488126720]
[488127488, 488130816]
[488131584, 488134912]
[488135680, 488136192]
[488136448, 488139008]
[488139776, 488143104]
[488143872, 488147200]
[488147968, 488151296]
[488152064, 488155392]
[488156160, 488159488]
[488160256, 488163584]
[488164352, 488167680]
[488168448, 488171776]
[488172544, 488175872]
[488176640, 488179968]
[488180736, 488184064]
[488184832, 488188160]
[488188928, 488192256]
[488193024, 488196352]
[488197120, 488200448]
[488201216, 488201728]
[488201984, 488204544]
[488205312, 488208640]
[488209408, 488212736]
[488213504, 488216832]
[488217600, 488220928]
[488221696, 488225024]
[488225792, 488229120]
[488229888, 488233216]
[488233984, 488237312]
[488238080, 488241408]
[488242176, 488245504]
[488246272, 488249600]
[488250368, 488253696]
[488254464, 488257792]
[488258560, 488261888]
[488262656, 488265984]
[488266752, 488267264]
[488267520, 488270080]
[488270848, 488274176]
[488274944, 488278272]
[488279040, 488282368]
[488283136, 488286464]
[488287232, 488290560]
[488291328, 488294656]
[488295424, 488298752]
[488299520, 488302848]
[488303616, 488306944]
[488307712, 488311040]
[488311808, 488315136]
[488315904, 488319232]
[488320000, 488323328]
[488324096, 488327424]
[488328192, 488331520]
[488332288, 488332800]
[488333056, 488335616]
[488336384, 488339712]
[488340480, 488343808]
[488344576, 488347904]
[488348672, 488352000]
[488352768, 488356096]
[488356864, 488360192]
[488360960, 488364288]
[488365056, 488368384]
[488369152, 488372480]
[488373248, 488376576]
[488377344, 488380672]
[488381440, 488384768]
[488385536, 488388864]
[488389632, 488392960]
[488393728, 488397056]
[488397824, 488398336]
[488398592, 488401152]
[488401920, 488405248]
[488406016, 488409344]
[488410112, 488413440]
[488414208, 488417536]
[488418304, 488421632]
[488422400, 488425728]
[488426496, 488429824]
[488430592, 488433920]
[488434688, 488438016]
[488438784, 488442112]
[488442880, 488446208]
[488446976, 488450304]
[488451072, 488454400]
[488455168, 488458496]
[488459264, 488462592]
[488463360, 488463872]
[488464128, 488466688]
[488467456, 488470784]
[488471552, 488474880]
[488475648, 488478976]
[488479744, 488483072]
[488483840, 488487168]
[488487936, 488491264]
[488492032, 488495360]
[488496128, 488499456]
[488500224, 488503552]
[488504320, 488507648]
[488508416, 488511744]
[488512512, 488515840]
[488516608, 488519936]
[488520704, 488524032]
[488524800, 488528128]
[488528896, 488529408]
[488529664, 488532224]
[488532992, 488536320]
[488537088, 488540416]
[488541184, 488544512]
[488545280, 488548608]
[488549376, 488552704]
[488553472, 488556800]
[488557568, 488560896]
[488561664, 488564992]
[488565760, 488569088]
[488569856, 488573184]
[488573952, 488577280]
[488578048, 488581376]
[488582144, 488585472]
[488586240, 488589568]
[488590336, 488593664]
[488594432, 488597760]
[488598528, 488601856]
[488602624, 488605952]
[488606720, 488610048]
[488610816, 488614144]
[488614912, 488618240]
[488619008, 488622336]
[488623104, 488626432]
[488627200, 488630528]
[488631296, 488634624]
[488635392, 488639232]
[488639488, 488643328]
[488643584, 488647424]
[488647680, 488651520]
[488651776, 488655616]
[488655872, 488659712]
[488659968, 488660480]
[488660736, 488663808]
[488664064, 488667904]
[488668160, 488672000]
[488672256, 488676096]
[488676352, 488680192]
[488680448, 488684288]
[488684544, 488688384]
[488688640, 488692480]
[488692736, 488696576]
[488696832, 488700672]
[488700928, 488704768]
[488705024, 488708864]
[488709120, 488712960]
[488713216, 488717056]
[488717312, 488721152]
[488721408, 488725248]
[488725504, 488726016]
[488726272, 488729344]
[488729600, 488733440]
[488733696, 488737536]
[488737792, 488741632]
[488741888, 488745728]
[488745984, 488749824]
[488750080, 488753920]
[488754176, 488758016]
[488758272, 488762112]
[488762368, 488766208]
[488766464, 488770304]
[488770560, 488774400]
[488774656, 488778496]
[488778752, 488782592]
[488782848, 488786688]
[488786944, 488790784]
[488791040, 488791552]
[488791808, 488794880]
[488795136, 488798976]
[488799232, 488803072]
[488803328, 488807168]
[488807424, 488811264]
[488811520, 488815360]
[488815616, 488819456]
[488819712, 488823552]
[488823808, 488827648]
[488827904, 488831744]
[488832000, 488835840]
[488836096, 488839936]
[488840192, 488844032]
[488844288, 488848128]
[488848384, 488852224]
[488852480, 488856320]
[488856576, 488857088]
[488857344, 488860416]
[488860672, 488864512]
[488864768, 488868608]
[488868864, 488872704]
[488872960, 488876800]
[488877056, 488880896]
[488881152, 488884992]
[488885248, 488889088]
[488889344, 488893184]
[488893440, 488897280]
[488897536, 488901376]
[488901632, 488905472]
[488905728, 488909568]
[488909824, 488913664]
[488913920, 488917760]
[488918016, 488921856]
[488922112, 488922624]
[488922880, 488925952]
[488926208, 488930048]
[488930304, 488934144]
[488934400, 488938240]
[488938496, 488942336]
[488942592, 488946432]
[488946688, 488950528]
[488950784, 488954624]
[488954880, 488958720]
[488958976, 488962816]
[488963072, 488966912]
[488967168, 488971008]
[488971264, 488975104]
[488975360, 488979200]
[488979456, 488983296]
[488983552, 488987392]
[488987648, 488988160]
[488988416, 488991488]
[488991744, 488995584]
[488995840, 488999680]
[488999936, 489003776]
[489004032, 489007872]
[489008128, 489011968]
[489012224, 489016064]
[489016320, 489020160]
[489020416, 489024256]
[489024512, 489028352]
[489028608, 489032448]
[489032704, 489036544]
[489036800, 489040640]
[489040896, 489044736]
[489044992, 489048832]
[489049088, 489052928]
[489053184, 489053696]
[489053952, 489057024]
[489057280, 489061120]
[489061376, 489065216]
[489065472, 489069312]
[489069568, 489073408]
[489073664, 489077504]
[489077760, 489081600]
[489081856, 489085696]
[489085952, 489089792]
[489090048, 489093888]
[489094144, 489097984]
[489098240, 489102080]
[489102336, 489106176]
[489106432, 489110272]
[489110528, 489114368]
[489114624, 489118464]
[489118720, 489119232]
[489119488, 489122560]
[489122816, 489126656]
[489126912, 489130752]
[489131008, 489134848]
[489135104, 489138944]
[489139200, 489143040]
[489143296, 489147136]
[489147392, 489151232]
[489151488, 489155328]
[489155584, 489159424]
[489159680, 489163520]
[489163776, 489167616]
[489167872, 489171712]
[489171968, 489175808]
[489176064, 489179904]
[489180160, 489184000]
[489184256, 489184768]
[489185024, 489188096]
[489188352, 489192192]
[489192448, 489196288]
[489196544, 489200384]
[489200640, 489204480]
[489204736, 489208576]
[489208832, 489212672]
[489212928, 489216768]
[489217024, 489220864]
[489221120, 489224960]
[489225216, 489229056]
[489229312, 489233152]
[489233408, 489237248]
[489237504, 489241344]
[489241600, 489245440]
[489245696, 489249536]
[489249792, 489250304]
[489250560, 489253632]
[489253888, 489257728]
[489257984, 489261824]
[489262080, 489265920]
[489266176, 489270016]
[489270272, 489274112]
[489274368, 489278208]
[489278464, 489282304]
[489282560, 489286400]
[489286656, 489290496]
[489290752, 489294592]
[489294848, 489298688]
[489298944, 489302784]
[489303040, 489306880]
[489307136, 489310976]
[489311232, 489315072]
[489315328, 489315840]
[489316096, 489319168]
[489319424, 489323264]
[489323520, 489327360]
[489327616, 489331456]
[489331712, 489335552]
[489335808, 489339648]
[489339904, 489343744]
[489344000, 489347840]
[489348096, 489351936]
[489352192, 489356032]
[489356288, 489360128]
[489360384, 489364224]
[489364480, 489368320]
[489368576, 489372416]
[489372672, 489376512]
[489376768, 489380608]
[489380864, 489381376]
[489381632, 489384704]
[489384960, 489388800]
[489389056, 489392896]
[489393152, 489396992]
[489397248, 489401088]
[489401344, 489405184]
[489405440, 489409280]
[489409536, 489413376]
[489413632, 489417472]
[489417728, 489421568]
[489421824, 489425664]
[489425920, 489429760]
[489430016, 489433856]
[489434112, 489437952]
[489438208, 489442048]
[489442304, 489446144]
[489446400, 489446912]
[489447168, 489450240]
[489450496, 489454336]
[489454592, 489458432]
[489458688, 489462528]
[489462784, 489466624]
[489466880, 489470720]
[489470976, 489474816]
[489475072, 489478912]
[489479168, 489483008]
[489483264, 489487104]
[489487360, 489491200]
[489491456, 489495296]
[489495552, 489499392]
[489499648, 489503488]
[489503744, 489507584]
[489507840, 489511680]
[489511936, 489512448]
[489512704, 489515776]
[489516032, 489519872]
[489520128, 489523968]
[489524224, 489528064]
[489528320, 489532160]
[489532416, 489536256]
[489536512, 489540352]
[489540608, 489544448]
[489544704, 489548544]
[489548800, 489552640]
[489552896, 489556736]
[489556992, 489560832]
[489561088, 489564928]
[489565184, 489569024]
[489569280, 489573120]
[489573376, 489577216]
[489577472, 489577984]
[489578240, 489581312]
[489581568, 489585408]
[489585664, 489589504]
[489589760, 489593600]
[489593856, 489597696]
[489597952, 489601792]
[489602048, 489605888]
[489606144, 489609984]
[489610240, 489614080]
[489614336, 489618176]
[489618432, 489622272]
[489622528, 489626368]
[489626624, 489630464]
[489630720, 489634560]
[489634816, 489638656]
[489638912, 489642752]
[489643008, 489643520]
[489643776, 489646848]
[489647104, 489650944]
[489651200, 489655040]
[489655296, 489659136]
[489659392, 489663232]
[489663488, 489667328]
[489667584, 489671424]
[489671680, 489675520]
[489675776, 489679616]
[489679872, 489683712]
[489683968, 489687808]
[489688064, 489691904]
[489692160, 489696000]
[489696256, 489700096]
[489700352, 489704192]
[489704448, 489708288]
[489708544, 489709056]
[489709312, 489712384]
[489712640, 489716480]
[489716736, 489720576]
[489720832, 489724672]
[489724928, 489728768]
[489729024, 489732864]
[489733120, 489736960]
[489737216, 489741056]
[489741312, 489745152]
[489745408, 489749248]
[489749504, 489753344]
[489753600, 489757440]
[489757696, 489761536]
[489761792, 489765632]
[489765888, 489769728]
[489769984, 489773824]
[489774080, 489774592]
[489774848, 489777920]
[489778176, 489782016]
[489782272, 489786112]
[489786368, 489790208]
[489790464, 489794304]
[489794560, 489798400]
[489798656, 489802496]
[489802752, 489806592]
[489806848, 489810688]
[489810944, 489814784]
[489815040, 489818880]
[489819136, 489822976]
[489823232, 489827072]
[489827328, 489831168]
[489831424, 489835264]
[489835520, 489839360]
[489839616, 489840128]
[489840384, 489843456]
[489843712, 489847552]
[489847808, 489851648]
[489851904, 489855744]
[489856000, 489859840]
[489860096, 489863936]
[489864192, 489868032]
[489868288, 489872128]
[489872384, 489876224]
[489876480, 489880320]
[489880576, 489884416]
[489884672, 489888512]
[489888768, 489892608]
[489892864, 489896704]
[489896960, 489900800]
[489901056, 489904896]
[489905152, 489905664]
[489905920, 489908992]
[489909248, 489913088]
[489913344, 489917184]
[489917440, 489921280]
[489921536, 489925376]
[489925632, 489929472]
[489929728, 489933568]
[489933824, 489937664]
[489937920, 489941760]
[489942016, 489945856]
[489946112, 489949952]
[489950208, 489954048]
[489954304, 489958144]
[489958400, 489962240]
[489962496, 489966336]
[489966592, 489970432]
[489970688, 489971200]
[489971456, 489974528]
[489974784, 489978624]
[489978880, 489982720]
[489982976, 489986816]
[489987072, 489990912]
[489991168, 489995008]
[489995264, 489999104]
[489999360, 490003200]
[490003456, 490007296]
[490007552, 490011392]
[490011648, 490015488]
[490015744, 490019584]
[490019840, 490023680]
[490023936, 490027776]
[490028032, 490031872]
[490032128, 490035968]
[490036224, 490036736]
[490036992, 490040064]
[490040320, 490044160]
[490044416, 490048256]
[490048512, 490052352]
[490052608, 490056448]
[490056704, 490060544]
[490060800, 490064640]
[490064896, 490068736]
[490068992, 490072832]
[490073088, 490076928]
[490077184, 490081024]
[490081280, 490085120]
[490085376, 490089216]
[490089472, 490093312]
[490093568, 490097408]
[490097664, 490101504]
[490101760, 490102272]
[490102528, 490105600]
[490105856, 490109696]
[490109952, 490113792]
[490114048, 490117888]
[490118144, 490121984]
[490122240, 490126080]
[490126336, 490130176]
[490130432, 490134272]
[490134528, 490138368]
[490138624, 490142464]
[490142720, 490146560]
[490146816, 490150656]
[490150912, 490154752]
[490155008, 490158848]
[490159104, 490162944]
[490163200, 490167040]
[490167296, 490167808]
[490168064, 490171136]
[490171392, 490175232]
[490175488, 490179328]
[490179584, 490183424]
[490183680, 490187520]
[490187776, 490191616]
[490191872, 490195712]
[490195968, 490199808]
[490200064, 490203904]
[490204160, 490208000]
[490208256, 490212096]
[490212352, 490216192]
[490216448, 490220288]
[490220544, 490224384]
[490224640, 490228480]
[490228736, 490232576]
[490232832, 490233344]
[490233600, 490236672]
[490236928, 490240768]
[490241024, 490244864]
[490245120, 490248960]
[490249216, 490253056]
[490253312, 490257152]
[490257408, 490261248]
[490261504, 490265344]
[490265600, 490269440]
[490269696, 490273536]
[490273792, 490277632]
[490277888, 490281728]
[490281984, 490285824]
[490286080, 490289920]
[490290176, 490294016]
[490294272, 490298112]
[490298368, 490298880]
[490299136, 490302208]
[490302464, 490306304]
[490306560, 490310400]
[490310656, 490314496]
[490314752, 490318592]
[490318848, 490322688]
[490322944, 490326784]
[490327040, 490330880]
[490331136, 490334976]
[490335232, 490339072]
[490339328, 490343168]
[490343424, 490347264]
[490347520, 490351360]
[490351616, 490355456]
[490355712, 490359552]
[490359808, 490363648]
[490363904, 490364416]
[490364672, 490367744]
[490368000, 490371840]
[490372096, 490375936]
[490376192, 490380032]
[490380288, 490384128]
[490384384, 490388224]
[490388480, 490392320]
[490392576, 490396416]
[490396672, 490400512]
[490400768, 490404608]
[490404864, 490408704]
[490408960, 490412800]
[490413056, 490416896]
[490417152, 490420992]
[490421248, 490425088]
[490425344, 490429184]
[490429440, 490429952]
[490430208, 490433280]
[490433536, 490437376]
[490437632, 490441472]
[490441728, 490445568]
[490445824, 490449664]
[490449920, 490453760]
[490454016, 490457856]
[490458112, 490461952]
[490462208, 490466048]
[490466304, 490470144]
[490470400, 490474240]
[490474496, 490478336]
[490478592, 490482432]
[490482688, 490486528]
[490486784, 490490624]
[490490880, 490494720]
[490494976, 490495488]
[490495744, 490498816]
[490499072, 490502912]
[490503168, 490507008]
[490507264, 490511104]
[490511360, 490515200]
[490515456, 490519296]
[490519552, 490523392]
[490523648, 490527488]
[490527744, 490531584]
[490531840, 490535680]
[490535936, 490539776]
[490540032, 490543872]
[490544128, 490547968]
[490548224, 490552064]
[490552320, 490556160]
[490556416, 490560256]
[490560512, 490561024]
[490561280, 490564352]
[490564608, 490568448]
[490568704, 490572544]
[490572800, 490576640]
[490576896, 490580736]
[490580992, 490584832]
[490585088, 490588928]
[490589184, 490593024]
[490593280, 490597120]
[490597376, 490601216]
[490601472, 490605312]
[490605568, 490609408]
[490609664, 490613504]
[490613760, 490617600]
[490617856, 490621696]
[490621952, 490625792]
[490626048, 490626560]
[490626816, 490629888]
[490630144, 490633984]
[490634240, 490638080]
[490638336, 490642176]
[490642432, 490646272]
[490646528, 490650368]
[490650624, 490654464]
[490654720, 490658560]
[490658816, 490662656]
[490662912, 490666752]
[490667008, 490670848]
[490671104, 490674944]
[490675200, 490679040]
[490679296, 490683136]
[490683392, 490687232]
[490687488, 490691328]
[490691584, 490692096]
[490692352, 490695424]
[490695680, 490699520]
[490699776, 490703616]
[490703872, 490707712]
[490707968, 490711808]
[490712064, 490715904]
[490716160, 490720000]
[490720256, 490724096]
[490724352, 490728192]
[490728448, 490732288]
[490732544, 490735872]
[490736640, 490739968]
[490740736, 490744064]
[490744832, 490748160]
[490748928, 490752256]
[490753024, 490756352]
[490757120, 490760448]
[490761216, 490764544]
[490765312, 490768640]
[490769408, 490772736]
[490773504, 490776832]
[490777600, 490780928]
[490781696, 490785024]
[490785792, 490789120]
[490789888, 490793216]
[490793984, 490797312]
[490798080, 490801408]
[490802176, 490805504]
[490806272, 490809600]
[490810368, 490813696]
[490814464, 490817792]
[490818560, 490821888]
[490822656, 490825984]
[490826752, 490830080]
[490830848, 490834176]
[490834944, 490838272]
[490839040, 490842368]
[490843136, 490846464]
[490847232, 490850560]
[490851328, 490854656]
[490855424, 490858752]
[490859520, 490862848]
[490863616, 490866944]
[490867712, 490871040]
[490871808, 490875136]
[490875904, 490879232]
[490880000, 490883328]
[490884096, 490887424]
[490888192, 490891520]
[490892288, 490895616]
[490896384, 490899712]
[490900480, 490903808]
[490904576, 490907904]
[490908672, 490912000]
[490912768, 490916096]
[490916864, 490920192]
[490920960, 490924288]
[490925056, 490928384]
[490929152, 490932480]
[490933248, 490936576]
[490937344, 490940672]
[490941440, 490944768]
[490945536, 490948864]
[490949632, 490952960]
[490953728, 490957056]
[490957824, 490961152]
[490961920, 490965248]
[490966016, 490969344]
[490970112, 490973440]
[490974208, 490977536]
[490978304, 490981632]
[490982400, 490985728]
[490986496, 490989824]
[490990592, 490993920]
[490994688, 490998016]
[490998784, 491002112]
[491002880, 491006208]
[491006976, 491010304]
[491011072, 491014400]
[491015168, 491018496]
[491019264, 491022592]
[491023360, 491026688]
[491027456, 491030784]
[491031552, 491034880]
[491035648, 491038976]
[491039744, 491043072]
[491043840, 491047168]
[491047936, 491051264]
[491052032, 491055360]
[491056128, 491059456]
[491060224, 491063552]
[491064320, 491067648]
[491068416, 491071744]
[491072512, 491075840]
[491076608, 491079936]
[491080704, 491084032]
[491084800, 491088128]
[491088896, 491092224]
[491092992, 491096320]
[491097088, 491100416]
[491101184, 491104512]
[491105280, 491108608]
[491109376, 491112704]
[491113472, 491116800]
[491117568, 491120896]
[491121664, 491124992]
[491125760, 491129088]
[491129856, 491133184]
[491133952, 491137280]
[491138048, 491141376]
[491142144, 491145472]
[491146240, 491149568]
[491150336, 491153664]
[491154432, 491157760]
[491158528, 491161856]
[491162624, 491165952]
[491166720, 491170048]
[491170816, 491174144]
[491174912, 491178240]
[491179008, 491182336]
[491183104, 491186432]
[491187200, 491190528]
[491191296, 491194624]
[491195392, 491198720]
[491199488, 491202816]
[491203584, 491206912]
[491207680, 491211008]
[491211776, 491215104]
[491215872, 491219200]
[491219968, 491223296]
[491224064, 491227392]
[491228160, 491231488]
[491232256, 491235584]
[491236352, 491239680]
[491240448, 491243776]
[491244544, 491247872]
[491248640, 491251968]
[491252736, 491256064]
[491256832, 491260160]
[491260928, 491264256]
[491265024, 491268352]
[491269120, 491272448]
[491273216, 491276544]
[491277312, 491280640]
[491281408, 491284736]
[491285504, 491288832]
[491289600, 491292928]
[491293696, 491297024]
[491297792, 491301120]
[491301888, 491305216]
[491305984, 491309312]
[491310080, 491313408]
[491314176, 491317504]
[491318272, 491321600]
[491322368, 491325696]
[491326464, 491329792]
[491330560, 491333888]
[491334656, 491337984]
[491338752, 491342080]
[491342848, 491346176]
[491346944, 491350272]
[491351040, 491354368]
[491355136, 491358464]
[491359232, 491362560]
[491363328, 491366656]
[491367424, 491370752]
[491371520, 491374848]
[491375616, 491378944]
[491379712, 491383040]
[491383808, 491387136]
[491387904, 491391232]
[491392000, 491395328]
[491396096, 491399424]
[491400192, 491403520]
[491404288, 491407616]
[491408384, 491411712]
[491412480, 491415808]
[491416576, 491419904]
[491420672, 491424000]
[491424768, 491428096]
[491428864, 491432192]
[491432960, 491436288]
[491437056, 491440384]
[491441152, 491444480]
[491445248, 491448576]
[491449344, 491452672]
[491453440, 491456768]
[491457536, 491460864]
[491461632, 491464960]
[491465728, 491469056]
[491469824, 491473152]
[491473920, 491477248]
[491478016, 491481344]
[491482112, 491485440]
[491486208, 491489536]
[491490304, 491493632]
[491494400, 491497728]
[491498496, 491501824]
[491502592, 491505920]
[491506688, 491510016]
[491510784, 491514112]
[491514880, 491518208]
[491518976, 491522304]
[491523072, 491526400]
[491527168, 491530496]
[491531264, 491534592]
[491535360, 491538688]
[491539456, 491542784]
[491543552, 491546880]
[491547648, 491550976]
[491551744, 491555072]
[491555840, 491559168]
[491559936, 491563264]
[491564032, 491567360]
[491568128, 491571456]
[491572224, 491575552]
[491576320, 491579648]
[491580416, 491583744]
[491584512, 491587840]
[491588608, 491591936]
[491592704, 491596032]
[491596800, 491600128]
[491600896, 491604224]
[491604992, 491608320]
[491609088, 491612416]
[491613184, 491616512]
[491617280, 491620608]
[491621376, 491624704]
[491625472, 491628800]
[491629568, 491632896]
[491633664, 491636992]
[491637760, 491641088]
[491641856, 491645184]
[491645952, 491649280]
[491650048, 491653376]
[491654144, 491657472]
[491658240, 491661568]
[491662336, 491665664]
[491666432, 491669760]
[491670528, 491673856]
[491674624, 491677952]
[491678720, 491682048]
[491682816, 491686144]
[491686912, 491690240]
[491691008, 491694336]
[491695104, 491698432]
[491699200, 491702528]
[491703296, 491706624]
[491707392, 491710720]
[491711488, 491714816]
[491715584, 491718912]
[491719680, 491723008]
[491723776, 491727104]
[491727872, 491731200]
[491731968, 491735296]
[491736064, 491739392]
[491740160, 491743488]
[491744256, 491747584]
[491748352, 491751680]
[491752448, 491755776]
[491756544, 491759872]
[491760640, 491763968]
[491764736, 491768064]
[491768832, 491772160]
[491772928, 491776256]
[491777024, 491780352]
[491781120, 491784448]
[491785216, 491788544]
[491789312, 491792640]
[491793408, 491796736]
[491797504, 491800832]
[491801600, 491804928]
[491805696, 491809024]
[491809792, 491813120]
[491813888, 491817216]
[491817984, 491821312]
[491822080, 491825408]
[491826176, 491829504]
[491830272, 491833600]
[491834368, 491837696]
[491838464, 491841792]
[491842560, 491845888]
[491846656, 491849984]
[491850752, 491854080]
[491854848, 491858176]
[491858944, 491862272]
[491863040, 491866368]
[491867136, 491870464]
[491871232, 491874560]
[491875328, 491878656]
[491879424, 491882752]
[491883520, 491886848]
[491887616, 491890944]
[491891712, 491895040]
[491895808, 491899136]
[491899904, 491903232]
[491904000, 491907328]
[491908096, 491911424]
[491912192, 491915520]
[491916288, 491919616]
[491920384, 491923712]
[491924480, 491927808]
[491928576, 491931904]
[491932672, 491936000]
[491936768, 491940096]
[491940864, 491944192]
[491944960, 491948288]
[491949056, 491952384]
[491953152, 491956480]
[491957248, 491960576]
[491961344, 491964672]
[491965440, 491968768]
[491969536, 491972864]
[491973632, 491976960]
[491977728, 491981056]
[491981824, 491985152]
[491985920, 491989248]
[491990016, 491993344]
[491994112, 491997440]
[491998208, 492001536]
[492002304, 492005632]
[492006400, 492009728]
[492010496, 492013824]
[492014592, 492017920]
[492018688, 492022016]
[492022784, 492026112]
[492026880, 492030208]
[492030976, 492034304]
[492035072, 492038400]
[492039168, 492042496]
[492043264, 492046592]
[492047360, 492050688]
[492051456, 492054784]
[492055552, 492058880]
[492059648, 492062976]
[492063744, 492067072]
[492067840, 492071168]
[492071936, 492075264]
[492076032, 492079360]
[492080128, 492083456]
[492084224, 492087552]
[492088320, 492091648]
[492092416, 492095744]
[492096512, 492099840]
[492100608, 492103936]
[492104704, 492108032]
[492108800, 492112128]
[492112896, 492116224]
[492116992, 492120320]
[492121088, 492124416]
[492125184, 492128512]
[492129280, 492132608]
[492133376, 492136704]
[492137472, 492140800]
[492141568, 492144896]
[492145664, 492148992]
[492149760, 492153088]
[492153856, 492157184]
[492157952, 492161280]
[492162048, 492165376]
[492166144, 492169472]
[492170240, 492173568]
[492174336, 492177664]
[492178432, 492181760]
[492182528, 492185856]
[492186624, 492189952]
[492190720, 492194048]
[492194816, 492198144]
[492198912, 492202240]
[492203008, 492206336]
[492207104, 492210432]
[492211200, 492214528]
[492215296, 492218624]
[492219392, 492222720]
[492223488, 492226816]
[492227584, 492230912]
[492231680, 492235008]
[492235776, 492239104]
[492239872, 492243200]
[492243968, 492247296]
[492248064, 492251392]
[492252160, 492255488]
[492256256, 492259584]
[492260352, 492263680]
[492264448, 492267776]
[492268544, 492271872]
[492272640, 492275968]
[492276736, 492280064]
[492280832, 492284160]
[492284928, 492288256]
[492289024, 492292352]
[492293120, 492296448]
[492297216, 492300544]
[492301312, 492304640]
[492305408, 492308736]
[492309504, 492312832]
[492313600, 492316928]
[492317696, 492321024]
[492321792, 492325120]
[492325888, 492329216]
[492329984, 492333312]
[492334080, 492337408]
[492338176, 492341504]
[492342272, 492345600]
[492346368, 492349696]
[492350464, 492353792]
[492354560, 492357888]
[492358656, 492361984]
[492362752, 492366080]
[492366848, 492370176]
[492370944, 492374272]
[492375040, 492378368]
[492379136, 492382464]
[492383232, 492386560]
[492387328, 492390656]
[492391424, 492394752]
[492395520, 492398848]
[492399616, 492402944]
[492403712, 492407040]
[492407808, 492411136]
[492411904, 492415232]
[492416000, 492419328]
[492420096, 492423424]
[492424192, 492427520]
[492428288, 492431616]
[492432384, 492435712]
[492436480, 492439808]
[492440576, 492443904]
[492444672, 492448000]
[492448768, 492452096]
[492452864, 492456192]
[492456960, 492460288]
[492461056, 492464384]
[492465152, 492468480]
[492469248, 492472576]
[492473344, 492476672]
[492477440, 492480768]
[492481536, 492484864]
[492485632, 492488960]
[492489728, 492493056]
[492493824, 492497152]
[492497920, 492501248]
[492502016, 492505344]
[492506112, 492509440]
[492510208, 492513536]
[492514304, 492517632]
[492518400, 492521728]
[492522496, 492525824]
[492526592, 492529920]
[492530688, 492534016]
[492534784, 492538112]
[492538880, 492542208]
[492542976, 492546304]
[492547072, 492550400]
[492551168, 492554496]
[492555264, 492558592]
[492559360, 492562688]
[492563456, 492566784]
[492567552, 492570880]
[492571648, 492574976]
[492575744, 492579072]
[492579840, 492583168]
[492583936, 492587264]
[492588032, 492591360]
[492592128, 492595456]
[492596224, 492599552]
[492600320, 492603648]
[492604416, 492607744]
[492608512, 492611840]
[492612608, 492615936]
[492616704, 492620032]
[492620800, 492624128]
[492624896, 492628224]
[492628992, 492632320]
[492633088, 492636416]
[492637184, 492640512]
[492641280, 492644608]
[492645376, 492648704]
[492649472, 492652800]
[492653568, 492656896]
[492657664, 492660992]
[492661760, 492665088]
[492665856, 492669184]
[492669952, 492673280]
[492674048, 492677376]
[492678144, 492681472]
[492682240, 492685568]
[492686336, 492689664]
[492690432, 492693760]
[492694528, 492697856]
[492698624, 492701952]
[492702720, 492706048]
[492706816, 492710144]
[492710912, 492714240]
[492715008, 492718336]
[492719104, 492722432]
[492723200, 492726528]
[492727296, 492730624]
[492731392, 492734720]
[492735488, 492738816]
[492739584, 492742912]
[492743680, 492747008]
[492747776, 492751104]
[492751872, 492755200]
[492755968, 492759296]
[492760064, 492763392]
[492764160, 492767488]
[492768256, 492771584]
[492772352, 492775680]
[492776448, 492779776]
[492780544, 492783872]
[492784640, 492787968]
[492788736, 492792064]
[492792832, 492796160]
[492796928, 492800256]
[492801024, 492804352]
[492805120, 492808448]
[492809216, 492812544]
[492813312, 492816640]
[492817408, 492820736]
[492821504, 492824832]
[492825600, 492828928]
[492829696, 492833536]
[492833792, 492837632]
[492837888, 492841728]
[492841984, 492845824]
[492846080, 492849920]
[492850176, 492854016]
[492854272, 492858112]
[492858368, 492862208]
[492862464, 492866304]
[492866560, 492870400]
[492870656, 492874496]
[492874752, 492878592]
[492878848, 492882688]
[492882944, 492886784]
[492887040, 492890880]
[492891136, 492894976]
[492895232, 492899072]
[492899328, 492903168]
[492903424, 492907264]
[492907520, 492911360]
[492911616, 492915456]
[492915712, 492919552]
[492919808, 492923648]
[492923904, 492927744]
[492928000, 492931840]
[492932096, 492935936]
[492936192, 492940032]
[492940288, 492944128]
[492944384, 492948224]
[492948480, 492952320]
[492952576, 492956416]
[492956672, 492960512]
[492960768, 492964608]
[492964864, 492968704]
[492968960, 492972800]
[492973056, 492976896]
[492977152, 492980992]
[492981248, 492985088]
[492985344, 492989184]
[492989440, 492993280]
[492993536, 492997376]
[492997632, 493001472]
[493001728, 493005568]
[493005824, 493009664]
[493009920, 493013760]
[493014016, 493017856]
[493018112, 493021952]
[493022208, 493026048]
[493026304, 493030144]
[493030400, 493034240]
[493034496, 493038336]
[493038592, 493042432]
[493042688, 493046528]
[493046784, 493050624]
[493050880, 493054720]
[493054976, 493058816]
[493059072, 493062912]
[493063168, 493067008]
[493067264, 493071104]
[493071360, 493075200]
[493075456, 493079296]
[493079552, 493083392]
[493083648, 493087488]
[493087744, 493091584]
[493091840, 493095680]
[493095936, 493099776]
[493100032, 493103872]
[493104128, 493107968]
[493108224, 493112064]
[493112320, 493116160]
[493116416, 493120256]
[493120512, 493124352]
[493124608, 493128448]
[493128704, 493132544]
[493132800, 493136640]
[493136896, 493140736]
[493140992, 493144832]
[493145088, 493148928]
[493149184, 493153024]
[493153280, 493157120]
[493157376, 493161216]
[493161472, 493165312]
[493165568, 493169408]
[493169664, 493173504]
[493173760, 493177600]
[493177856, 493181696]
[493181952, 493185792]
[493186048, 493189888]
[493190144, 493193984]
[493194240, 493198080]
[493198336, 493202176]
[493202432, 493206272]
[493206528, 493210368]
[493210624, 493214464]
[493214720, 493218560]
[493218816, 493222656]
[493222912, 493226752]
[493227008, 493230848]
[493231104, 493234944]
[493235200, 493239040]
[493239296, 493243136]
[493243392, 493247232]
[493247488, 493251328]
[493251584, 493255424]
[493255680, 493259520]
[493259776, 493263616]
[493263872, 493267712]
[493267968, 493271808]
[493272064, 493275904]
[493276160, 493280000]
[493280256, 493284096]
[493284352, 493288192]
[493288448, 493292288]
[493292544, 493296384]
[493296640, 493300480]
[493300736, 493304576]
[493304832, 493308672]
[493308928, 493312768]
[493313024, 493316864]
[493317120, 493320960]
[493321216, 493325056]
[493325312, 493329152]
[493329408, 493333248]
[493333504, 493337344]
[493337600, 493341440]
[493341696, 493345536]
[493345792, 493349632]
[493349888, 493353728]
[493353984, 493357824]
[493358080, 493361920]
[493362176, 493366016]
[493366272, 493370112]
[493370368, 493374208]
[493374464, 493378304]
[493378560, 493382400]
[493382656, 493386496]
[493386752, 493390592]
[493390848, 493394688]
[493394944, 493398784]
[493399040, 493402880]
[493403136, 493406976]
[493407232, 493411072]
[493411328, 493415168]
[493415424, 493419264]
[493419520, 493423360]
[493423616, 493427456]
[493427712, 493431552]
[493431808, 493435648]
[493435904, 493439744]
[493440000, 493443840]
[493444096, 493447936]
[493448192, 493452032]
[493452288, 493456128]
[493456384, 493460224]
[493460480, 493464320]
[493464576, 493468416]
[493468672, 493472512]
[493472768, 493476608]
[493476864, 493480704]
[493480960, 493484800]
[493485056, 493488896]
[493489152, 493492992]
[493493248, 493497088]
[493497344, 493501184]
[493501440, 493505280]
[493505536, 493509376]
[493509632, 493513472]
[493513728, 493517568]
[493517824, 493521664]
[493521920, 493525760]
[493526016, 493529856]
[493530112, 493533952]
[493534208, 493538048]
[493538304, 493542144]
[493542400, 493546240]
[493546496, 493550336]
[493550592, 493554432]
[493554688, 493558528]
[493558784, 493562624]
[493562880, 493566720]
[493566976, 493570816]
[493571072, 493574912]
[493575168, 493579008]
[493579264, 493583104]
[493583360, 493587200]
[493587456, 493591296]
[493591552, 493595392]
[493595648, 493599488]
[493599744, 493603584]
[493603840, 493607680]
[493607936, 493611776]
[493612032, 493615872]
[493616128, 493619968]
[493620224, 493624064]
[493624320, 493628160]
[493628416, 493632256]
[493632512, 493636352]
[493636608, 493640448]
[493640704, 493644544]
[493644800, 493648640]
[493648896, 493652736]
[493652992, 493656832]
[493657088, 493660928]
[493661184, 493665024]
[493665280, 493669120]
[493669376, 493673216]
[493673472, 493677312]
[493677568, 493681408]
[493681664, 493685504]
[493685760, 493689600]
[493689856, 493693696]
[493693952, 493697792]
[493698048, 493701888]
[493702144, 493705984]
[493706240, 493710080]
[493710336, 493714176]
[493714432, 493718272]
[493718528, 493722368]
[493722624, 493726464]
[493726720, 493730560]
[493730816, 493734656]
[493734912, 493738752]
[493739008, 493742848]
[493743104, 493746944]
[493747200, 493751040]
[493751296, 493755136]
[493755392, 493759232]
[493759488, 493763328]
[493763584, 493767424]
[493767680, 493771520]
[493771776, 493775616]
[493775872, 493779712]
[493779968, 493783808]
[493784064, 493787904]
[493788160, 493792000]
[493792256, 493796096]
[493796352, 493800192]
[493800448, 493804288]
[493804544, 493808384]
[493808640, 493812480]
[493812736, 493816576]
[493816832, 493820672]
[493820928, 493824768]
[493825024, 493828864]
[493829120, 493832960]
[493833216, 493837056]
[493837312, 493841152]
[493841408, 493845248]
[493845504, 493849344]
[493849600, 493853440]
[493853696, 493857536]
[493857792, 493861632]
[493861888, 493865728]
[493865984, 493869824]
[493870080, 493873920]
[493874176, 493878016]
[493878272, 493882112]
[493882368, 493886208]
[493886464, 493890304]
[493890560, 493894400]
[493894656, 493898496]
[493898752, 493902592]
[493902848, 493906688]
[493906944, 493910784]
[493911040, 493914880]
[493915136, 493918976]
[493919232, 493923072]
[493923328, 493927168]
[493927424, 493931264]
[493931520, 493935360]
[493935616, 493939456]
[493939712, 493943552]
[493943808, 493947648]
[493947904, 493951744]
[493952000, 493955840]
[493956096, 493959936]
[493960192, 493964032]
[493964288, 493968128]
[493968384, 493972224]
[493972480, 493976320]
[493976576, 493980416]
[493980672, 493984512]
[493984768, 493988608]
[493988864, 493992704]
[493992960, 493996800]
[493997056, 494000896]
[494001152, 494004992]
[494005248, 494009088]
[494009344, 494013184]
[494013440, 494017280]
[494017536, 494021376]
[494021632, 494025472]
[494025728, 494029568]
[494029824, 494033664]
[494033920, 494037760]
[494038016, 494041856]
[494042112, 494045952]
[494046208, 494050048]
[494050304, 494054144]
[494054400, 494058240]
[494058496, 494062336]
[494062592, 494066432]
[494066688, 494070528]
[494070784, 494074624]
[494074880, 494078720]
[494078976, 494082816]
[494083072, 494086912]
[494087168, 494091008]
[494091264, 494095104]
[494095360, 494099200]
[494099456, 494103296]
[494103552, 494107392]
[494107648, 494111488]
[494111744, 494115584]
[494115840, 494119680]
[494119936, 494123776]
[494124032, 494127872]
[494128128, 494131968]
[494132224, 494136064]
[494136320, 494140160]
[494140416, 494144256]
[494144512, 494148352]
[494148608, 494152448]
[494152704, 494156544]
[494156800, 494160640]
[494160896, 494164736]
[494164992, 494168832]
[494169088, 494172928]
[494173184, 494177024]
[494177280, 494181120]
[494181376, 494185216]
[494185472, 494189312]
[494189568, 494193408]
[494193664, 494197504]
[494197760, 494201600]
[494201856, 494205696]
[494205952, 494209792]
[494210048, 494213888]
[494214144, 494217984]
[494218240, 494222080]
[494222336, 494226176]
[494226432, 494230272]
[494230528, 494234368]
[494234624, 494238464]
[494238720, 494242560]
[494242816, 494246656]
[494246912, 494250752]
[494251008, 494254848]
[494255104, 494258944]
[494259200, 494263040]
[494263296, 494267136]
[494267392, 494271232]
[494271488, 494275328]
[494275584, 494279424]
[494279680, 494283520]
[494283776, 494287616]
[494287872, 494291712]
[494291968, 494295808]
[494296064, 494299904]
[494300160, 494304000]
[494304256, 494308096]
[494308352, 494312192]
[494312448, 494316288]
[494316544, 494320384]
[494320640, 494324480]
[494324736, 494328576]
[494328832, 494332672]
[494332928, 494336768]
[494337024, 494340864]
[494341120, 494344960]
[494345216, 494349056]
[494349312, 494353152]
[494353408, 494357248]
[494357504, 494361344]
[494361600, 494365440]
[494365696, 494369536]
[494369792, 494373632]
[494373888, 494377728]
[494377984, 494381824]
[494382080, 494385920]
[494386176, 494390016]
[494390272, 494394112]
[494394368, 494398208]
[494398464, 494402304]
[494402560, 494406400]
[494406656, 494410496]
[494410752, 494414592]
[494414848, 494418688]
[494418944, 494422784]
[494423040, 494426880]
[494427136, 494430976]
[494431232, 494435072]
[494435328, 494439168]
[494439424, 494443264]
[494443520, 494447360]
[494447616, 494451456]
[494451712, 494455552]
[494455808, 494459648]
[494459904, 494463744]
[494464000, 494467840]
[494468096, 494471936]
[494472192, 494476032]
[494476288, 494480128]
[494480384, 494484224]
[494484480, 494488320]
[494488576, 494492416]
[494492672, 494496512]
[494496768, 494500608]
[494500864, 494504704]
[494504960, 494508800]
[494509056, 494512896]
[494513152, 494516992]
[494517248, 494521088]
[494521344, 494525184]
[494525440, 494529280]
[494529536, 494533376]
[494533632, 494537472]
[494537728, 494541568]
[494541824, 494545664]
[494545920, 494549760]
[494550016, 494553856]
[494554112, 494557952]
[494558208, 494562048]
[494562304, 494566144]
[494566400, 494570240]
[494570496, 494574336]
[494574592, 494578432]
[494578688, 494582528]
[494582784, 494586624]
[494586880, 494590720]
[494590976, 494594816]
[494595072, 494598912]
[494599168, 494603008]
[494603264, 494607104]
[494607360, 494611200]
[494611456, 494615296]
[494615552, 494619392]
[494619648, 494623488]
[494623744, 494627584]
[494627840, 494631680]
[494631936, 494635776]
[494636032, 494639872]
[494640128, 494643968]
[494644224, 494648064]
[494648320, 494652160]
[494652416, 494656256]
[494656512, 494660352]
[494660608, 494664448]
[494664704, 494668544]
[494668800, 494672640]
[494672896, 494676736]
[494676992, 494680832]
[494681088, 494684928]
[494685184, 494689024]
[494689280, 494693120]
[494693376, 494697216]
[494697472, 494701312]
[494701568, 494705408]
[494705664, 494709504]
[494709760, 494713600]
[494713856, 494717696]
[494717952, 494721792]
[494722048, 494725888]
[494726144, 494729984]
[494730240, 494734080]
[494734336, 494738176]
[494738432, 494742272]
[494742528, 494746368]
[494746624, 494750464]
[494750720, 494754560]
[494754816, 494758656]
[494758912, 494762752]
[494763008, 494766848]
[494767104, 494770944]
[494771200, 494775040]
[494775296, 494779136]
[494779392, 494783232]
[494783488, 494787328]
[494787584, 494791424]
[494791680, 494795520]
[494795776, 494799616]
[494799872, 494803712]
[494803968, 494807808]
[494808064, 494811904]
[494812160, 494816000]
[494816256, 494820096]
[494820352, 494824192]
[494824448, 494828288]
[494828544, 494832384]
[494832640, 494836480]
[494836736, 494840576]
[494840832, 494844672]
[494844928, 494848768]
[494849024, 494852864]
[494853120, 494856960]
[494857216, 494861056]
[494861312, 494865152]
[494865408, 494869248]
[494869504, 494873344]
[494873600, 494877440]
[494877696, 494881536]
[494881792, 494885632]
[494885888, 494889728]
[494889984, 494893824]
[494894080, 494897920]
[494898176, 494902016]
[494902272, 494906112]
[494906368, 494910208]
[494910464, 494914304]
[494914560, 494918400]
[494918656, 494922496]
[494922752, 494926592]
[494926848, 494930176]
[494930944, 494934272]
[494935040, 494938368]
[494939136, 494942464]
[494943232, 494946560]
[494947328, 494950656]
[494951424, 494951936]
[494952192, 494954752]
[494955520, 494958848]
[494959616, 494962944]
[494963712, 494967040]
[494967808, 494971136]
[494971904, 494975232]
[494976000, 494979328]
[494980096, 494983424]
[494984192, 494987520]
[494988288, 494991616]
[494992384, 494995712]
[494996480, 494999808]
[495000576, 495003904]
[495004672, 495008000]
[495008768, 495012096]
[495012864, 495016192]
[495016960, 495017472]
[495017728, 495020288]
[495021056, 495024384]
[495025152, 495028480]
[495029248, 495032576]
[495033344, 495036672]
[495037440, 495040768]
[495041536, 495044864]
[495045632, 495048960]
[495049728, 495053056]
[495053824, 495057152]
[495057920, 495061248]
[495062016, 495065344]
[495066112, 495069440]
[495070208, 495073536]
[495074304, 495077632]
[495078400, 495081728]
[495082496, 495083008]
[495083264, 495085824]
[495086592, 495089920]
[495090688, 495094016]
[495094784, 495098112]
[495098880, 495102208]
[495102976, 495106304]
[495107072, 495110400]
[495111168, 495114496]
[495115264, 495118592]
[495119360, 495122688]
[495123456, 495126784]
[495127552, 495130880]
[495131648, 495134976]
[495135744, 495139072]
[495139840, 495143168]
[495143936, 495147264]
[495148032, 495148544]
[495148800, 495151360]
[495152128, 495155456]
[495156224, 495159552]
[495160320, 495163648]
[495164416, 495167744]
[495168512, 495171840]
[495172608, 495175936]
[495176704, 495180032]
[495180800, 495184128]
[495184896, 495188224]
[495188992, 495192320]
[495193088, 495196416]
[495197184, 495200512]
[495201280, 495204608]
[495205376, 495208704]
[495209472, 495212800]
[495213568, 495214080]
[495214336, 495216896]
[495217664, 495220992]
[495221760, 495225088]
[495225856, 495229184]
[495229952, 495233280]
[495234048, 495237376]
[495238144, 495241472]
[495242240, 495245568]
[495246336, 495249664]
[495250432, 495253760]
[495254528, 495257856]
[495258624, 495261952]
[495262720, 495266048]
[495266816, 495270144]
[495270912, 495274240]
[495275008, 495278336]
[495279104, 495279616]
[495279872, 495282432]
[495283200, 495286528]
[495287296, 495290624]
[495291392, 495294720]
[495295488, 495298816]
[495299584, 495302912]
[495303680, 495307008]
[495307776, 495311104]
[495311872, 495315200]
[495315968, 495319296]
[495320064, 495323392]
[495324160, 495327488]
[495328256, 495331584]
[495332352, 495335680]
[495336448, 495339776]
[495340544, 495343872]
[495344640, 495345152]
[495345408, 495347968]
[495348736, 495352064]
[495352832, 495356160]
[495356928, 495360256]
[495361024, 495364352]
[495365120, 495368448]
[495369216, 495372544]
[495373312, 495376640]
[495377408, 495380736]
[495381504, 495384832]
[495385600, 495388928]
[495389696, 495393024]
[495393792, 495397120]
[495397888, 495401216]
[495401984, 495405312]
[495406080, 495409408]
[495410176, 495410688]
[495410944, 495413504]
[495414272, 495417600]
[495418368, 495421696]
[495422464, 495425792]
[495426560, 495429888]
[495430656, 495433984]
[495434752, 495438080]
[495438848, 495442176]
[495442944, 495446272]
[495447040, 495450368]
[495451136, 495454464]
[495455232, 495458560]
[495459328, 495462656]
[495463424, 495466752]
[495467520, 495470848]
[495471616, 495474944]
[495475712, 495476224]
[495476480, 495479040]
[495479808, 495483136]
[495483904, 495487232]
[495488000, 495491328]
[495492096, 495495424]
[495496192, 495499520]
[495500288, 495503616]
[495504384, 495507712]
[495508480, 495511808]
[495512576, 495515904]
[495516672, 495520000]
[495520768, 495524096]
[495524864, 495528192]
[495528960, 495532288]
[495533056, 495536384]
[495537152, 495540480]
[495541248, 495541760]
[495542016, 495544576]
[495545344, 495548672]
[495549440, 495552768]
[495553536, 495556864]
[495557632, 495560960]
[495561728, 495565056]
[495565824, 495569152]
[495569920, 495573248]
[495574016, 495577344]
[495578112, 495581440]
[495582208, 495585536]
[495586304, 495589632]
[495590400, 495593728]
[495594496, 495597824]
[495598592, 495601920]
[495602688, 495606016]
[495606784, 495607296]
[495607552, 495610112]
[495610880, 495614208]
[495614976, 495618304]
[495619072, 495622400]
[495623168, 495626496]
[495627264, 495630592]
[495631360, 495634688]
[495635456, 495638784]
[495639552, 495642880]
[495643648, 495646976]
[495647744, 495651072]
[495651840, 495655168]
[495655936, 495659264]
[495660032, 495663360]
[495664128, 495667456]
[495668224, 495671552]
[495672320, 495672832]
[495673088, 495675648]
[495676416, 495679744]
[495680512, 495683840]
[495684608, 495687936]
[495688704, 495692032]
[495692800, 495696128]
[495696896, 495700224]
[495700992, 495704320]
[495705088, 495708416]
[495709184, 495712512]
[495713280, 495716608]
[495717376, 495720704]
[495721472, 495724800]
[495725568, 495728896]
[495729664, 495732992]
[495733760, 495737088]
[495737856, 495738368]
[495738624, 495741184]
[495741952, 495745280]
[495746048, 495749376]
[495750144, 495753472]
[495754240, 495757568]
[495758336, 495761664]
[495762432, 495765760]
[495766528, 495769856]
[495770624, 495773952]
[495774720, 495778048]
[495778816, 495782144]
[495782912, 495786240]
[495787008, 495790336]
[495791104, 495794432]
[495795200, 495798528]
[495799296, 495802624]
[495803392, 495803904]
[495804160, 495806720]
[495807488, 495810816]
[495811584, 495814912]
[495815680, 495819008]
[495819776, 495823104]
[495823872, 495827200]
[495827968, 495831296]
[495832064, 495835392]
[495836160, 495839488]
[495840256, 495843584]
[495844352, 495847680]
[495848448, 495851776]
[495852544, 495855872]
[495856640, 495859968]
[495860736, 495864064]
[495864832, 495868160]
[495868928, 495869440]
[495869696, 495872256]
[495873024, 495876352]
[495877120, 495880448]
[495881216, 495884544]
[495885312, 495888640]
[495889408, 495892736]
[495893504, 495896832]
[495897600, 495900928]
[495901696, 495905024]
[495905792, 495909120]
[495909888, 495913216]
[495913984, 495917312]
[495918080, 495921408]
[495922176, 495925504]
[495926272, 495929600]
[495930368, 495933696]
[495934464, 495934976]
[495935232, 495937792]
[495938560, 495941888]
[495942656, 495945984]
[495946752, 495950080]
[495950848, 495954176]
[495954944, 495958272]
[495959040, 495962368]
[495963136, 495966464]
[495967232, 495970560]
[495971328, 495974656]
[495975424, 495978752]
[495979520, 495982848]
[495983616, 495986944]
[495987712, 495991040]
[495991808, 495995136]
[495995904, 495999232]
[496000000, 496000512]
[496000768, 496003328]
[496004096, 496007424]
[496008192, 496011520]
[496012288, 496015616]
[496016384, 496019712]
[496020480, 496023808]
[496024576, 496027904]
[496028672, 496032000]
[496032768, 496036096]
[496036864, 496040192]
[496040960, 496044288]
[496045056, 496048384]
[496049152, 496052480]
[496053248, 496056576]
[496057344, 496060672]
[496061440, 496064768]
[496065536, 496066048]
[496066304, 496068864]
[496069632, 496072960]
[496073728, 496077056]
[496077824, 496081152]
[496081920, 496085248]
[496086016, 496089344]
[496090112, 496093440]
[496094208, 496097536]
[496098304, 496101632]
[496102400, 496105728]
[496106496, 496109824]
[496110592, 496113920]
[496114688, 496118016]
[496118784, 496122112]
[496122880, 496126208]
[496126976, 496130304]
[496131072, 496131584]
[496131840, 496134400]
[496135168, 496138496]
[496139264, 496142592]
[496143360, 496146688]
[496147456, 496150784]
[496151552, 496154880]
[496155648, 496158976]
[496159744, 496163072]
[496163840, 496167168]
[496167936, 496171264]
[496172032, 496175360]
[496176128, 496179456]
[496180224, 496183552]
[496184320, 496187648]
[496188416, 496191744]
[496192512, 496195840]
[496196608, 496197120]
[496197376, 496199936]
[496200704, 496204032]
[496204800, 496208128]
[496208896, 496212224]
[496212992, 496216320]
[496217088, 496220416]
[496221184, 496224512]
[496225280, 496228608]
[496229376, 496232704]
[496233472, 496236800]
[496237568, 496240896]
[496241664, 496244992]
[496245760, 496249088]
[496249856, 496253184]
[496253952, 496257280]
[496258048, 496261376]
[496262144, 496262656]
[496262912, 496265472]
[496266240, 496269568]
[496270336, 496273664]
[496274432, 496277760]
[496278528, 496281856]
[496282624, 496285952]
[496286720, 496290048]
[496290816, 496294144]
[496294912, 496298240]
[496299008, 496302336]
[496303104, 496306432]
[496307200, 496310528]
[496311296, 496314624]
[496315392, 496318720]
[496319488, 496322816]
[496323584, 496326912]
[496327680, 496328192]
[496328448, 496331008]
[496331776, 496335104]
[496335872, 496339200]
[496339968, 496343296]
[496344064, 496347392]
[496348160, 496351488]
[496352256, 496355584]
[496356352, 496359680]
[496360448, 496363776]
[496364544, 496367872]
[496368640, 496371968]
[496372736, 496376064]
[496376832, 496380160]
[496380928, 496384256]
[496385024, 496388352]
[496389120, 496392448]
[496393216, 496393728]
[496393984, 496396544]
[496397312, 496400640]
[496401408, 496404736]
[496405504, 496408832]
[496409600, 496412928]
[496413696, 496417024]
[496417792, 496421120]
[496421888, 496425216]
[496425984, 496429312]
[496430080, 496433408]
[496434176, 496437504]
[496438272, 496441600]
[496442368, 496445696]
[496446464, 496449792]
[496450560, 496453888]
[496454656, 496457984]
[496458752, 496459264]
[496459520, 496462080]
[496462848, 496466176]
[496466944, 496470272]
[496471040, 496474368]
[496475136, 496478464]
[496479232, 496482560]
[496483328, 496486656]
[496487424, 496490752]
[496491520, 496494848]
[496495616, 496498944]
[496499712, 496503040]
[496503808, 496507136]
[496507904, 496511232]
[496512000, 496515328]
[496516096, 496519424]
[496520192, 496523520]
[496524288, 496524800]
[496525056, 496527616]
[496528384, 496531712]
[496532480, 496535808]
[496536576, 496539904]
[496540672, 496544000]
[496544768, 496548096]
[496548864, 496552192]
[496552960, 496556288]
[496557056, 496560384]
[496561152, 496564480]
[496565248, 496568576]
[496569344, 496572672]
[496573440, 496576768]
[496577536, 496580864]
[496581632, 496584960]
[496585728, 496589056]
[496589824, 496590336]
[496590592, 496593152]
[496593920, 496597248]
[496598016, 496601344]
[496602112, 496605440]
[496606208, 496609536]
[496610304, 496613632]
[496614400, 496617728]
[496618496, 496621824]
[496622592, 496625920]
[496626688, 496630016]
[496630784, 496634112]
[496634880, 496638208]
[496638976, 496642304]
[496643072, 496646400]
[496647168, 496650496]
[496651264, 496654592]
[496655360, 496655872]
[496656128, 496658688]
[496659456, 496662784]
[496663552, 496666880]
[496667648, 496670976]
[496671744, 496675072]
[496675840, 496679168]
[496679936, 496683264]
[496684032, 496687360]
[496688128, 496691456]
[496692224, 496695552]
[496696320, 496699648]
[496700416, 496703744]
[496704512, 496707840]
[496708608, 496711936]
[496712704, 496716032]
[496716800, 496720128]
[496720896, 496721408]
[496721664, 496724224]
[496724992, 496728320]
[496729088, 496732416]
[496733184, 496736512]
[496737280, 496740608]
[496741376, 496744704]
[496745472, 496748800]
[496749568, 496752896]
[496753664, 496756992]
[496757760, 496761088]
[496761856, 496765184]
[496765952, 496769280]
[496770048, 496773376]
[496774144, 496777472]
[496778240, 496781568]
[496782336, 496785664]
[496786432, 496786944]
[496787200, 496789760]
[496790528, 496793856]
[496794624, 496797952]
[496798720, 496802048]
[496802816, 496806144]
[496806912, 496810240]
[496811008, 496814336]
[496815104, 496818432]
[496819200, 496822528]
[496823296, 496826624]
[496827392, 496830720]
[496831488, 496834816]
[496835584, 496838912]
[496839680, 496843008]
[496843776, 496847104]
[496847872, 496851200]
[496851968, 496852480]
[496852736, 496855296]
[496856064, 496859392]
[496860160, 496863488]
[496864256, 496867584]
[496868352, 496871680]
[496872448, 496875776]
[496876544, 496879872]
[496880640, 496883968]
[496884736, 496888064]
[496888832, 496892160]
[496892928, 496896256]
[496897024, 496900352]
[496901120, 496904448]
[496905216, 496908544]
[496909312, 496912640]
[496913408, 496916736]
[496917504, 496918016]
[496918272, 496920832]
[496921600, 496924928]
[496925696, 496929024]
[496929792, 496933120]
[496933888, 496937216]
[496937984, 496941312]
[496942080, 496945408]
[496946176, 496949504]
[496950272, 496953600]
[496954368, 496957696]
[496958464, 496961792]
[496962560, 496965888]
[496966656, 496969984]
[496970752, 496974080]
[496974848, 496978176]
[496978944, 496982272]
[496983040, 496986368]
[496987136, 496990464]
[496991232, 496994560]
[496995328, 496998656]
[496999424, 497002752]
[497003520, 497006848]
[497007616, 497010944]
[497011712, 497015040]
[497015808, 497019136]
[497019904, 497023232]
[497024000, 497049088]
[497049344, 497114624]
[497114880, 497180160]
[497180416, 497245696]
[497245952, 497311232]
[497311488, 497376768]
[497377024, 497442304]
[497442560, 497507840]
[497508096, 497573376]
[497573632, 497638912]
[497639168, 497704448]
[497704704, 497769984]
[497770240, 497835520]
[497835776, 497901056]
[497901312, 497966592]
[497966848, 498032128]
[498032384, 498097664]
[498097920, 498163200]
[498163456, 498228736]
[498228992, 498294272]
[498294528, 498359808]
[498360064, 498425344]
[498425600, 498490880]
[498491136, 498556416]
[498556672, 498621952]
[498622208, 498687488]
[498687744, 498753024]
[498753280, 498818560]
[498818816, 498884096]
[498884352, 498949632]
[498949888, 499015168]
[499015424, 499080704]
[499080960, 499124480]
[499125248, 499128576]
[499129344, 499132672]
[499133440, 499136768]
[499137536, 499140864]
[499141632, 499144960]
[499145728, 499149056]
[499149824, 499153152]
[499153920, 499157248]
[499158016, 499161344]
[499162112, 499165440]
[499166208, 499169536]
[499170304, 499173632]
[499174400, 499177728]
[499178496, 499181824]
[499182592, 499185920]
[499186688, 499190016]
[499190784, 499194112]
[499194880, 499198208]
[499198976, 499202304]
[499203072, 499206400]
[499207168, 499210496]
[499211264, 499214592]
[499215360, 499218688]
[499219456, 499222784]
[499223552, 499226880]
[499227648, 499230976]
[499231744, 499235072]
[499235840, 499239168]
[499239936, 499243264]
[499244032, 499247360]
[499248128, 499251456]
[499252224, 499255552]
[499256320, 499259648]
[499260416, 499263744]
[499264512, 499267840]
[499268608, 499271936]
[499272704, 499276032]
[499276800, 499280128]
[499280896, 499284224]
[499284992, 499288320]
[499289088, 499292416]
[499293184, 499296512]
[499297280, 499300608]
[499301376, 499304704]
[499305472, 499308800]
[499309568, 499312896]
[499313664, 499316992]
[499317760, 499321088]
[499321856, 499325184]
[499325952, 499329280]
[499330048, 499333376]
[499334144, 499337472]
[499338240, 499341568]
[499342336, 499345664]
[499346432, 499349760]
[499350528, 499353856]
[499354624, 499357952]
[499358720, 499362048]
[499362816, 499366144]
[499366912, 499370240]
[499371008, 499374336]
[499375104, 499378432]
[499379200, 499382528]
[499383296, 499386624]
[499387392, 499390720]
[499391488, 499394816]
[499395584, 499398912]
[499399680, 499403008]
[499403776, 499407104]
[499407872, 499411200]
[499411968, 499415296]
[499416064, 499419392]
[499420160, 499423488]
[499424256, 499427584]
[499428352, 499431680]
[499432448, 499435776]
[499436544, 499439872]
[499440640, 499443968]
[499444736, 499448064]
[499448832, 499452160]
[499452928, 499456256]
[499457024, 499460352]
[499461120, 499464448]
[499465216, 499468544]
[499469312, 499472640]
[499473408, 499476736]
[499477504, 499480832]
[499481600, 499484928]
[499485696, 499489024]
[499489792, 499493120]
[499493888, 499497216]
[499497984, 499501312]
[499502080, 499505408]
[499506176, 499509504]
[499510272, 499513600]
[499514368, 499517696]
[499518464, 499521792]
[499522560, 499525888]
[499526656, 499529984]
[499530752, 499534080]
[499534848, 499538176]
[499538944, 499542272]
[499543040, 499546368]
[499547136, 499550464]
[499551232, 499554560]
[499555328, 499558656]
[499559424, 499562752]
[499563520, 499566848]
[499567616, 499570944]
[499571712, 499575040]
[499575808, 499579136]
[499579904, 499583232]
[499584000, 499587328]
[499588096, 499591424]
[499592192, 499595520]
[499596288, 499599616]
[499600384, 499603712]
[499604480, 499607808]
[499608576, 499611904]
[499612672, 499616000]
[499616768, 499620096]
[499620864, 499624192]
[499624960, 499628288]
[499629056, 499632384]
[499633152, 499636480]
[499637248, 499640576]
[499641344, 499644672]
[499645440, 499648768]
[499649536, 499652864]
[499653632, 499656960]
[499657728, 499661056]
[499661824, 499665152]
[499665920, 499669248]
[499670016, 499673344]
[499674112, 499677440]
[499678208, 499681536]
[499682304, 499685632]
[499686400, 499689728]
[499690496, 499693824]
[499694592, 499697920]
[499698688, 499702016]
[499702784, 499706112]
[499706880, 499710208]
[499710976, 499714304]
[499715072, 499718400]
[499719168, 499722496]
[499723264, 499726592]
[499727360, 499730688]
[499731456, 499734784]
[499735552, 499738880]
[499739648, 499742976]
[499743744, 499747072]
[499747840, 499751168]
[499751936, 499755264]
[499756032, 499759360]
[499760128, 499763456]
[499764224, 499767552]
[499768320, 499771648]
[499772416, 499775744]
[499776512, 499779840]
[499780608, 499783936]
[499784704, 499788032]
[499788800, 499792128]
[499792896, 499796224]
[499796992, 499800320]
[499801088, 499804416]
[499805184, 499808512]
[499809280, 499812608]
[499813376, 499816704]
[499817472, 499820800]
[499821568, 499824896]
[499825664, 499828992]
[499829760, 499833088]
[499833856, 499837184]
[499837952, 499841280]
[499842048, 499845376]
[499846144, 499849472]
[499850240, 499853568]
[499854336, 499857664]
[499858432, 499861760]
[499862528, 499865856]
[499866624, 499869952]
[499870720, 499874048]
[499874816, 499878144]
[499878912, 499882240]
[499883008, 499886336]
[499887104, 499890432]
[499891200, 499894528]
[499895296, 499898624]
[499899392, 499902720]
[499903488, 499906816]
[499907584, 499910912]
[499911680, 499915008]
[499915776, 499919104]
[499919872, 499923200]
[499923968, 499927296]
[499928064, 499931392]
[499932160, 499935488]
[499936256, 499939584]
[499940352, 499943680]
[499944448, 499947776]
[499948544, 499951872]
[499952640, 499955968]
[499956736, 499960064]
[499960832, 499964160]
[499964928, 499968256]
[499969024, 499972352]
[499973120, 499976448]
[499977216, 499980544]
[499981312, 499984640]
[499985408, 499988736]
[499989504, 499992832]
[499993600, 499996928]
[499997696, 500001024]
[500001792, 500005120]
[500005888, 500009216]
[500009984, 500013312]
[500014080, 500017408]
[500018176, 500021504]
[500022272, 500025600]
[500026368, 500029696]
[500030464, 500033792]
[500034560, 500037888]
[500038656, 500041984]
[500042752, 500046080]
[500046848, 500050176]
[500050944, 500054272]
[500055040, 500058368]
[500059136, 500062464]
[500063232, 500066560]
[500067328, 500070656]
[500071424, 500074752]
[500075520, 500078848]
[500079616, 500082944]
[500083712, 500087040]
[500087808, 500091136]
[500091904, 500095232]
[500096000, 500099328]
[500100096, 500103424]
[500104192, 500107520]
[500108288, 500111616]
[500112384, 500115712]
[500116480, 500119808]
[500120576, 500123904]
[500124672, 500128000]
[500128768, 500132096]
[500132864, 500136192]
[500136960, 500140288]
[500141056, 500144384]
[500145152, 500148480]
[500149248, 500152576]
[500153344, 500156672]
[500157440, 500160768]
[500161536, 500164864]
[500165632, 500168960]
[500169728, 500173056]
[500173824, 500177152]
[500177920, 500181248]
[500182016, 500185344]
[500186112, 500189440]
[500190208, 500193536]
[500194304, 500197632]
[500198400, 500201728]
[500202496, 500205824]
[500206592, 500209920]
[500210688, 500214016]
[500214784, 500218112]
[500218880, 500222208]
[500222976, 500226304]
[500227072, 500230400]
[500231168, 500234496]
[500235264, 500238592]
[500239360, 500242688]
[500243456, 500246784]
[500247552, 500250880]
[500251648, 500254976]
[500255744, 500259072]
[500259840, 500263168]
[500263936, 500267264]
[500268032, 500271360]
[500272128, 500275456]
[500276224, 500279552]
[500280320, 500283648]
[500284416, 500287744]
[500288512, 500291840]
[500292608, 500295936]
[500296704, 500300032]
[500300800, 500304128]
[500304896, 500308224]
[500308992, 500312320]
[500313088, 500316416]
[500317184, 500320512]
[500321280, 500324608]
[500325376, 500328704]
[500329472, 500332800]
[500333568, 500336896]
[500337664, 500340992]
[500341760, 500345088]
[500345856, 500349184]
[500349952, 500353280]
[500354048, 500357376]
[500358144, 500361472]
[500362240, 500365568]
[500366336, 500369664]
[500370432, 500373760]
[500374528, 500377856]
[500378624, 500381952]
[500382720, 500386048]
[500386816, 500390144]
[500390912, 500394240]
[500395008, 500398336]
[500399104, 500402432]
[500403200, 500406528]
[500407296, 500410624]
[500411392, 500414720]
[500415488, 500418816]
[500419584, 500422912]
[500423680, 500427008]
[500427776, 500431104]
[500431872, 500435200]
[500435968, 500439296]
[500440064, 500443392]
[500444160, 500447488]
[500448256, 500451584]
[500452352, 500455680]
[500456448, 500459776]
[500460544, 500463872]
[500464640, 500467968]
[500468736, 500472064]
[500472832, 500476160]
[500476928, 500480256]
[500481024, 500484352]
[500485120, 500488448]
[500489216, 500492544]
[500493312, 500496640]
[500497408, 500500736]
[500501504, 500504832]
[500505600, 500508928]
[500509696, 500513024]
[500513792, 500517120]
[500517888, 500521216]
[500521984, 500525312]
[500526080, 500529408]
[500530176, 500533504]
[500534272, 500537600]
[500538368, 500541696]
[500542464, 500545792]
[500546560, 500549888]
[500550656, 500553984]
[500554752, 500558080]
[500558848, 500562176]
[500562944, 500566272]
[500567040, 500570368]
[500571136, 500574464]
[500575232, 500578560]
[500579328, 500582656]
[500583424, 500586752]
[500587520, 500590848]
[500591616, 500594944]
[500595712, 500599040]
[500599808, 500603136]
[500603904, 500607232]
[500608000, 500611328]
[500612096, 500615424]
[500616192, 500619520]
[500620288, 500623616]
[500624384, 500627712]
[500628480, 500631808]
[500632576, 500635904]
[500636672, 500640000]
[500640768, 500644096]
[500644864, 500648192]
[500648960, 500652288]
[500653056, 500656384]
[500657152, 500660480]
[500661248, 500664576]
[500665344, 500668672]
[500669440, 500672768]
[500673536, 500676864]
[500677632, 500680960]
[500681728, 500685056]
[500685824, 500689152]
[500689920, 500693248]
[500694016, 500697344]
[500698112, 500701440]
[500702208, 500705536]
[500706304, 500709632]
[500710400, 500713728]
[500714496, 500717824]
[500718592, 500721920]
[500722688, 500726016]
[500726784, 500730112]
[500730880, 500734208]
[500734976, 500738304]
[500739072, 500742400]
[500743168, 500746496]
[500747264, 500750592]
[500751360, 500754688]
[500755456, 500758784]
[500759552, 500762880]
[500763648, 500766976]
[500767744, 500771072]
[500771840, 500775168]
[500775936, 500779264]
[500780032, 500783360]
[500784128, 500787456]
[500788224, 500791552]
[500792320, 500795648]
[500796416, 500799744]
[500800512, 500803840]
[500804608, 500807936]
[500808704, 500812032]
[500812800, 500816128]
[500816896, 500820224]
[500820992, 500824320]
[500825088, 500828416]
[500829184, 500832512]
[500833280, 500836608]
[500837376, 500840704]
[500841472, 500844800]
[500845568, 500848896]
[500849664, 500852992]
[500853760, 500857088]
[500857856, 500861184]
[500861952, 500865280]
[500866048, 500869376]
[500870144, 500873472]
[500874240, 500877568]
[500878336, 500881664]
[500882432, 500885760]
[500886528, 500889856]
[500890624, 500893952]
[500894720, 500898048]
[500898816, 500902144]
[500902912, 500906240]
[500907008, 500910336]
[500911104, 500914432]
[500915200, 500918528]
[500919296, 500922624]
[500923392, 500926720]
[500927488, 500930816]
[500931584, 500934912]
[500935680, 500939008]
[500939776, 500943104]
[500943872, 500947200]
[500947968, 500951296]
[500952064, 500955392]
[500956160, 500959488]
[500960256, 500963584]
[500964352, 500967680]
[500968448, 500971776]
[500972544, 500975872]
[500976640, 500979968]
[500980736, 500984064]
[500984832, 500988160]
[500988928, 500992256]
[500993024, 500996352]
[500997120, 501000448]
[501001216, 501004544]
[501005312, 501008640]
[501009408, 501012736]
[501013504, 501016832]
[501017600, 501020928]
[501021696, 501025024]
[501025792, 501029120]
[501029888, 501033216]
[501033984, 501037312]
[501038080, 501041408]
[501042176, 501045504]
[501046272, 501049600]
[501050368, 501053696]
[501054464, 501057792]
[501058560, 501061888]
[501062656, 501065984]
[501066752, 501070080]
[501070848, 501074176]
[501074944, 501078272]
[501079040, 501082368]
[501083136, 501086464]
[501087232, 501090560]
[501091328, 501094656]
[501095424, 501098752]
[501099520, 501102848]
[501103616, 501106944]
[501107712, 501111040]
[501111808, 501115136]
[501115904, 501119232]
[501120000, 501123328]
[501124096, 501127424]
[501128192, 501131520]
[501132288, 501135616]
[501136384, 501139712]
[501140480, 501143808]
[501144576, 501147904]
[501148672, 501152000]
[501152768, 501156096]
[501156864, 501160192]
[501160960, 501164288]
[501165056, 501168384]
[501169152, 501172480]
[501173248, 501176576]
[501177344, 501180672]
[501181440, 501184768]
[501185536, 501188864]
[501189632, 501192960]
[501193728, 501197056]
[501197824, 501201152]
[501201920, 501205248]
[501206016, 501209344]
[501210112, 501213440]
[501214208, 501217536]
[501218304, 503316480]
