[3976200192, 3976202496]
[3976203264, 3976206592]
[3976207360, 3976210688]
[3976211456, 3976214784]
[3976215552, 3976218880]
[3976219648, 3976222976]
[3976223744, 3976224256]
[3976224512, 3976227072]
[3976227840, 3976231168]
[3976231936, 3976235264]
[3976236032, 3976239360]
[3976240128, 3976243456]
[3976244224, 3976247552]
[3976248320, 3976251648]
[3976252416, 3976255744]
[3976256512, 3976259840]
[3976260608, 3976263936]
[3976264704, 3976268032]
[3976268800, 3976272128]
[3976272896, 3976276224]
[3976276992, 3976280320]
[3976281088, 3976284416]
[3976285184, 3976288512]
[3976289280, 3976289792]
[3976290048, 3976292608]
[3976293376, 3976296704]
[3976297472, 3976300800]
[3976301568, 3976304896]
[3976305664, 3976308992]
[3976309760, 3976313088]
[3976313856, 3976317184]
[3976317952, 3976321280]
[3976322048, 3976325376]
[3976326144, 3976329472]
[3976330240, 3976333568]
[3976334336, 3976337664]
[3976338432, 3976341760]
[3976342528, 3976345856]
[3976346624, 3976349952]
[3976350720, 3976354048]
[3976354816, 3976355328]
[3976355584, 3976358144]
[3976358912, 3976362240]
[3976363008, 3976366336]
[3976367104, 3976370432]
[3976371200, 3976374528]
[3976375296, 3976378624]
[3976379392, 3976382720]
[3976383488, 3976386816]
[3976387584, 3976390912]
[3976391680, 3976395008]
[3976395776, 3976399104]
[3976399872, 3976403200]
[3976403968, 3976407296]
[3976408064, 3976411392]
[3976412160, 3976415488]
[3976416256, 3976419584]
[3976420352, 3976420864]
[3976421120, 3976423680]
[3976424448, 3976427776]
[3976428544, 3976431872]
[3976432640, 3976435968]
[3976436736, 3976440064]
[3976440832, 3976444160]
[3976444928, 3976448256]
[3976449024, 3976452352]
[3976453120, 3976456448]
[3976457216, 3976460544]
[3976461312, 3976464640]
[3976465408, 3976468736]
[3976469504, 3976472832]
[3976473600, 3976476928]
[3976477696, 3976481024]
[3976481792, 3976485120]
[3976485888, 3976486400]
[3976486656, 3976489216]
[3976489984, 3976493312]
[3976494080, 3976497408]
[3976498176, 3976501504]
[3976502272, 3976505600]
[3976506368, 3976509696]
[3976510464, 3976513792]
[3976514560, 3976517888]
[3976518656, 3976521984]
[3976522752, 3976526080]
[3976526848, 3976530176]
[3976530944, 3976534272]
[3976535040, 3976538368]
[3976539136, 3976542464]
[3976543232, 3976546560]
[3976547328, 3976550656]
[3976551424, 3976551936]
[3976552192, 3976554752]
[3976555520, 3976558848]
[3976559616, 3976562944]
[3976563712, 3976567040]
[3976567808, 3976571136]
[3976571904, 3976575232]
[3976576000, 3976579328]
[3976580096, 3976583424]
[3976584192, 3976587520]
[3976588288, 3976591616]
[3976592384, 3976595712]
[3976596480, 3976599808]
[3976600576, 3976603904]
[3976604672, 3976608000]
[3976608768, 3976612096]
[3976612864, 3976616192]
[3976616960, 3976617472]
[3976617728, 3976620288]
[3976621056, 3976624384]
[3976625152, 3976628480]
[3976629248, 3976632576]
[3976633344, 3976636672]
[3976637440, 3976640768]
[3976641536, 3976644864]
[3976645632, 3976648960]
[3976649728, 3976653056]
[3976653824, 3976657152]
[3976657920, 3976661248]
[3976662016, 3976665344]
[3976666112, 3976669440]
[3976670208, 3976673536]
[3976674304, 3976677632]
[3976678400, 3976681728]
[3976682496, 3976683008]
[3976683264, 3976685824]
[3976686592, 3976689920]
[3976690688, 3976694016]
[3976694784, 3976698112]
[3976698880, 3976702208]
[3976702976, 3976706304]
[3976707072, 3976710400]
[3976711168, 3976714496]
[3976715264, 3976718592]
[3976719360, 3976722688]
[3976723456, 3976726784]
[3976727552, 3976730880]
[3976731648, 3976734976]
[3976735744, 3976739072]
[3976739840, 3976743168]
[3976743936, 3976747264]
[3976748032, 3976748544]
[3976748800, 3976751360]
[3976752128, 3976755456]
[3976756224, 3976759552]
[3976760320, 3976763648]
[3976764416, 3976767744]
[3976768512, 3976771840]
[3976772608, 3976775936]
[3976776704, 3976780032]
[3976780800, 3976784128]
[3976784896, 3976788224]
[3976788992, 3976792320]
[3976793088, 3976796416]
[3976797184, 3976800512]
[3976801280, 3976804608]
[3976805376, 3976808704]
[3976809472, 3976812800]
[3976813568, 3976814080]
[3976814336, 3976816896]
[3976817664, 3976820992]
[3976821760, 3976825088]
[3976825856, 3976829184]
[3976829952, 3976833280]
[3976834048, 3976837376]
[3976838144, 3976841472]
[3976842240, 3976845568]
[3976846336, 3976849664]
[3976850432, 3976853760]
[3976854528, 3976857856]
[3976858624, 3976861952]
[3976862720, 3976866048]
[3976866816, 3976870144]
[3976870912, 3976874240]
[3976875008, 3976878336]
[3976879104, 3976879616]
[3976879872, 3976882432]
[3976883200, 3976886528]
[3976887296, 3976890624]
[3976891392, 3976894720]
[3976895488, 3976898816]
[3976899584, 3976902912]
[3976903680, 3976907008]
[3976907776, 3976911104]
[3976911872, 3976915200]
[3976915968, 3976919296]
[3976920064, 3976923392]
[3976924160, 3976927488]
[3976928256, 3976931584]
[3976932352, 3976935680]
[3976936448, 3976939776]
[3976940544, 3976943872]
[3976944640, 3976945152]
[3976945408, 3976947968]
[3976948736, 3976952064]
[3976952832, 3976956160]
[3976956928, 3976960256]
[3976961024, 3976964352]
[3976965120, 3976968448]
[3976969216, 3976972544]
[3976973312, 3976976640]
[3976977408, 3976980736]
[3976981504, 3976984832]
[3976985600, 3976988928]
[3976989696, 3976993024]
[3976993792, 3976997120]
[3976997888, 3977001216]
[3977001984, 3977005312]
[3977006080, 3977009408]
[3977010176, 3977010688]
[3977010944, 3977013504]
[3977014272, 3977017600]
[3977018368, 3977021696]
[3977022464, 3977025792]
[3977026560, 3977029888]
[3977030656, 3977033984]
[3977034752, 3977038080]
[3977038848, 3977042176]
[3977042944, 3977046272]
[3977047040, 3977050368]
[3977051136, 3977054464]
[3977055232, 3977058560]
[3977059328, 3977062656]
[3977063424, 3977066752]
[3977067520, 3977070848]
[3977071616, 3977074944]
[3977075712, 3977076224]
[3977076480, 3977079040]
[3977079808, 3977083136]
[3977083904, 3977087232]
[3977088000, 3977091328]
[3977092096, 3977095424]
[3977096192, 3977099520]
[3977100288, 3977103616]
[3977104384, 3977107712]
[3977108480, 3977111808]
[3977112576, 3977115904]
[3977116672, 3977120000]
[3977120768, 3977124096]
[3977124864, 3977128192]
[3977128960, 3977132288]
[3977133056, 3977136384]
[3977137152, 3977140480]
[3977141248, 3977141760]
[3977142016, 3977144576]
[3977145344, 3977148672]
[3977149440, 3977152768]
[3977153536, 3977156864]
[3977157632, 3977160960]
[3977161728, 3977165056]
[3977165824, 3977169152]
[3977169920, 3977173248]
[3977174016, 3977177344]
[3977178112, 3977181440]
[3977182208, 3977185536]
[3977186304, 3977189632]
[3977190400, 3977193728]
[3977194496, 3977197824]
[3977198592, 3977201920]
[3977202688, 3977206016]
[3977206784, 3977207296]
[3977207552, 3977210112]
[3977210880, 3977214208]
[3977214976, 3977218304]
[3977219072, 3977222400]
[3977223168, 3977226496]
[3977227264, 3977230592]
[3977231360, 3977234688]
[3977235456, 3977238784]
[3977239552, 3977242880]
[3977243648, 3977246976]
[3977247744, 3977251072]
[3977251840, 3977255168]
[3977255936, 3977259264]
[3977260032, 3977263360]
[3977264128, 3977267456]
[3977268224, 3977271552]
[3977272320, 3977272832]
[3977273088, 3977275648]
[3977276416, 3977279744]
[3977280512, 3977283840]
[3977284608, 3977287936]
[3977288704, 3977292032]
[3977292800, 3977296128]
[3977296896, 3977300224]
[3977300992, 3977304320]
[3977305088, 3977308416]
[3977309184, 3977312512]
[3977313280, 3977316608]
[3977317376, 3977320704]
[3977321472, 3977324800]
[3977325568, 3977328896]
[3977329664, 3977332992]
[3977333760, 3977337088]
[3977337856, 3977338368]
[3977338624, 3977341184]
[3977341952, 3977345280]
[3977346048, 3977349376]
[3977350144, 3977353472]
[3977354240, 3977357568]
[3977358336, 3977361664]
[3977362432, 3977365760]
[3977366528, 3977369856]
[3977370624, 3977373952]
[3977374720, 3977378048]
[3977378816, 3977382144]
[3977382912, 3977386240]
[3977387008, 3977390336]
[3977391104, 3977394432]
[3977395200, 3977398528]
[3977399296, 3977402624]
[3977403392, 3977403904]
[3977404160, 3977406720]
[3977407488, 3977410816]
[3977411584, 3977414912]
[3977415680, 3977419008]
[3977419776, 3977423104]
[3977423872, 3977427200]
[3977427968, 3977431296]
[3977432064, 3977435392]
[3977436160, 3977439488]
[3977440256, 3977443584]
[3977444352, 3977447680]
[3977448448, 3977451776]
[3977452544, 3977455872]
[3977456640, 3977459968]
[3977460736, 3977464064]
[3977464832, 3977468160]
[3977468928, 3977469440]
[3977469696, 3977472256]
[3977473024, 3977476352]
[3977477120, 3977480448]
[3977481216, 3977484544]
[3977485312, 3977488640]
[3977489408, 3977492736]
[3977493504, 3977496832]
[3977497600, 3977500928]
[3977501696, 3977505024]
[3977505792, 3977509120]
[3977509888, 3977513216]
[3977513984, 3977517312]
[3977518080, 3977521408]
[3977522176, 3977525504]
[3977526272, 3977529600]
[3977530368, 3977533696]
[3977534464, 3977534976]
[3977535232, 3977537792]
[3977538560, 3977541888]
[3977542656, 3977545984]
[3977546752, 3977550080]
[3977550848, 3977554176]
[3977554944, 3977558272]
[3977559040, 3977562368]
[3977563136, 3977566464]
[3977567232, 3977570560]
[3977571328, 3977574656]
[3977575424, 3977578752]
[3977579520, 3977582848]
[3977583616, 3977586944]
[3977587712, 3977591040]
[3977591808, 3977595136]
[3977595904, 3977599232]
[3977600000, 3977600512]
[3977600768, 3977603328]
[3977604096, 3977607424]
[3977608192, 3977611520]
[3977612288, 3977615616]
[3977616384, 3977619712]
[3977620480, 3977623808]
[3977624576, 3977627904]
[3977628672, 3977632000]
[3977632768, 3977636096]
[3977636864, 3977640192]
[3977640960, 3977644288]
[3977645056, 3977648384]
[3977649152, 3977652480]
[3977653248, 3977656576]
[3977657344, 3977660672]
[3977661440, 3977664768]
[3977665536, 3977666048]
[3977666304, 3977668864]
[3977669632, 3977672960]
[3977673728, 3977677056]
[3977677824, 3977681152]
[3977681920, 3977685248]
[3977686016, 3977689344]
[3977690112, 3977693440]
[3977694208, 3977697536]
[3977698304, 3977701632]
[3977702400, 3977705728]
[3977706496, 3977709824]
[3977710592, 3977713920]
[3977714688, 3977718016]
[3977718784, 3977722112]
[3977722880, 3977726208]
[3977726976, 3977730304]
[3977731072, 3977731584]
[3977731840, 3977734400]
[3977735168, 3977738496]
[3977739264, 3977742592]
[3977743360, 3977746688]
[3977747456, 3977750784]
[3977751552, 3977754880]
[3977755648, 3977758976]
[3977759744, 3977763072]
[3977763840, 3977767168]
[3977767936, 3977771264]
[3977772032, 3977775360]
[3977776128, 3977779456]
[3977780224, 3977783552]
[3977784320, 3977787648]
[3977788416, 3977791744]
[3977792512, 3977795840]
[3977796608, 3977797120]
[3977797376, 3977799936]
[3977800704, 3977804032]
[3977804800, 3977808128]
[3977808896, 3977812224]
[3977812992, 3977816320]
[3977817088, 3977820416]
[3977821184, 3977824512]
[3977825280, 3977828608]
[3977829376, 3977832704]
[3977833472, 3977836800]
[3977837568, 3977840896]
[3977841664, 3977844992]
[3977845760, 3977849088]
[3977849856, 3977853184]
[3977853952, 3977857280]
[3977858048, 3977861376]
[3977862144, 3977862656]
[3977862912, 3977865472]
[3977866240, 3977869568]
[3977870336, 3977873664]
[3977874432, 3977877760]
[3977878528, 3977881856]
[3977882624, 3977885952]
[3977886720, 3977890048]
[3977890816, 3977894144]
[3977894912, 3977898240]
[3977899008, 3977902336]
[3977903104, 3977906432]
[3977907200, 3977910528]
[3977911296, 3977914624]
[3977915392, 3977918720]
[3977919488, 3977922816]
[3977923584, 3977926912]
[3977927680, 3977928192]
[3977928448, 3977931008]
[3977931776, 3977935104]
[3977935872, 3977939200]
[3977939968, 3977943296]
[3977944064, 3977947392]
[3977948160, 3977951488]
[3977952256, 3977955584]
[3977956352, 3977959680]
[3977960448, 3977963776]
[3977964544, 3977967872]
[3977968640, 3977971968]
[3977972736, 3977976064]
[3977976832, 3977980160]
[3977980928, 3977984256]
[3977985024, 3977988352]
[3977989120, 3977992448]
[3977993216, 3977993728]
[3977993984, 3977996544]
[3977997312, 3978000640]
[3978001408, 3978004736]
[3978005504, 3978008832]
[3978009600, 3978012928]
[3978013696, 3978017024]
[3978017792, 3978021120]
[3978021888, 3978025216]
[3978025984, 3978029312]
[3978030080, 3978033408]
[3978034176, 3978037504]
[3978038272, 3978041600]
[3978042368, 3978045696]
[3978046464, 3978049792]
[3978050560, 3978053888]
[3978054656, 3978057984]
[3978058752, 3978059264]
[3978059520, 3978062080]
[3978062848, 3978066176]
[3978066944, 3978070272]
[3978071040, 3978074368]
[3978075136, 3978078464]
[3978079232, 3978082560]
[3978083328, 3978086656]
[3978087424, 3978090752]
[3978091520, 3978094848]
[3978095616, 3978098944]
[3978099712, 3978103040]
[3978103808, 3978107136]
[3978107904, 3978111232]
[3978112000, 3978115328]
[3978116096, 3978119424]
[3978120192, 3978123520]
[3978124288, 3978124800]
[3978125056, 3978127616]
[3978128384, 3978131712]
[3978132480, 3978135808]
[3978136576, 3978139904]
[3978140672, 3978144000]
[3978144768, 3978148096]
[3978148864, 3978152192]
[3978152960, 3978156288]
[3978157056, 3978160384]
[3978161152, 3978164480]
[3978165248, 3978168576]
[3978169344, 3978172672]
[3978173440, 3978176768]
[3978177536, 3978180864]
[3978181632, 3978184960]
[3978185728, 3978189056]
[3978189824, 3978190336]
[3978190592, 3978193152]
[3978193920, 3978197248]
[3978198016, 3978201344]
[3978202112, 3978205440]
[3978206208, 3978209536]
[3978210304, 3978213632]
[3978214400, 3978217728]
[3978218496, 3978221824]
[3978222592, 3978225920]
[3978226688, 3978230016]
[3978230784, 3978234112]
[3978234880, 3978238208]
[3978238976, 3978242304]
[3978243072, 3978246400]
[3978247168, 3978250496]
[3978251264, 3978254592]
[3978255360, 3978258688]
[3978259456, 3978262784]
[3978263552, 3978266880]
[3978267648, 3978270976]
[3978271744, 3978275072]
[3978275840, 3978279168]
[3978279936, 3978283264]
[3978284032, 3978287360]
[3978288128, 3978291456]
[3978292224, 3978295552]
[3978296320, 3978300160]
[3978300416, 3978304256]
[3978304512, 3978308352]
[3978308608, 3978312448]
[3978312704, 3978316544]
[3978316800, 3978320640]
[3978320896, 3978321408]
[3978321664, 3978324736]
[3978324992, 3978328832]
[3978329088, 3978332928]
[3978333184, 3978337024]
[3978337280, 3978341120]
[3978341376, 3978345216]
[3978345472, 3978349312]
[3978349568, 3978353408]
[3978353664, 3978357504]
[3978357760, 3978361600]
[3978361856, 3978365696]
[3978365952, 3978369792]
[3978370048, 3978373888]
[3978374144, 3978377984]
[3978378240, 3978382080]
[3978382336, 3978386176]
[3978386432, 3978386944]
[3978387200, 3978390272]
[3978390528, 3978394368]
[3978394624, 3978398464]
[3978398720, 3978402560]
[3978402816, 3978406656]
[3978406912, 3978410752]
[3978411008, 3978414848]
[3978415104, 3978418944]
[3978419200, 3978423040]
[3978423296, 3978427136]
[3978427392, 3978431232]
[3978431488, 3978435328]
[3978435584, 3978439424]
[3978439680, 3978443520]
[3978443776, 3978447616]
[3978447872, 3978451712]
[3978451968, 3978452480]
[3978452736, 3978455808]
[3978456064, 3978459904]
[3978460160, 3978464000]
[3978464256, 3978468096]
[3978468352, 3978472192]
[3978472448, 3978476288]
[3978476544, 3978480384]
[3978480640, 3978484480]
[3978484736, 3978488576]
[3978488832, 3978492672]
[3978492928, 3978496768]
[3978497024, 3978500864]
[3978501120, 3978504960]
[3978505216, 3978509056]
[3978509312, 3978513152]
[3978513408, 3978517248]
[3978517504, 3978518016]
[3978518272, 3978521344]
[3978521600, 3978525440]
[3978525696, 3978529536]
[3978529792, 3978533632]
[3978533888, 3978537728]
[3978537984, 3978541824]
[3978542080, 3978545920]
[3978546176, 3978550016]
[3978550272, 3978554112]
[3978554368, 3978558208]
[3978558464, 3978562304]
[3978562560, 3978566400]
[3978566656, 3978570496]
[3978570752, 3978574592]
[3978574848, 3978578688]
[3978578944, 3978582784]
[3978583040, 3978583552]
[3978583808, 3978586880]
[3978587136, 3978590976]
[3978591232, 3978595072]
[3978595328, 3978599168]
[3978599424, 3978603264]
[3978603520, 3978607360]
[3978607616, 3978611456]
[3978611712, 3978615552]
[3978615808, 3978619648]
[3978619904, 3978623744]
[3978624000, 3978627840]
[3978628096, 3978631936]
[3978632192, 3978636032]
[3978636288, 3978640128]
[3978640384, 3978644224]
[3978644480, 3978648320]
[3978648576, 3978649088]
[3978649344, 3978652416]
[3978652672, 3978656512]
[3978656768, 3978660608]
[3978660864, 3978664704]
[3978664960, 3978668800]
[3978669056, 3978672896]
[3978673152, 3978676992]
[3978677248, 3978681088]
[3978681344, 3978685184]
[3978685440, 3978689280]
[3978689536, 3978693376]
[3978693632, 3978697472]
[3978697728, 3978701568]
[3978701824, 3978705664]
[3978705920, 3978709760]
[3978710016, 3978713856]
[3978714112, 3978714624]
[3978714880, 3978717952]
[3978718208, 3978722048]
[3978722304, 3978726144]
[3978726400, 3978730240]
[3978730496, 3978734336]
[3978734592, 3978738432]
[3978738688, 3978742528]
[3978742784, 3978746624]
[3978746880, 3978750720]
[3978750976, 3978754816]
[3978755072, 3978758912]
[3978759168, 3978763008]
[3978763264, 3978767104]
[3978767360, 3978771200]
[3978771456, 3978775296]
[3978775552, 3978779392]
[3978779648, 3978780160]
[3978780416, 3978783488]
[3978783744, 3978787584]
[3978787840, 3978791680]
[3978791936, 3978795776]
[3978796032, 3978799872]
[3978800128, 3978803968]
[3978804224, 3978808064]
[3978808320, 3978812160]
[3978812416, 3978816256]
[3978816512, 3978820352]
[3978820608, 3978824448]
[3978824704, 3978828544]
[3978828800, 3978832640]
[3978832896, 3978836736]
[3978836992, 3978840832]
[3978841088, 3978844928]
[3978845184, 3978845696]
[3978845952, 3978849024]
[3978849280, 3978853120]
[3978853376, 3978857216]
[3978857472, 3978861312]
[3978861568, 3978865408]
[3978865664, 3978869504]
[3978869760, 3978873600]
[3978873856, 3978877696]
[3978877952, 3978881792]
[3978882048, 3978885888]
[3978886144, 3978889984]
[3978890240, 3978894080]
[3978894336, 3978898176]
[3978898432, 3978902272]
[3978902528, 3978906368]
[3978906624, 3978910464]
[3978910720, 3978911232]
[3978911488, 3978914560]
[3978914816, 3978918656]
[3978918912, 3978922752]
[3978923008, 3978926848]
[3978927104, 3978930944]
[3978931200, 3978935040]
[3978935296, 3978939136]
[3978939392, 3978943232]
[3978943488, 3978947328]
[3978947584, 3978951424]
[3978951680, 3978955520]
[3978955776, 3978959616]
[3978959872, 3978963712]
[3978963968, 3978967808]
[3978968064, 3978971904]
[3978972160, 3978976000]
[3978976256, 3978976768]
[3978977024, 3978980096]
[3978980352, 3978984192]
[3978984448, 3978988288]
[3978988544, 3978992384]
[3978992640, 3978996480]
[3978996736, 3979000576]
[3979000832, 3979004672]
[3979004928, 3979008768]
[3979009024, 3979012864]
[3979013120, 3979016960]
[3979017216, 3979021056]
[3979021312, 3979025152]
[3979025408, 3979029248]
[3979029504, 3979033344]
[3979033600, 3979037440]
[3979037696, 3979041536]
[3979041792, 3979042304]
[3979042560, 3979045632]
[3979045888, 3979049728]
[3979049984, 3979053824]
[3979054080, 3979057920]
[3979058176, 3979062016]
[3979062272, 3979066112]
[3979066368, 3979070208]
[3979070464, 3979074304]
[3979074560, 3979078400]
[3979078656, 3979082496]
[3979082752, 3979086592]
[3979086848, 3979090688]
[3979090944, 3979094784]
[3979095040, 3979098880]
[3979099136, 3979102976]
[3979103232, 3979107072]
[3979107328, 3979107840]
[3979108096, 3979111168]
[3979111424, 3979115264]
[3979115520, 3979119360]
[3979119616, 3979123456]
[3979123712, 3979127552]
[3979127808, 3979131648]
[3979131904, 3979135744]
[3979136000, 3979139840]
[3979140096, 3979143936]
[3979144192, 3979148032]
[3979148288, 3979152128]
[3979152384, 3979156224]
[3979156480, 3979160320]
[3979160576, 3979164416]
[3979164672, 3979168512]
[3979168768, 3979172608]
[3979172864, 3979173376]
[3979173632, 3979176704]
[3979176960, 3979180800]
[3979181056, 3979184896]
[3979185152, 3979188992]
[3979189248, 3979193088]
[3979193344, 3979197184]
[3979197440, 3979201280]
[3979201536, 3979205376]
[3979205632, 3979209472]
[3979209728, 3979213568]
[3979213824, 3979217664]
[3979217920, 3979221760]
[3979222016, 3979225856]
[3979226112, 3979229952]
[3979230208, 3979234048]
[3979234304, 3979238144]
[3979238400, 3979238912]
[3979239168, 3979242240]
[3979242496, 3979246336]
[3979246592, 3979250432]
[3979250688, 3979254528]
[3979254784, 3979258624]
[3979258880, 3979262720]
[3979262976, 3979266816]
[3979267072, 3979270912]
[3979271168, 3979275008]
[3979275264, 3979279104]
[3979279360, 3979283200]
[3979283456, 3979287296]
[3979287552, 3979291392]
[3979291648, 3979295488]
[3979295744, 3979299584]
[3979299840, 3979303680]
[3979303936, 3979304448]
[3979304704, 3979307776]
[3979308032, 3979311872]
[3979312128, 3979315968]
[3979316224, 3979320064]
[3979320320, 3979324160]
[3979324416, 3979328256]
[3979328512, 3979332352]
[3979332608, 3979336448]
[3979336704, 3979340544]
[3979340800, 3979344640]
[3979344896, 3979348736]
[3979348992, 3979352832]
[3979353088, 3979356928]
[3979357184, 3979361024]
[3979361280, 3979365120]
[3979365376, 3979369216]
[3979369472, 3979369984]
[3979370240, 3979373312]
[3979373568, 3979377408]
[3979377664, 3979381504]
[3979381760, 3979385600]
[3979385856, 3979389696]
[3979389952, 3979393792]
[3979394048, 3979397888]
[3979398144, 3979401984]
[3979402240, 3979406080]
[3979406336, 3979410176]
[3979410432, 3979414272]
[3979414528, 3979418368]
[3979418624, 3979422464]
[3979422720, 3979426560]
[3979426816, 3979430656]
[3979430912, 3979434752]
[3979435008, 3979435520]
[3979435776, 3979438848]
[3979439104, 3979442944]
[3979443200, 3979447040]
[3979447296, 3979451136]
[3979451392, 3979455232]
[3979455488, 3979459328]
[3979459584, 3979463424]
[3979463680, 3979467520]
[3979467776, 3979471616]
[3979471872, 3979475712]
[3979475968, 3979479808]
[3979480064, 3979483904]
[3979484160, 3979488000]
[3979488256, 3979492096]
[3979492352, 3979496192]
[3979496448, 3979500288]
[3979500544, 3979501056]
[3979501312, 3979504384]
[3979504640, 3979508480]
[3979508736, 3979512576]
[3979512832, 3979516672]
[3979516928, 3979520768]
[3979521024, 3979524864]
[3979525120, 3979528960]
[3979529216, 3979533056]
[3979533312, 3979537152]
[3979537408, 3979541248]
[3979541504, 3979545344]
[3979545600, 3979549440]
[3979549696, 3979553536]
[3979553792, 3979557632]
[3979557888, 3979561728]
[3979561984, 3979565824]
[3979566080, 3979566592]
[3979566848, 3979569920]
[3979570176, 3979574016]
[3979574272, 3979578112]
[3979578368, 3979582208]
[3979582464, 3979586304]
[3979586560, 3979590400]
[3979590656, 3979594496]
[3979594752, 3979598592]
[3979598848, 3979602688]
[3979602944, 3979606784]
[3979607040, 3979610880]
[3979611136, 3979614976]
[3979615232, 3979619072]
[3979619328, 3979623168]
[3979623424, 3979627264]
[3979627520, 3979631360]
[3979631616, 3979632128]
[3979632384, 3979635456]
[3979635712, 3979639552]
[3979639808, 3979643648]
[3979643904, 3979647744]
[3979648000, 3979651840]
[3979652096, 3979655936]
[3979656192, 3979660032]
[3979660288, 3979664128]
[3979664384, 3979668224]
[3979668480, 3979672320]
[3979672576, 3979676416]
[3979676672, 3979680512]
[3979680768, 3979684608]
[3979684864, 3979688704]
[3979688960, 3979692800]
[3979693056, 3979696896]
[3979697152, 3979697664]
[3979697920, 3979700992]
[3979701248, 3979705088]
[3979705344, 3979709184]
[3979709440, 3979713280]
[3979713536, 3979717376]
[3979717632, 3979721472]
[3979721728, 3979725568]
[3979725824, 3979729664]
[3979729920, 3979733760]
[3979734016, 3979737856]
[3979738112, 3979741952]
[3979742208, 3979746048]
[3979746304, 3979750144]
[3979750400, 3979754240]
[3979754496, 3979758336]
[3979758592, 3979762432]
[3979762688, 3979763200]
[3979763456, 3979766528]
[3979766784, 3979770624]
[3979770880, 3979774720]
[3979774976, 3979778816]
[3979779072, 3979782912]
[3979783168, 3979787008]
[3979787264, 3979791104]
[3979791360, 3979795200]
[3979795456, 3979799296]
[3979799552, 3979803392]
[3979803648, 3979807488]
[3979807744, 3979811584]
[3979811840, 3979815680]
[3979815936, 3979819776]
[3979820032, 3979823872]
[3979824128, 3979827968]
[3979828224, 3979828736]
[3979828992, 3979832064]
[3979832320, 3979836160]
[3979836416, 3979840256]
[3979840512, 3979844352]
[3979844608, 3979848448]
[3979848704, 3979852544]
[3979852800, 3979856640]
[3979856896, 3979860736]
[3979860992, 3979864832]
[3979865088, 3979868928]
[3979869184, 3979873024]
[3979873280, 3979877120]
[3979877376, 3979881216]
[3979881472, 3979885312]
[3979885568, 3979889408]
[3979889664, 3979893504]
[3979893760, 3979894272]
[3979894528, 3979897600]
[3979897856, 3979901696]
[3979901952, 3979905792]
[3979906048, 3979909888]
[3979910144, 3979913984]
[3979914240, 3979918080]
[3979918336, 3979922176]
[3979922432, 3979926272]
[3979926528, 3979930368]
[3979930624, 3979934464]
[3979934720, 3979938560]
[3979938816, 3979942656]
[3979942912, 3979946752]
[3979947008, 3979950848]
[3979951104, 3979954944]
[3979955200, 3979959040]
[3979959296, 3979959808]
[3979960064, 3979963136]
[3979963392, 3979967232]
[3979967488, 3979971328]
[3979971584, 3979975424]
[3979975680, 3979979520]
[3979979776, 3979983616]
[3979983872, 3979987712]
[3979987968, 3979991808]
[3979992064, 3979995904]
[3979996160, 3980000000]
[3980000256, 3980004096]
[3980004352, 3980008192]
[3980008448, 3980012288]
[3980012544, 3980016384]
[3980016640, 3980020480]
[3980020736, 3980024576]
[3980024832, 3980025344]
[3980025600, 3980028672]
[3980028928, 3980032768]
[3980033024, 3980036864]
[3980037120, 3980040960]
[3980041216, 3980045056]
[3980045312, 3980049152]
[3980049408, 3980053248]
[3980053504, 3980057344]
[3980057600, 3980061440]
[3980061696, 3980065536]
[3980065792, 3980069632]
[3980069888, 3980073728]
[3980073984, 3980077824]
[3980078080, 3980081920]
[3980082176, 3980086016]
[3980086272, 3980090112]
[3980090368, 3980090880]
[3980091136, 3980094208]
[3980094464, 3980098304]
[3980098560, 3980102400]
[3980102656, 3980106496]
[3980106752, 3980110592]
[3980110848, 3980114688]
[3980114944, 3980118784]
[3980119040, 3980122880]
[3980123136, 3980126976]
[3980127232, 3980131072]
[3980131328, 3980135168]
[3980135424, 3980139264]
[3980139520, 3980143360]
[3980143616, 3980147456]
[3980147712, 3980151552]
[3980151808, 3980155648]
[3980155904, 3980156416]
[3980156672, 3980159744]
[3980160000, 3980163840]
[3980164096, 3980167936]
[3980168192, 3980172032]
[3980172288, 3980176128]
[3980176384, 3980180224]
[3980180480, 3980184320]
[3980184576, 3980188416]
[3980188672, 3980192512]
[3980192768, 3980196608]
[3980196864, 3980200704]
[3980200960, 3980204800]
[3980205056, 3980208896]
[3980209152, 3980212992]
[3980213248, 3980217088]
[3980217344, 3980221184]
[3980221440, 3980221952]
[3980222208, 3980225280]
[3980225536, 3980229376]
[3980229632, 3980233472]
[3980233728, 3980237568]
[3980237824, 3980241664]
[3980241920, 3980245760]
[3980246016, 3980249856]
[3980250112, 3980253952]
[3980254208, 3980258048]
[3980258304, 3980262144]
[3980262400, 3980266240]
[3980266496, 3980270336]
[3980270592, 3980274432]
[3980274688, 3980278528]
[3980278784, 3980282624]
[3980282880, 3980286720]
[3980286976, 3980287488]
[3980287744, 3980290816]
[3980291072, 3980294912]
[3980295168, 3980299008]
[3980299264, 3980303104]
[3980303360, 3980307200]
[3980307456, 3980311296]
[3980311552, 3980315392]
[3980315648, 3980319488]
[3980319744, 3980323584]
[3980323840, 3980327680]
[3980327936, 3980331776]
[3980332032, 3980335872]
[3980336128, 3980339968]
[3980340224, 3980344064]
[3980344320, 3980348160]
[3980348416, 3980352256]
[3980352512, 3980353024]
[3980353280, 3980356352]
[3980356608, 3980360448]
[3980360704, 3980364544]
[3980364800, 3980368640]
[3980368896, 3980372736]
[3980372992, 3980376832]
[3980377088, 3980380928]
[3980381184, 3980385024]
[3980385280, 3980389120]
[3980389376, 3980393216]
[3980393472, 3980396800]
[3980397568, 3980400896]
[3980401664, 3980404992]
[3980405760, 3980409088]
[3980409856, 3980413184]
[3980413952, 3980417280]
[3980418048, 3980421376]
[3980422144, 3980425472]
[3980426240, 3980429568]
[3980430336, 3980433664]
[3980434432, 3980437760]
[3980438528, 3980441856]
[3980442624, 3980445952]
[3980446720, 3980450048]
[3980450816, 3980454144]
[3980454912, 3980458240]
[3980459008, 3980462336]
[3980463104, 3980466432]
[3980467200, 3980470528]
[3980471296, 3980474624]
[3980475392, 3980478720]
[3980479488, 3980482816]
[3980483584, 3980486912]
[3980487680, 3980491008]
[3980491776, 3980495104]
[3980495872, 3980499200]
[3980499968, 3980503296]
[3980504064, 3980507392]
[3980508160, 3980511488]
[3980512256, 3980515584]
[3980516352, 3980519680]
[3980520448, 3980523776]
[3980524544, 3980527872]
[3980528640, 3980531968]
[3980532736, 3980536064]
[3980536832, 3980540160]
[3980540928, 3980544256]
[3980545024, 3980548352]
[3980549120, 3980552448]
[3980553216, 3980556544]
[3980557312, 3980560640]
[3980561408, 3980564736]
[3980565504, 3980568832]
[3980569600, 3980572928]
[3980573696, 3980577024]
[3980577792, 3980581120]
[3980581888, 3980585216]
[3980585984, 3980589312]
[3980590080, 3980593408]
[3980594176, 3980597504]
[3980598272, 3980601600]
[3980602368, 3980605696]
[3980606464, 3980609792]
[3980610560, 3980613888]
[3980614656, 3980617984]
[3980618752, 3980622080]
[3980622848, 3980626176]
[3980626944, 3980630272]
[3980631040, 3980634368]
[3980635136, 3980638464]
[3980639232, 3980642560]
[3980643328, 3980646656]
[3980647424, 3980650752]
[3980651520, 3980654848]
[3980655616, 3980658944]
[3980659712, 3980663040]
[3980663808, 3980667136]
[3980667904, 3980671232]
[3980672000, 3980675328]
[3980676096, 3980679424]
[3980680192, 3980683520]
[3980684288, 3980687616]
[3980688384, 3980691712]
[3980692480, 3980695808]
[3980696576, 3980699904]
[3980700672, 3980704000]
[3980704768, 3980708096]
[3980708864, 3980712192]
[3980712960, 3980716288]
[3980717056, 3980720384]
[3980721152, 3980724480]
[3980725248, 3980728576]
[3980729344, 3980732672]
[3980733440, 3980736768]
[3980737536, 3980740864]
[3980741632, 3980744960]
[3980745728, 3980749056]
[3980749824, 3980753152]
[3980753920, 3980757248]
[3980758016, 3980761344]
[3980762112, 3980765440]
[3980766208, 3980769536]
[3980770304, 3980773632]
[3980774400, 3980777728]
[3980778496, 3980781824]
[3980782592, 3980785920]
[3980786688, 3980790016]
[3980790784, 3980794112]
[3980794880, 3980798208]
[3980798976, 3980802304]
[3980803072, 3980806400]
[3980807168, 3980810496]
[3980811264, 3980814592]
[3980815360, 3980818688]
[3980819456, 3980822784]
[3980823552, 3980826880]
[3980827648, 3980830976]
[3980831744, 3980835072]
[3980835840, 3980839168]
[3980839936, 3980843264]
[3980844032, 3980847360]
[3980848128, 3980851456]
[3980852224, 3980855552]
[3980856320, 3980859648]
[3980860416, 3980863744]
[3980864512, 3980867840]
[3980868608, 3980871936]
[3980872704, 3980876032]
[3980876800, 3980880128]
[3980880896, 3980884224]
[3980884992, 3980888320]
[3980889088, 3980892416]
[3980893184, 3980896512]
[3980897280, 3980900608]
[3980901376, 3980904704]
[3980905472, 3980908800]
[3980909568, 3980912896]
[3980913664, 3980916992]
[3980917760, 3980921088]
[3980921856, 3980925184]
[3980925952, 3980929280]
[3980930048, 3980933376]
[3980934144, 3980937472]
[3980938240, 3980941568]
[3980942336, 3980945664]
[3980946432, 3980949760]
[3980950528, 3980953856]
[3980954624, 3980957952]
[3980958720, 3980962048]
[3980962816, 3980966144]
[3980966912, 3980970240]
[3980971008, 3980974336]
[3980975104, 3980978432]
[3980979200, 3980982528]
[3980983296, 3980986624]
[3980987392, 3980990720]
[3980991488, 3980994816]
[3980995584, 3980998912]
[3980999680, 3981003008]
[3981003776, 3981007104]
[3981007872, 3981011200]
[3981011968, 3981015296]
[3981016064, 3981019392]
[3981020160, 3981023488]
[3981024256, 3981027584]
[3981028352, 3981031680]
[3981032448, 3981035776]
[3981036544, 3981039872]
[3981040640, 3981043968]
[3981044736, 3981048064]
[3981048832, 3981052160]
[3981052928, 3981056256]
[3981057024, 3981060352]
[3981061120, 3981064448]
[3981065216, 3981068544]
[3981069312, 3981072640]
[3981073408, 3981076736]
[3981077504, 3981080832]
[3981081600, 3981084928]
[3981085696, 3981089024]
[3981089792, 3981093120]
[3981093888, 3981097216]
[3981097984, 3981101312]
[3981102080, 3981105408]
[3981106176, 3981109504]
[3981110272, 3981113600]
[3981114368, 3981117696]
[3981118464, 3981121792]
[3981122560, 3981125888]
[3981126656, 3981129984]
[3981130752, 3981134080]
[3981134848, 3981138176]
[3981138944, 3981142272]
[3981143040, 3981146368]
[3981147136, 3981150464]
[3981151232, 3981154560]
[3981155328, 3981158656]
[3981159424, 3981162752]
[3981163520, 3981166848]
[3981167616, 3981170944]
[3981171712, 3981175040]
[3981175808, 3981179136]
[3981179904, 3981183232]
[3981184000, 3981187328]
[3981188096, 3981191424]
[3981192192, 3981195520]
[3981196288, 3981199616]
[3981200384, 3981203712]
[3981204480, 3981207808]
[3981208576, 3981211904]
[3981212672, 3981216000]
[3981216768, 3981220096]
[3981220864, 3981224192]
[3981224960, 3981228288]
[3981229056, 3981232384]
[3981233152, 3981236480]
[3981237248, 3981240576]
[3981241344, 3981244672]
[3981245440, 3981248768]
[3981249536, 3981252864]
[3981253632, 3981256960]
[3981257728, 3981261056]
[3981261824, 3981265152]
[3981265920, 3981269248]
[3981270016, 3981273344]
[3981274112, 3981277440]
[3981278208, 3981281536]
[3981282304, 3981285632]
[3981286400, 3981289728]
[3981290496, 3981293824]
[3981294592, 3981297920]
[3981298688, 3981302016]
[3981302784, 3981306112]
[3981306880, 3981310208]
[3981310976, 3981314304]
[3981315072, 3981318400]
[3981319168, 3981322496]
[3981323264, 3981326592]
[3981327360, 3981330688]
[3981331456, 3981334784]
[3981335552, 3981338880]
[3981339648, 3981342976]
[3981343744, 3981347072]
[3981347840, 3981351168]
[3981351936, 3981355264]
[3981356032, 3981359360]
[3981360128, 3981363456]
[3981364224, 3981367552]
[3981368320, 3981371648]
[3981372416, 3981375744]
[3981376512, 3981379840]
[3981380608, 3981383936]
[3981384704, 3981388032]
[3981388800, 3981392128]
[3981392896, 3981396224]
[3981396992, 3981400320]
[3981401088, 3981404416]
[3981405184, 3981408512]
[3981409280, 3981412608]
[3981413376, 3981416704]
[3981417472, 3981420800]
[3981421568, 3981424896]
[3981425664, 3981428992]
[3981429760, 3981433088]
[3981433856, 3981437184]
[3981437952, 3981441280]
[3981442048, 3981445376]
[3981446144, 3981449472]
[3981450240, 3981453568]
[3981454336, 3981457664]
[3981458432, 3981461760]
[3981462528, 3981465856]
[3981466624, 3981469952]
[3981470720, 3981474048]
[3981474816, 3981478144]
[3981478912, 3981482240]
[3981483008, 3981486336]
[3981487104, 3981490432]
[3981491200, 3981494528]
[3981495296, 3981498624]
[3981499392, 3981502720]
[3981503488, 3981506816]
[3981507584, 3981510912]
[3981511680, 3981515008]
[3981515776, 3981519104]
[3981519872, 3981523200]
[3981523968, 3981527296]
[3981528064, 3981531392]
[3981532160, 3981535488]
[3981536256, 3981539584]
[3981540352, 3981543680]
[3981544448, 3981547776]
[3981548544, 3981551872]
[3981552640, 3981555968]
[3981556736, 3981560064]
[3981560832, 3981564160]
[3981564928, 3981568256]
[3981569024, 3981572352]
[3981573120, 3981576448]
[3981577216, 3981580544]
[3981581312, 3981584640]
[3981585408, 3981588736]
[3981589504, 3981592832]
[3981593600, 3981596928]
[3981597696, 3981601024]
[3981601792, 3981605120]
[3981605888, 3981609216]
[3981609984, 3981613312]
[3981614080, 3981617408]
[3981618176, 3981621504]
[3981622272, 3981625600]
[3981626368, 3981629696]
[3981630464, 3981633792]
[3981634560, 3981637888]
[3981638656, 3981641984]
[3981642752, 3981646080]
[3981646848, 3981650176]
[3981650944, 3981654272]
[3981655040, 3981658368]
[3981659136, 3981662464]
[3981663232, 3981666560]
[3981667328, 3981670656]
[3981671424, 3981674752]
[3981675520, 3981678848]
[3981679616, 3981682944]
[3981683712, 3981687040]
[3981687808, 3981691136]
[3981691904, 3981695232]
[3981696000, 3981699328]
[3981700096, 3981703424]
[3981704192, 3981707520]
[3981708288, 3981711616]
[3981712384, 3981715712]
[3981716480, 3981719808]
[3981720576, 3981723904]
[3981724672, 3981728000]
[3981728768, 3981732096]
[3981732864, 3981736192]
[3981736960, 3981740288]
[3981741056, 3981744384]
[3981745152, 3981748480]
[3981749248, 3981752576]
[3981753344, 3981756672]
[3981757440, 3981760768]
[3981761536, 3981764864]
[3981765632, 3981768960]
[3981769728, 3981773056]
[3981773824, 3981777152]
[3981777920, 3981781248]
[3981782016, 3981785344]
[3981786112, 3981789440]
[3981790208, 3981793536]
[3981794304, 3981797632]
[3981798400, 3981801728]
[3981802496, 3981805824]
[3981806592, 3981809920]
[3981810688, 3981814016]
[3981814784, 3981818112]
[3981818880, 3981822208]
[3981822976, 3981826304]
[3981827072, 3981830400]
[3981831168, 3981834496]
[3981835264, 3981838592]
[3981839360, 3981842688]
[3981843456, 3981846784]
[3981847552, 3981850880]
[3981851648, 3981854976]
[3981855744, 3981859072]
[3981859840, 3981863168]
[3981863936, 3981867264]
[3981868032, 3981871360]
[3981872128, 3981875456]
[3981876224, 3981879552]
[3981880320, 3981883648]
[3981884416, 3981887744]
[3981888512, 3981891840]
[3981892608, 3981895936]
[3981896704, 3981900032]
[3981900800, 3981904128]
[3981904896, 3981908224]
[3981908992, 3981912320]
[3981913088, 3981916416]
[3981917184, 3981920512]
[3981921280, 3981924608]
[3981925376, 3981928704]
[3981929472, 3981932800]
[3981933568, 3981936896]
[3981937664, 3981940992]
[3981941760, 3981945088]
[3981945856, 3981949184]
[3981949952, 3981953280]
[3981954048, 3981957376]
[3981958144, 3981961472]
[3981962240, 3981965568]
[3981966336, 3981969664]
[3981970432, 3981973760]
[3981974528, 3981977856]
[3981978624, 3981981952]
[3981982720, 3981986048]
[3981986816, 3981990144]
[3981990912, 3981994240]
[3981995008, 3981998336]
[3981999104, 3982002432]
[3982003200, 3982006528]
[3982007296, 3982010624]
[3982011392, 3982014720]
[3982015488, 3982018816]
[3982019584, 3982022912]
[3982023680, 3982027008]
[3982027776, 3982031104]
[3982031872, 3982035200]
[3982035968, 3982039296]
[3982040064, 3982043392]
[3982044160, 3982047488]
[3982048256, 3982051584]
[3982052352, 3982055680]
[3982056448, 3982059776]
[3982060544, 3982063872]
[3982064640, 3982067968]
[3982068736, 3982072064]
[3982072832, 3982076160]
[3982076928, 3982080256]
[3982081024, 3982084352]
[3982085120, 3982088448]
[3982089216, 3982092544]
[3982093312, 3982096640]
[3982097408, 3982100736]
[3982101504, 3982104832]
[3982105600, 3982108928]
[3982109696, 3982113024]
[3982113792, 3982117120]
[3982117888, 3982121216]
[3982121984, 3982125312]
[3982126080, 3982129408]
[3982130176, 3982133504]
[3982134272, 3982137600]
[3982138368, 3982141696]
[3982142464, 3982145792]
[3982146560, 3982149888]
[3982150656, 3982153984]
[3982154752, 3982158080]
[3982158848, 3982162176]
[3982162944, 3982166272]
[3982167040, 3982170368]
[3982171136, 3982174464]
[3982175232, 3982178560]
[3982179328, 3982182656]
[3982183424, 3982186752]
[3982187520, 3982190848]
[3982191616, 3982194944]
[3982195712, 3982199040]
[3982199808, 3982203136]
[3982203904, 3982207232]
[3982208000, 3982211328]
[3982212096, 3982215424]
[3982216192, 3982219520]
[3982220288, 3982223616]
[3982224384, 3982227712]
[3982228480, 3982231808]
[3982232576, 3982235904]
[3982236672, 3982240000]
[3982240768, 3982244096]
[3982244864, 3982248192]
[3982248960, 3982252288]
[3982253056, 3982256384]
[3982257152, 3982260480]
[3982261248, 3982264576]
[3982265344, 3982268672]
[3982269440, 3982272768]
[3982273536, 3982276864]
[3982277632, 3982280960]
[3982281728, 3982285056]
[3982285824, 3982289152]
[3982289920, 3982293248]
[3982294016, 3982297344]
[3982298112, 3982301440]
[3982302208, 3982305536]
[3982306304, 3982309632]
[3982310400, 3982313728]
[3982314496, 3982317824]
[3982318592, 3982321920]
[3982322688, 3982326016]
[3982326784, 3982330112]
[3982330880, 3982334208]
[3982334976, 3982338304]
[3982339072, 3982342400]
[3982343168, 3982346496]
[3982347264, 3982350592]
[3982351360, 3982354688]
[3982355456, 3982358784]
[3982359552, 3982362880]
[3982363648, 3982366976]
[3982367744, 3982371072]
[3982371840, 3982375168]
[3982375936, 3982379264]
[3982380032, 3982383360]
[3982384128, 3982387456]
[3982388224, 3982391552]
[3982392320, 3982395648]
[3982396416, 3982399744]
[3982400512, 3982403840]
[3982404608, 3982407936]
[3982408704, 3982412032]
[3982412800, 3982416128]
[3982416896, 3982420224]
[3982420992, 3982424320]
[3982425088, 3982428416]
[3982429184, 3982432512]
[3982433280, 3982436608]
[3982437376, 3982440704]
[3982441472, 3982444800]
[3982445568, 3982448896]
[3982449664, 3982452992]
[3982453760, 3982457088]
[3982457856, 3982461184]
[3982461952, 3982465280]
[3982466048, 3982469376]
[3982470144, 3982473472]
[3982474240, 3982477568]
[3982478336, 3982481664]
[3982482432, 3982485760]
[3982486528, 3982489856]
[3982490624, 3982494464]
[3982494720, 3982498560]
[3982498816, 3982502656]
[3982502912, 3982506752]
[3982507008, 3982510848]
[3982511104, 3982514944]
[3982515200, 3982519040]
[3982519296, 3982523136]
[3982523392, 3982527232]
[3982527488, 3982531328]
[3982531584, 3982535424]
[3982535680, 3982539520]
[3982539776, 3982543616]
[3982543872, 3982547712]
[3982547968, 3982551808]
[3982552064, 3982555904]
[3982556160, 3982560000]
[3982560256, 3982564096]
[3982564352, 3982568192]
[3982568448, 3982572288]
[3982572544, 3982576384]
[3982576640, 3982580480]
[3982580736, 3982584576]
[3982584832, 3982588672]
[3982588928, 3982592768]
[3982593024, 3982596864]
[3982597120, 3982600960]
[3982601216, 3982605056]
[3982605312, 3982609152]
[3982609408, 3982613248]
[3982613504, 3982617344]
[3982617600, 3982621440]
[3982621696, 3982625536]
[3982625792, 3982629632]
[3982629888, 3982633728]
[3982633984, 3982637824]
[3982638080, 3982641920]
[3982642176, 3982646016]
[3982646272, 3982650112]
[3982650368, 3982654208]
[3982654464, 3982658304]
[3982658560, 3982662400]
[3982662656, 3982666496]
[3982666752, 3982670592]
[3982670848, 3982674688]
[3982674944, 3982678784]
[3982679040, 3982682880]
[3982683136, 3982686976]
[3982687232, 3982691072]
[3982691328, 3982695168]
[3982695424, 3982699264]
[3982699520, 3982703360]
[3982703616, 3982707456]
[3982707712, 3982711552]
[3982711808, 3982715648]
[3982715904, 3982719744]
[3982720000, 3982723840]
[3982724096, 3982727936]
[3982728192, 3982732032]
[3982732288, 3982736128]
[3982736384, 3982740224]
[3982740480, 3982744320]
[3982744576, 3982748416]
[3982748672, 3982752512]
[3982752768, 3982756608]
[3982756864, 3982760704]
[3982760960, 3982764800]
[3982765056, 3982768896]
[3982769152, 3982772992]
[3982773248, 3982777088]
[3982777344, 3982781184]
[3982781440, 3982785280]
[3982785536, 3982789376]
[3982789632, 3982793472]
[3982793728, 3982797568]
[3982797824, 3982801664]
[3982801920, 3982805760]
[3982806016, 3982809856]
[3982810112, 3982813952]
[3982814208, 3982818048]
[3982818304, 3982822144]
[3982822400, 3982826240]
[3982826496, 3982830336]
[3982830592, 3982834432]
[3982834688, 3982838528]
[3982838784, 3982842624]
[3982842880, 3982846720]
[3982846976, 3982850816]
[3982851072, 3982854912]
[3982855168, 3982859008]
[3982859264, 3982863104]
[3982863360, 3982867200]
[3982867456, 3982871296]
[3982871552, 3982875392]
[3982875648, 3982879488]
[3982879744, 3982883584]
[3982883840, 3982887680]
[3982887936, 3982891776]
[3982892032, 3982895872]
[3982896128, 3982899968]
[3982900224, 3982904064]
[3982904320, 3982908160]
[3982908416, 3982912256]
[3982912512, 3982916352]
[3982916608, 3982920448]
[3982920704, 3982924544]
[3982924800, 3982928640]
[3982928896, 3982932736]
[3982932992, 3982936832]
[3982937088, 3982940928]
[3982941184, 3982945024]
[3982945280, 3982949120]
[3982949376, 3982953216]
[3982953472, 3982957312]
[3982957568, 3982961408]
[3982961664, 3982965504]
[3982965760, 3982969600]
[3982969856, 3982973696]
[3982973952, 3982977792]
[3982978048, 3982981888]
[3982982144, 3982985984]
[3982986240, 3982990080]
[3982990336, 3982994176]
[3982994432, 3982998272]
[3982998528, 3983002368]
[3983002624, 3983006464]
[3983006720, 3983010560]
[3983010816, 3983014656]
[3983014912, 3983018752]
[3983019008, 3983022848]
[3983023104, 3983026944]
[3983027200, 3983031040]
[3983031296, 3983035136]
[3983035392, 3983039232]
[3983039488, 3983043328]
[3983043584, 3983047424]
[3983047680, 3983051520]
[3983051776, 3983055616]
[3983055872, 3983059712]
[3983059968, 3983063808]
[3983064064, 3983067904]
[3983068160, 3983072000]
[3983072256, 3983076096]
[3983076352, 3983080192]
[3983080448, 3983084288]
[3983084544, 3983088384]
[3983088640, 3983092480]
[3983092736, 3983096576]
[3983096832, 3983100672]
[3983100928, 3983104768]
[3983105024, 3983108864]
[3983109120, 3983112960]
[3983113216, 3983117056]
[3983117312, 3983121152]
[3983121408, 3983125248]
[3983125504, 3983129344]
[3983129600, 3983133440]
[3983133696, 3983137536]
[3983137792, 3983141632]
[3983141888, 3983145728]
[3983145984, 3983149824]
[3983150080, 3983153920]
[3983154176, 3983158016]
[3983158272, 3983162112]
[3983162368, 3983166208]
[3983166464, 3983170304]
[3983170560, 3983174400]
[3983174656, 3983178496]
[3983178752, 3983182592]
[3983182848, 3983186688]
[3983186944, 3983190784]
[3983191040, 3983194880]
[3983195136, 3983198976]
[3983199232, 3983203072]
[3983203328, 3983207168]
[3983207424, 3983211264]
[3983211520, 3983215360]
[3983215616, 3983219456]
[3983219712, 3983223552]
[3983223808, 3983227648]
[3983227904, 3983231744]
[3983232000, 3983235840]
[3983236096, 3983239936]
[3983240192, 3983244032]
[3983244288, 3983248128]
[3983248384, 3983252224]
[3983252480, 3983256320]
[3983256576, 3983260416]
[3983260672, 3983264512]
[3983264768, 3983268608]
[3983268864, 3983272704]
[3983272960, 3983276800]
[3983277056, 3983280896]
[3983281152, 3983284992]
[3983285248, 3983289088]
[3983289344, 3983293184]
[3983293440, 3983297280]
[3983297536, 3983301376]
[3983301632, 3983305472]
[3983305728, 3983309568]
[3983309824, 3983313664]
[3983313920, 3983317760]
[3983318016, 3983321856]
[3983322112, 3983325952]
[3983326208, 3983330048]
[3983330304, 3983334144]
[3983334400, 3983338240]
[3983338496, 3983342336]
[3983342592, 3983346432]
[3983346688, 3983350528]
[3983350784, 3983354624]
[3983354880, 3983358720]
[3983358976, 3983362816]
[3983363072, 3983366912]
[3983367168, 3983371008]
[3983371264, 3983375104]
[3983375360, 3983379200]
[3983379456, 3983383296]
[3983383552, 3983387392]
[3983387648, 3983391488]
[3983391744, 3983395584]
[3983395840, 3983399680]
[3983399936, 3983403776]
[3983404032, 3983407872]
[3983408128, 3983411968]
[3983412224, 3983416064]
[3983416320, 3983420160]
[3983420416, 3983424256]
[3983424512, 3983428352]
[3983428608, 3983432448]
[3983432704, 3983436544]
[3983436800, 3983440640]
[3983440896, 3983444736]
[3983444992, 3983448832]
[3983449088, 3983452928]
[3983453184, 3983457024]
[3983457280, 3983461120]
[3983461376, 3983465216]
[3983465472, 3983469312]
[3983469568, 3983473408]
[3983473664, 3983477504]
[3983477760, 3983481600]
[3983481856, 3983485696]
[3983485952, 3983489792]
[3983490048, 3983493888]
[3983494144, 3983497984]
[3983498240, 3983502080]
[3983502336, 3983506176]
[3983506432, 3983510272]
[3983510528, 3983514368]
[3983514624, 3983518464]
[3983518720, 3983522560]
[3983522816, 3983526656]
[3983526912, 3983530752]
[3983531008, 3983534848]
[3983535104, 3983538944]
[3983539200, 3983543040]
[3983543296, 3983547136]
[3983547392, 3983551232]
[3983551488, 3983555328]
[3983555584, 3983559424]
[3983559680, 3983563520]
[3983563776, 3983567616]
[3983567872, 3983571712]
[3983571968, 3983575808]
[3983576064, 3983579904]
[3983580160, 3983584000]
[3983584256, 3983588096]
[3983588352, 3983592192]
[3983592448, 3983596288]
[3983596544, 3983600384]
[3983600640, 3983604480]
[3983604736, 3983608576]
[3983608832, 3983612672]
[3983612928, 3983616768]
[3983617024, 3983620864]
[3983621120, 3983624960]
[3983625216, 3983629056]
[3983629312, 3983633152]
[3983633408, 3983637248]
[3983637504, 3983641344]
[3983641600, 3983645440]
[3983645696, 3983649536]
[3983649792, 3983653632]
[3983653888, 3983657728]
[3983657984, 3983661824]
[3983662080, 3983665920]
[3983666176, 3983670016]
[3983670272, 3983674112]
[3983674368, 3983678208]
[3983678464, 3983682304]
[3983682560, 3983686400]
[3983686656, 3983690496]
[3983690752, 3983694592]
[3983694848, 3983698688]
[3983698944, 3983702784]
[3983703040, 3983706880]
[3983707136, 3983710976]
[3983711232, 3983715072]
[3983715328, 3983719168]
[3983719424, 3983723264]
[3983723520, 3983727360]
[3983727616, 3983731456]
[3983731712, 3983735552]
[3983735808, 3983739648]
[3983739904, 3983743744]
[3983744000, 3983747840]
[3983748096, 3983751936]
[3983752192, 3983756032]
[3983756288, 3983760128]
[3983760384, 3983764224]
[3983764480, 3983768320]
[3983768576, 3983772416]
[3983772672, 3983776512]
[3983776768, 3983780608]
[3983780864, 3983784704]
[3983784960, 3983788800]
[3983789056, 3983792896]
[3983793152, 3983796992]
[3983797248, 3983801088]
[3983801344, 3983805184]
[3983805440, 3983809280]
[3983809536, 3983813376]
[3983813632, 3983817472]
[3983817728, 3983821568]
[3983821824, 3983825664]
[3983825920, 3983829760]
[3983830016, 3983833856]
[3983834112, 3983837952]
[3983838208, 3983842048]
[3983842304, 3983846144]
[3983846400, 3983850240]
[3983850496, 3983854336]
[3983854592, 3983858432]
[3983858688, 3983862528]
[3983862784, 3983866624]
[3983866880, 3983870720]
[3983870976, 3983874816]
[3983875072, 3983878912]
[3983879168, 3983883008]
[3983883264, 3983887104]
[3983887360, 3983891200]
[3983891456, 3983895296]
[3983895552, 3983899392]
[3983899648, 3983903488]
[3983903744, 3983907584]
[3983907840, 3983911680]
[3983911936, 3983915776]
[3983916032, 3983919872]
[3983920128, 3983923968]
[3983924224, 3983928064]
[3983928320, 3983932160]
[3983932416, 3983936256]
[3983936512, 3983940352]
[3983940608, 3983944448]
[3983944704, 3983948544]
[3983948800, 3983952640]
[3983952896, 3983956736]
[3983956992, 3983960832]
[3983961088, 3983964928]
[3983965184, 3983969024]
[3983969280, 3983973120]
[3983973376, 3983977216]
[3983977472, 3983981312]
[3983981568, 3983985408]
[3983985664, 3983989504]
[3983989760, 3983993600]
[3983993856, 3983997696]
[3983997952, 3984001792]
[3984002048, 3984005888]
[3984006144, 3984009984]
[3984010240, 3984014080]
[3984014336, 3984018176]
[3984018432, 3984022272]
[3984022528, 3984026368]
[3984026624, 3984030464]
[3984030720, 3984034560]
[3984034816, 3984038656]
[3984038912, 3984042752]
[3984043008, 3984046848]
[3984047104, 3984050944]
[3984051200, 3984055040]
[3984055296, 3984059136]
[3984059392, 3984063232]
[3984063488, 3984067328]
[3984067584, 3984071424]
[3984071680, 3984075520]
[3984075776, 3984079616]
[3984079872, 3984083712]
[3984083968, 3984087808]
[3984088064, 3984091904]
[3984092160, 3984096000]
[3984096256, 3984100096]
[3984100352, 3984104192]
[3984104448, 3984108288]
[3984108544, 3984112384]
[3984112640, 3984116480]
[3984116736, 3984120576]
[3984120832, 3984124672]
[3984124928, 3984128768]
[3984129024, 3984132864]
[3984133120, 3984136960]
[3984137216, 3984141056]
[3984141312, 3984145152]
[3984145408, 3984149248]
[3984149504, 3984153344]
[3984153600, 3984157440]
[3984157696, 3984161536]
[3984161792, 3984165632]
[3984165888, 3984169728]
[3984169984, 3984173824]
[3984174080, 3984177920]
[3984178176, 3984182016]
[3984182272, 3984186112]
[3984186368, 3984190208]
[3984190464, 3984194304]
[3984194560, 3984198400]
[3984198656, 3984202496]
[3984202752, 3984206592]
[3984206848, 3984210688]
[3984210944, 3984214784]
[3984215040, 3984218880]
[3984219136, 3984222976]
[3984223232, 3984227072]
[3984227328, 3984231168]
[3984231424, 3984235264]
[3984235520, 3984239360]
[3984239616, 3984243456]
[3984243712, 3984247552]
[3984247808, 3984251648]
[3984251904, 3984255744]
[3984256000, 3984259840]
[3984260096, 3984263936]
[3984264192, 3984268032]
[3984268288, 3984272128]
[3984272384, 3984276224]
[3984276480, 3984280320]
[3984280576, 3984284416]
[3984284672, 3984288512]
[3984288768, 3984292608]
[3984292864, 3984296704]
[3984296960, 3984300800]
[3984301056, 3984304896]
[3984305152, 3984308992]
[3984309248, 3984313088]
[3984313344, 3984317184]
[3984317440, 3984321280]
[3984321536, 3984325376]
[3984325632, 3984329472]
[3984329728, 3984333568]
[3984333824, 3984337664]
[3984337920, 3984341760]
[3984342016, 3984345856]
[3984346112, 3984349952]
[3984350208, 3984354048]
[3984354304, 3984358144]
[3984358400, 3984362240]
[3984362496, 3984366336]
[3984366592, 3984370432]
[3984370688, 3984374528]
[3984374784, 3984378624]
[3984378880, 3984382720]
[3984382976, 3984386816]
[3984387072, 3984390912]
[3984391168, 3984395008]
[3984395264, 3984399104]
[3984399360, 3984403200]
[3984403456, 3984407296]
[3984407552, 3984411392]
[3984411648, 3984415488]
[3984415744, 3984419584]
[3984419840, 3984423680]
[3984423936, 3984427776]
[3984428032, 3984431872]
[3984432128, 3984435968]
[3984436224, 3984440064]
[3984440320, 3984444160]
[3984444416, 3984448256]
[3984448512, 3984452352]
[3984452608, 3984456448]
[3984456704, 3984460544]
[3984460800, 3984464640]
[3984464896, 3984468736]
[3984468992, 3984472832]
[3984473088, 3984476928]
[3984477184, 3984481024]
[3984481280, 3984485120]
[3984485376, 3984489216]
[3984489472, 3984493312]
[3984493568, 3984497408]
[3984497664, 3984501504]
[3984501760, 3984505600]
[3984505856, 3984509696]
[3984509952, 3984513792]
[3984514048, 3984517888]
[3984518144, 3984521984]
[3984522240, 3984526080]
[3984526336, 3984530176]
[3984530432, 3984534272]
[3984534528, 3984538368]
[3984538624, 3984542464]
[3984542720, 3984546560]
[3984546816, 3984550656]
[3984550912, 3984554752]
[3984555008, 3984558848]
[3984559104, 3984562944]
[3984563200, 3984567040]
[3984567296, 3984571136]
[3984571392, 3984575232]
[3984575488, 3984579328]
[3984579584, 3984583424]
[3984583680, 3984587520]
[3984587776, 3984591104]
[3984591872, 3984595200]
[3984595968, 3984599296]
[3984600064, 3984603392]
[3984604160, 3984607488]
[3984608256, 3984611584]
[3984612352, 3984612864]
[3984613120, 3984615680]
[3984616448, 3984619776]
[3984620544, 3984623872]
[3984624640, 3984627968]
[3984628736, 3984632064]
[3984632832, 3984636160]
[3984636928, 3984640256]
[3984641024, 3984644352]
[3984645120, 3984648448]
[3984649216, 3984652544]
[3984653312, 3984656640]
[3984657408, 3984660736]
[3984661504, 3984664832]
[3984665600, 3984668928]
[3984669696, 3984673024]
[3984673792, 3984677120]
[3984677888, 3984678400]
[3984678656, 3984681216]
[3984681984, 3984685312]
[3984686080, 3984689408]
[3984690176, 3984693504]
[3984694272, 3984697600]
[3984698368, 3984701696]
[3984702464, 3984705792]
[3984706560, 3984709888]
[3984710656, 3984713984]
[3984714752, 3984718080]
[3984718848, 3984722176]
[3984722944, 3984726272]
[3984727040, 3984730368]
[3984731136, 3984734464]
[3984735232, 3984738560]
[3984739328, 3984742656]
[3984743424, 3984743936]
[3984744192, 3984746752]
[3984747520, 3984750848]
[3984751616, 3984754944]
[3984755712, 3984759040]
[3984759808, 3984763136]
[3984763904, 3984767232]
[3984768000, 3984771328]
[3984772096, 3984775424]
[3984776192, 3984779520]
[3984780288, 3984783616]
[3984784384, 3984787712]
[3984788480, 3984791808]
[3984792576, 3984795904]
[3984796672, 3984800000]
[3984800768, 3984804096]
[3984804864, 3984808192]
[3984808960, 3984809472]
[3984809728, 3984812288]
[3984813056, 3984816384]
[3984817152, 3984820480]
[3984821248, 3984824576]
[3984825344, 3984828672]
[3984829440, 3984832768]
[3984833536, 3984836864]
[3984837632, 3984840960]
[3984841728, 3984845056]
[3984845824, 3984849152]
[3984849920, 3984853248]
[3984854016, 3984857344]
[3984858112, 3984861440]
[3984862208, 3984865536]
[3984866304, 3984869632]
[3984870400, 3984873728]
[3984874496, 3984875008]
[3984875264, 3984877824]
[3984878592, 3984881920]
[3984882688, 3984886016]
[3984886784, 3984890112]
[3984890880, 3984894208]
[3984894976, 3984898304]
[3984899072, 3984902400]
[3984903168, 3984906496]
[3984907264, 3984910592]
[3984911360, 3984914688]
[3984915456, 3984918784]
[3984919552, 3984922880]
[3984923648, 3984926976]
[3984927744, 3984931072]
[3984931840, 3984935168]
[3984935936, 3984939264]
[3984940032, 3984940544]
[3984940800, 3984943360]
[3984944128, 3984947456]
[3984948224, 3984951552]
[3984952320, 3984955648]
[3984956416, 3984959744]
[3984960512, 3984963840]
[3984964608, 3984967936]
[3984968704, 3984972032]
[3984972800, 3984976128]
[3984976896, 3984980224]
[3984980992, 3984984320]
[3984985088, 3984988416]
[3984989184, 3984992512]
[3984993280, 3984996608]
[3984997376, 3985000704]
[3985001472, 3985004800]
[3985005568, 3985006080]
[3985006336, 3985008896]
[3985009664, 3985012992]
[3985013760, 3985017088]
[3985017856, 3985021184]
[3985021952, 3985025280]
[3985026048, 3985029376]
[3985030144, 3985033472]
[3985034240, 3985037568]
[3985038336, 3985041664]
[3985042432, 3985045760]
[3985046528, 3985049856]
[3985050624, 3985053952]
[3985054720, 3985058048]
[3985058816, 3985062144]
[3985062912, 3985066240]
[3985067008, 3985070336]
[3985071104, 3985071616]
[3985071872, 3985074432]
[3985075200, 3985078528]
[3985079296, 3985082624]
[3985083392, 3985086720]
[3985087488, 3985090816]
[3985091584, 3985094912]
[3985095680, 3985099008]
[3985099776, 3985103104]
[3985103872, 3985107200]
[3985107968, 3985111296]
[3985112064, 3985115392]
[3985116160, 3985119488]
[3985120256, 3985123584]
[3985124352, 3985127680]
[3985128448, 3985131776]
[3985132544, 3985135872]
[3985136640, 3985137152]
[3985137408, 3985139968]
[3985140736, 3985144064]
[3985144832, 3985148160]
[3985148928, 3985152256]
[3985153024, 3985156352]
[3985157120, 3985160448]
[3985161216, 3985164544]
[3985165312, 3985168640]
[3985169408, 3985172736]
[3985173504, 3985176832]
[3985177600, 3985180928]
[3985181696, 3985185024]
[3985185792, 3985189120]
[3985189888, 3985193216]
[3985193984, 3985197312]
[3985198080, 3985201408]
[3985202176, 3985202688]
[3985202944, 3985205504]
[3985206272, 3985209600]
[3985210368, 3985213696]
[3985214464, 3985217792]
[3985218560, 3985221888]
[3985222656, 3985225984]
[3985226752, 3985230080]
[3985230848, 3985234176]
[3985234944, 3985238272]
[3985239040, 3985242368]
[3985243136, 3985246464]
[3985247232, 3985250560]
[3985251328, 3985254656]
[3985255424, 3985258752]
[3985259520, 3985262848]
[3985263616, 3985266944]
[3985267712, 3985268224]
[3985268480, 3985271040]
[3985271808, 3985275136]
[3985275904, 3985279232]
[3985280000, 3985283328]
[3985284096, 3985287424]
[3985288192, 3985291520]
[3985292288, 3985295616]
[3985296384, 3985299712]
[3985300480, 3985303808]
[3985304576, 3985307904]
[3985308672, 3985312000]
[3985312768, 3985316096]
[3985316864, 3985320192]
[3985320960, 3985324288]
[3985325056, 3985328384]
[3985329152, 3985332480]
[3985333248, 3985333760]
[3985334016, 3985336576]
[3985337344, 3985340672]
[3985341440, 3985344768]
[3985345536, 3985348864]
[3985349632, 3985352960]
[3985353728, 3985357056]
[3985357824, 3985361152]
[3985361920, 3985365248]
[3985366016, 3985369344]
[3985370112, 3985373440]
[3985374208, 3985377536]
[3985378304, 3985381632]
[3985382400, 3985385728]
[3985386496, 3985389824]
[3985390592, 3985393920]
[3985394688, 3985398016]
[3985398784, 3985399296]
[3985399552, 3985402112]
[3985402880, 3985406208]
[3985406976, 3985410304]
[3985411072, 3985414400]
[3985415168, 3985418496]
[3985419264, 3985422592]
[3985423360, 3985426688]
[3985427456, 3985430784]
[3985431552, 3985434880]
[3985435648, 3985438976]
[3985439744, 3985443072]
[3985443840, 3985447168]
[3985447936, 3985451264]
[3985452032, 3985455360]
[3985456128, 3985459456]
[3985460224, 3985463552]
[3985464320, 3985464832]
[3985465088, 3985467648]
[3985468416, 3985471744]
[3985472512, 3985475840]
[3985476608, 3985479936]
[3985480704, 3985484032]
[3985484800, 3985488128]
[3985488896, 3985492224]
[3985492992, 3985496320]
[3985497088, 3985500416]
[3985501184, 3985504512]
[3985505280, 3985508608]
[3985509376, 3985512704]
[3985513472, 3985516800]
[3985517568, 3985520896]
[3985521664, 3985524992]
[3985525760, 3985529088]
[3985529856, 3985530368]
[3985530624, 3985533184]
[3985533952, 3985537280]
[3985538048, 3985541376]
[3985542144, 3985545472]
[3985546240, 3985549568]
[3985550336, 3985553664]
[3985554432, 3985557760]
[3985558528, 3985561856]
[3985562624, 3985565952]
[3985566720, 3985570048]
[3985570816, 3985574144]
[3985574912, 3985578240]
[3985579008, 3985582336]
[3985583104, 3985586432]
[3985587200, 3985590528]
[3985591296, 3985594624]
[3985595392, 3985595904]
[3985596160, 3985598720]
[3985599488, 3985602816]
[3985603584, 3985606912]
[3985607680, 3985611008]
[3985611776, 3985615104]
[3985615872, 3985619200]
[3985619968, 3985623296]
[3985624064, 3985627392]
[3985628160, 3985631488]
[3985632256, 3985635584]
[3985636352, 3985639680]
[3985640448, 3985643776]
[3985644544, 3985647872]
[3985648640, 3985651968]
[3985652736, 3985656064]
[3985656832, 3985660160]
[3985660928, 3985661440]
[3985661696, 3985664256]
[3985665024, 3985668352]
[3985669120, 3985672448]
[3985673216, 3985676544]
[3985677312, 3985680640]
[3985681408, 3985684736]
[3985685504, 3985688832]
[3985689600, 3985692928]
[3985693696, 3985697024]
[3985697792, 3985701120]
[3985701888, 3985705216]
[3985705984, 3985709312]
[3985710080, 3985713408]
[3985714176, 3985717504]
[3985718272, 3985721600]
[3985722368, 3985725696]
[3985726464, 3985726976]
[3985727232, 3985729792]
[3985730560, 3985733888]
[3985734656, 3985737984]
[3985738752, 3985742080]
[3985742848, 3985746176]
[3985746944, 3985750272]
[3985751040, 3985754368]
[3985755136, 3985758464]
[3985759232, 3985762560]
[3985763328, 3985766656]
[3985767424, 3985770752]
[3985771520, 3985774848]
[3985775616, 3985778944]
[3985779712, 3985783040]
[3985783808, 3985787136]
[3985787904, 3985791232]
[3985792000, 3985792512]
[3985792768, 3985795328]
[3985796096, 3985799424]
[3985800192, 3985803520]
[3985804288, 3985807616]
[3985808384, 3985811712]
[3985812480, 3985815808]
[3985816576, 3985819904]
[3985820672, 3985824000]
[3985824768, 3985828096]
[3985828864, 3985832192]
[3985832960, 3985836288]
[3985837056, 3985840384]
[3985841152, 3985844480]
[3985845248, 3985848576]
[3985849344, 3985852672]
[3985853440, 3985856768]
[3985857536, 3985858048]
[3985858304, 3985860864]
[3985861632, 3985864960]
[3985865728, 3985869056]
[3985869824, 3985873152]
[3985873920, 3985877248]
[3985878016, 3985881344]
[3985882112, 3985885440]
[3985886208, 3985889536]
[3985890304, 3985893632]
[3985894400, 3985897728]
[3985898496, 3985901824]
[3985902592, 3985905920]
[3985906688, 3985910016]
[3985910784, 3985914112]
[3985914880, 3985918208]
[3985918976, 3985922304]
[3985923072, 3985923584]
[3985923840, 3985926400]
[3985927168, 3985930496]
[3985931264, 3985934592]
[3985935360, 3985938688]
[3985939456, 3985942784]
[3985943552, 3985946880]
[3985947648, 3985950976]
[3985951744, 3985955072]
[3985955840, 3985959168]
[3985959936, 3985963264]
[3985964032, 3985967360]
[3985968128, 3985971456]
[3985972224, 3985975552]
[3985976320, 3985979648]
[3985980416, 3985983744]
[3985984512, 3985987840]
[3985988608, 3985989120]
[3985989376, 3985991936]
[3985992704, 3985996032]
[3985996800, 3986000128]
[3986000896, 3986004224]
[3986004992, 3986008320]
[3986009088, 3986012416]
[3986013184, 3986016512]
[3986017280, 3986020608]
[3986021376, 3986024704]
[3986025472, 3986028800]
[3986029568, 3986032896]
[3986033664, 3986036992]
[3986037760, 3986041088]
[3986041856, 3986045184]
[3986045952, 3986049280]
[3986050048, 3986053376]
[3986054144, 3986054656]
[3986054912, 3986057472]
[3986058240, 3986061568]
[3986062336, 3986065664]
[3986066432, 3986069760]
[3986070528, 3986073856]
[3986074624, 3986077952]
[3986078720, 3986082048]
[3986082816, 3986086144]
[3986086912, 3986090240]
[3986091008, 3986094336]
[3986095104, 3986098432]
[3986099200, 3986102528]
[3986103296, 3986106624]
[3986107392, 3986110720]
[3986111488, 3986114816]
[3986115584, 3986118912]
[3986119680, 3986120192]
[3986120448, 3986123008]
[3986123776, 3986127104]
[3986127872, 3986131200]
[3986131968, 3986135296]
[3986136064, 3986139392]
[3986140160, 3986143488]
[3986144256, 3986147584]
[3986148352, 3986151680]
[3986152448, 3986155776]
[3986156544, 3986159872]
[3986160640, 3986163968]
[3986164736, 3986168064]
[3986168832, 3986172160]
[3986172928, 3986176256]
[3986177024, 3986180352]
[3986181120, 3986184448]
[3986185216, 3986185728]
[3986185984, 3986188544]
[3986189312, 3986192640]
[3986193408, 3986196736]
[3986197504, 3986200832]
[3986201600, 3986204928]
[3986205696, 3986209024]
[3986209792, 3986213120]
[3986213888, 3986217216]
[3986217984, 3986221312]
[3986222080, 3986225408]
[3986226176, 3986229504]
[3986230272, 3986233600]
[3986234368, 3986237696]
[3986238464, 3986241792]
[3986242560, 3986245888]
[3986246656, 3986249984]
[3986250752, 3986251264]
[3986251520, 3986254080]
[3986254848, 3986258176]
[3986258944, 3986262272]
[3986263040, 3986266368]
[3986267136, 3986270464]
[3986271232, 3986274560]
[3986275328, 3986278656]
[3986279424, 3986282752]
[3986283520, 3986286848]
[3986287616, 3986290944]
[3986291712, 3986295040]
[3986295808, 3986299136]
[3986299904, 3986303232]
[3986304000, 3986307328]
[3986308096, 3986311424]
[3986312192, 3986315520]
[3986316288, 3986316800]
[3986317056, 3986319616]
[3986320384, 3986323712]
[3986324480, 3986327808]
[3986328576, 3986331904]
[3986332672, 3986336000]
[3986336768, 3986340096]
[3986340864, 3986344192]
[3986344960, 3986348288]
[3986349056, 3986352384]
[3986353152, 3986356480]
[3986357248, 3986360576]
[3986361344, 3986364672]
[3986365440, 3986368768]
[3986369536, 3986372864]
[3986373632, 3986376960]
[3986377728, 3986381056]
[3986381824, 3986382336]
[3986382592, 3986385152]
[3986385920, 3986389248]
[3986390016, 3986393344]
[3986394112, 3986397440]
[3986398208, 3986401536]
[3986402304, 3986405632]
[3986406400, 3986409728]
[3986410496, 3986413824]
[3986414592, 3986417920]
[3986418688, 3986422016]
[3986422784, 3986426112]
[3986426880, 3986430208]
[3986430976, 3986434304]
[3986435072, 3986438400]
[3986439168, 3986442496]
[3986443264, 3986446592]
[3986447360, 3986447872]
[3986448128, 3986450688]
[3986451456, 3986454784]
[3986455552, 3986458880]
[3986459648, 3986462976]
[3986463744, 3986467072]
[3986467840, 3986471168]
[3986471936, 3986475264]
[3986476032, 3986479360]
[3986480128, 3986483456]
[3986484224, 3986487552]
[3986488320, 3986491648]
[3986492416, 3986495744]
[3986496512, 3986499840]
[3986500608, 3986503936]
[3986504704, 3986508032]
[3986508800, 3986512128]
[3986512896, 3986513408]
[3986513664, 3986516224]
[3986516992, 3986520320]
[3986521088, 3986524416]
[3986525184, 3986528512]
[3986529280, 3986532608]
[3986533376, 3986536704]
[3986537472, 3986540800]
[3986541568, 3986544896]
[3986545664, 3986548992]
[3986549760, 3986553088]
[3986553856, 3986557184]
[3986557952, 3986561280]
[3986562048, 3986565376]
[3986566144, 3986569472]
[3986570240, 3986573568]
[3986574336, 3986577664]
[3986578432, 3986578944]
[3986579200, 3986581760]
[3986582528, 3986585856]
[3986586624, 3986589952]
[3986590720, 3986594048]
[3986594816, 3986598144]
[3986598912, 3986602240]
[3986603008, 3986606336]
[3986607104, 3986610432]
[3986611200, 3986614528]
[3986615296, 3986618624]
[3986619392, 3986622720]
[3986623488, 3986626816]
[3986627584, 3986630912]
[3986631680, 3986635008]
[3986635776, 3986639104]
[3986639872, 3986643200]
[3986643968, 3986647296]
[3986648064, 3986651392]
[3986652160, 3986655488]
[3986656256, 3986659584]
[3986660352, 3986663680]
[3986664448, 3986667776]
[3986668544, 3986671872]
[3986672640, 3986675968]
[3986676736, 3986680064]
[3986680832, 3986684160]
[3986684928, 3986710016]
[3986710272, 3986775552]
[3986775808, 3986841088]
[3986841344, 3986906624]
[3986906880, 3986972160]
[3986972416, 3987037696]
[3987037952, 3987103232]
[3987103488, 3987168768]
[3987169024, 3987234304]
[3987234560, 3987299840]
[3987300096, 3987365376]
[3987365632, 3987430912]
[3987431168, 3987496448]
[3987496704, 3987561984]
[3987562240, 3987627520]
[3987627776, 3987693056]
[3987693312, 3987758592]
[3987758848, 3987824128]
[3987824384, 3987889664]
[3987889920, 3987955200]
[3987955456, 3988020736]
[3988020992, 3988086272]
[3988086528, 3988151808]
[3988152064, 3988217344]
[3988217600, 3988282880]
[3988283136, 3988348416]
[3988348672, 3988413952]
[3988414208, 3988479488]
[3988479744, 3988545024]
[3988545280, 3988610560]
[3988610816, 3988676096]
[3988676352, 3988741632]
[3988741888, 3988785408]
[3988786176, 3988789504]
[3988790272, 3988793600]
[3988794368, 3988797696]
[3988798464, 3988801792]
[3988802560, 3988805888]
[3988806656, 3988809984]
[3988810752, 3988814080]
[3988814848, 3988818176]
[3988818944, 3988822272]
[3988823040, 3988826368]
[3988827136, 3988830464]
[3988831232, 3988834560]
[3988835328, 3988838656]
[3988839424, 3988842752]
[3988843520, 3988846848]
[3988847616, 3988850944]
[3988851712, 3988855040]
[3988855808, 3988859136]
[3988859904, 3988863232]
[3988864000, 3988867328]
[3988868096, 3988871424]
[3988872192, 3988875520]
[3988876288, 3988879616]
[3988880384, 3988883712]
[3988884480, 3988887808]
[3988888576, 3988891904]
[3988892672, 3988896000]
[3988896768, 3988900096]
[3988900864, 3988904192]
[3988904960, 3988908288]
[3988909056, 3988912384]
[3988913152, 3988916480]
[3988917248, 3988920576]
[3988921344, 3988924672]
[3988925440, 3988928768]
[3988929536, 3988932864]
[3988933632, 3988936960]
[3988937728, 3988941056]
[3988941824, 3988945152]
[3988945920, 3988949248]
[3988950016, 3988953344]
[3988954112, 3988957440]
[3988958208, 3988961536]
[3988962304, 3988965632]
[3988966400, 3988969728]
[3988970496, 3988973824]
[3988974592, 3988977920]
[3988978688, 3988982016]
[3988982784, 3988986112]
[3988986880, 3988990208]
[3988990976, 3988994304]
[3988995072, 3988998400]
[3988999168, 3989002496]
[3989003264, 3989006592]
[3989007360, 3989010688]
[3989011456, 3989014784]
[3989015552, 3989018880]
[3989019648, 3989022976]
[3989023744, 3989027072]
[3989027840, 3989031168]
[3989031936, 3989035264]
[3989036032, 3989039360]
[3989040128, 3989043456]
[3989044224, 3989047552]
[3989048320, 3989051648]
[3989052416, 3989055744]
[3989056512, 3989059840]
[3989060608, 3989063936]
[3989064704, 3989068032]
[3989068800, 3989072128]
[3989072896, 3989076224]
[3989076992, 3989080320]
[3989081088, 3989084416]
[3989085184, 3989088512]
[3989089280, 3989092608]
[3989093376, 3989096704]
[3989097472, 3989100800]
[3989101568, 3989104896]
[3989105664, 3989108992]
[3989109760, 3989113088]
[3989113856, 3989117184]
[3989117952, 3989121280]
[3989122048, 3989125376]
[3989126144, 3989129472]
[3989130240, 3989133568]
[3989134336, 3989137664]
[3989138432, 3989141760]
[3989142528, 3989145856]
[3989146624, 3989149952]
[3989150720, 3989154048]
[3989154816, 3989158144]
[3989158912, 3989162240]
[3989163008, 3989166336]
[3989167104, 3989170432]
[3989171200, 3989174528]
[3989175296, 3989178624]
[3989179392, 3989182720]
[3989183488, 3989186816]
[3989187584, 3989190912]
[3989191680, 3989195008]
[3989195776, 3989199104]
[3989199872, 3989203200]
[3989203968, 3989207296]
[3989208064, 3989211392]
[3989212160, 3989215488]
[3989216256, 3989219584]
[3989220352, 3989223680]
[3989224448, 3989227776]
[3989228544, 3989231872]
[3989232640, 3989235968]
[3989236736, 3989240064]
[3989240832, 3989244160]
[3989244928, 3989248256]
[3989249024, 3989252352]
[3989253120, 3989256448]
[3989257216, 3989260544]
[3989261312, 3989264640]
[3989265408, 3989268736]
[3989269504, 3989272832]
[3989273600, 3989276928]
[3989277696, 3989281024]
[3989281792, 3989285120]
[3989285888, 3989289216]
[3989289984, 3989293312]
[3989294080, 3989297408]
[3989298176, 3989301504]
[3989302272, 3989305600]
[3989306368, 3989309696]
[3989310464, 3989313792]
[3989314560, 3989317888]
[3989318656, 3989321984]
[3989322752, 3989326080]
[3989326848, 3989330176]
[3989330944, 3989334272]
[3989335040, 3989338368]
[3989339136, 3989342464]
[3989343232, 3989346560]
[3989347328, 3989350656]
[3989351424, 3989354752]
[3989355520, 3989358848]
[3989359616, 3989362944]
[3989363712, 3989367040]
[3989367808, 3989371136]
[3989371904, 3989375232]
[3989376000, 3989379328]
[3989380096, 3989383424]
[3989384192, 3989387520]
[3989388288, 3989391616]
[3989392384, 3989395712]
[3989396480, 3989399808]
[3989400576, 3989403904]
[3989404672, 3989408000]
[3989408768, 3989412096]
[3989412864, 3989416192]
[3989416960, 3989420288]
[3989421056, 3989424384]
[3989425152, 3989428480]
[3989429248, 3989432576]
[3989433344, 3989436672]
[3989437440, 3989440768]
[3989441536, 3989444864]
[3989445632, 3989448960]
[3989449728, 3989453056]
[3989453824, 3989457152]
[3989457920, 3989461248]
[3989462016, 3989465344]
[3989466112, 3989469440]
[3989470208, 3989473536]
[3989474304, 3989477632]
[3989478400, 3989481728]
[3989482496, 3989485824]
[3989486592, 3989489920]
[3989490688, 3989494016]
[3989494784, 3989498112]
[3989498880, 3989502208]
[3989502976, 3989506304]
[3989507072, 3989510400]
[3989511168, 3989514496]
[3989515264, 3989518592]
[3989519360, 3989522688]
[3989523456, 3989526784]
[3989527552, 3989530880]
[3989531648, 3989534976]
[3989535744, 3989539072]
[3989539840, 3989543168]
[3989543936, 3989547264]
[3989548032, 3989551360]
[3989552128, 3989555456]
[3989556224, 3989559552]
[3989560320, 3989563648]
[3989564416, 3989567744]
[3989568512, 3989571840]
[3989572608, 3989575936]
[3989576704, 3989580032]
[3989580800, 3989584128]
[3989584896, 3989588224]
[3989588992, 3989592320]
[3989593088, 3989596416]
[3989597184, 3989600512]
[3989601280, 3989604608]
[3989605376, 3989608704]
[3989609472, 3989612800]
[3989613568, 3989616896]
[3989617664, 3989620992]
[3989621760, 3989625088]
[3989625856, 3989629184]
[3989629952, 3989633280]
[3989634048, 3989637376]
[3989638144, 3989641472]
[3989642240, 3989645568]
[3989646336, 3989649664]
[3989650432, 3989653760]
[3989654528, 3989657856]
[3989658624, 3989661952]
[3989662720, 3989666048]
[3989666816, 3989670144]
[3989670912, 3989674240]
[3989675008, 3989678336]
[3989679104, 3989682432]
[3989683200, 3989686528]
[3989687296, 3989690624]
[3989691392, 3989694720]
[3989695488, 3989698816]
[3989699584, 3989702912]
[3989703680, 3989707008]
[3989707776, 3989711104]
[3989711872, 3989715200]
[3989715968, 3989719296]
[3989720064, 3989723392]
[3989724160, 3989727488]
[3989728256, 3989731584]
[3989732352, 3989735680]
[3989736448, 3989739776]
[3989740544, 3989743872]
[3989744640, 3989747968]
[3989748736, 3989752064]
[3989752832, 3989756160]
[3989756928, 3989760256]
[3989761024, 3989764352]
[3989765120, 3989768448]
[3989769216, 3989772544]
[3989773312, 3989776640]
[3989777408, 3989780736]
[3989781504, 3989784832]
[3989785600, 3989788928]
[3989789696, 3989793024]
[3989793792, 3989797120]
[3989797888, 3989801216]
[3989801984, 3989805312]
[3989806080, 3989809408]
[3989810176, 3989813504]
[3989814272, 3989817600]
[3989818368, 3989821696]
[3989822464, 3989825792]
[3989826560, 3989829888]
[3989830656, 3989833984]
[3989834752, 3989838080]
[3989838848, 3989842176]
[3989842944, 3989846272]
[3989847040, 3989850368]
[3989851136, 3989854464]
[3989855232, 3989858560]
[3989859328, 3989862656]
[3989863424, 3989866752]
[3989867520, 3989870848]
[3989871616, 3989874944]
[3989875712, 3989879040]
[3989879808, 3989883136]
[3989883904, 3989887232]
[3989888000, 3989891328]
[3989892096, 3989895424]
[3989896192, 3989899520]
[3989900288, 3989903616]
[3989904384, 3989907712]
[3989908480, 3989911808]
[3989912576, 3989915904]
[3989916672, 3989920000]
[3989920768, 3989924096]
[3989924864, 3989928192]
[3989928960, 3989932288]
[3989933056, 3989936384]
[3989937152, 3989940480]
[3989941248, 3989944576]
[3989945344, 3989948672]
[3989949440, 3989952768]
[3989953536, 3989956864]
[3989957632, 3989960960]
[3989961728, 3989965056]
[3989965824, 3989969152]
[3989969920, 3989973248]
[3989974016, 3989977344]
[3989978112, 3989981440]
[3989982208, 3989985536]
[3989986304, 3989989632]
[3989990400, 3989993728]
[3989994496, 3989997824]
[3989998592, 3990001920]
[3990002688, 3990006016]
[3990006784, 3990010112]
[3990010880, 3990014208]
[3990014976, 3990018304]
[3990019072, 3990022400]
[3990023168, 3990026496]
[3990027264, 3990030592]
[3990031360, 3990034688]
[3990035456, 3990038784]
[3990039552, 3990042880]
[3990043648, 3990046976]
[3990047744, 3990051072]
[3990051840, 3990055168]
[3990055936, 3990059264]
[3990060032, 3990063360]
[3990064128, 3990067456]
[3990068224, 3990071552]
[3990072320, 3990075648]
[3990076416, 3990079744]
[3990080512, 3990083840]
[3990084608, 3990087936]
[3990088704, 3990092032]
[3990092800, 3990096128]
[3990096896, 3990100224]
[3990100992, 3990104320]
[3990105088, 3990108416]
[3990109184, 3990112512]
[3990113280, 3990116608]
[3990117376, 3990120704]
[3990121472, 3990124800]
[3990125568, 3990128896]
[3990129664, 3990132992]
[3990133760, 3990137088]
[3990137856, 3990141184]
[3990141952, 3990145280]
[3990146048, 3990149376]
[3990150144, 3990153472]
[3990154240, 3990157568]
[3990158336, 3990161664]
[3990162432, 3990165760]
[3990166528, 3990169856]
[3990170624, 3990173952]
[3990174720, 3990178048]
[3990178816, 3990182144]
[3990182912, 3990186240]
[3990187008, 3990190336]
[3990191104, 3990194432]
[3990195200, 3990198528]
[3990199296, 3990202624]
[3990203392, 3990206720]
[3990207488, 3990210816]
[3990211584, 3990214912]
[3990215680, 3990219008]
[3990219776, 3990223104]
[3990223872, 3990227200]
[3990227968, 3990231296]
[3990232064, 3990235392]
[3990236160, 3990239488]
[3990240256, 3990243584]
[3990244352, 3990247680]
[3990248448, 3990251776]
[3990252544, 3990255872]
[3990256640, 3990259968]
[3990260736, 3990264064]
[3990264832, 3990268160]
[3990268928, 3990272256]
[3990273024, 3990276352]
[3990277120, 3990280448]
[3990281216, 3990284544]
[3990285312, 3990288640]
[3990289408, 3990292736]
[3990293504, 3990296832]
[3990297600, 3990300928]
[3990301696, 3990305024]
[3990305792, 3990309120]
[3990309888, 3990313216]
[3990313984, 3990317312]
[3990318080, 3990321408]
[3990322176, 3990325504]
[3990326272, 3990329600]
[3990330368, 3990333696]
[3990334464, 3990337792]
[3990338560, 3990341888]
[3990342656, 3990345984]
[3990346752, 3990350080]
[3990350848, 3990354176]
[3990354944, 3990358272]
[3990359040, 3990362368]
[3990363136, 3990366464]
[3990367232, 3990370560]
[3990371328, 3990374656]
[3990375424, 3990378752]
[3990379520, 3990382848]
[3990383616, 3990386944]
[3990387712, 3990391040]
[3990391808, 3990395136]
[3990395904, 3990399232]
[3990400000, 3990403328]
[3990404096, 3990407424]
[3990408192, 3990411520]
[3990412288, 3990415616]
[3990416384, 3990419712]
[3990420480, 3990423808]
[3990424576, 3990427904]
[3990428672, 3990432000]
[3990432768, 3990436096]
[3990436864, 3990440192]
[3990440960, 3990444288]
[3990445056, 3990448384]
[3990449152, 3990452480]
[3990453248, 3990456576]
[3990457344, 3990460672]
[3990461440, 3990464768]
[3990465536, 3990468864]
[3990469632, 3990472960]
[3990473728, 3990477056]
[3990477824, 3990481152]
[3990481920, 3990485248]
[3990486016, 3990489344]
[3990490112, 3990493440]
[3990494208, 3990497536]
[3990498304, 3990501632]
[3990502400, 3990505728]
[3990506496, 3990509824]
[3990510592, 3990513920]
[3990514688, 3990518016]
[3990518784, 3990522112]
[3990522880, 3990526208]
[3990526976, 3990530304]
[3990531072, 3990534400]
[3990535168, 3990538496]
[3990539264, 3990542592]
[3990543360, 3990546688]
[3990547456, 3990550784]
[3990551552, 3990554880]
[3990555648, 3990558976]
[3990559744, 3990563072]
[3990563840, 3990567168]
[3990567936, 3990571264]
[3990572032, 3990575360]
[3990576128, 3990579456]
[3990580224, 3990583552]
[3990584320, 3990587648]
[3990588416, 3990591744]
[3990592512, 3990595840]
[3990596608, 3990599936]
[3990600704, 3990604032]
[3990604800, 3990608128]
[3990608896, 3990612224]
[3990612992, 3990616320]
[3990617088, 3990620416]
[3990621184, 3990624512]
[3990625280, 3990628608]
[3990629376, 3990632704]
[3990633472, 3990636800]
[3990637568, 3990640896]
[3990641664, 3990644992]
[3990645760, 3990649088]
[3990649856, 3990653184]
[3990653952, 3990657280]
[3990658048, 3990661376]
[3990662144, 3990665472]
[3990666240, 3990669568]
[3990670336, 3990673664]
[3990674432, 3990677760]
[3990678528, 3990681856]
[3990682624, 3990685952]
[3990686720, 3990690048]
[3990690816, 3990694144]
[3990694912, 3990698240]
[3990699008, 3990702336]
[3990703104, 3990706432]
[3990707200, 3990710528]
[3990711296, 3990714624]
[3990715392, 3990718720]
[3990719488, 3990722816]
[3990723584, 3990726912]
[3990727680, 3990731008]
[3990731776, 3990735104]
[3990735872, 3990739200]
[3990739968, 3990743296]
[3990744064, 3990747392]
[3990748160, 3990751488]
[3990752256, 3990755584]
[3990756352, 3990759680]
[3990760448, 3990763776]
[3990764544, 3990767872]
[3990768640, 3990771968]
[3990772736, 3990776064]
[3990776832, 3990780160]
[3990780928, 3990784256]
[3990785024, 3990788352]
[3990789120, 3990792448]
[3990793216, 3990796544]
[3990797312, 3990800640]
[3990801408, 3990804736]
[3990805504, 3990808832]
[3990809600, 3990812928]
[3990813696, 3990817024]
[3990817792, 3990821120]
[3990821888, 3990825216]
[3990825984, 3990829312]
[3990830080, 3990833408]
[3990834176, 3990837504]
[3990838272, 3990841600]
[3990842368, 3990845696]
[3990846464, 3990849792]
[3990850560, 3990853888]
[3990854656, 3990857984]
[3990858752, 3990862080]
[3990862848, 3990866176]
[3990866944, 3990870272]
[3990871040, 3990874368]
[3990875136, 3990878464]
[3990879232, 3992977408]
