[754974720, 754977024]
[754977792, 754981120]
[754981888, 754985216]
[754985984, 754989312]
[754990080, 754993408]
[754994176, 754997504]
[754998272, 754998784]
[754999040, 755001600]
[755002368, 755005696]
[755006464, 755009792]
[755010560, 755013888]
[755014656, 755017984]
[755018752, 755022080]
[755022848, 755026176]
[755026944, 755030272]
[755031040, 755034368]
[755035136, 755038464]
[755039232, 755042560]
[755043328, 755046656]
[755047424, 755050752]
[755051520, 755054848]
[755055616, 755058944]
[755059712, 755063040]
[755063808, 755064320]
[755064576, 755067136]
[755067904, 755071232]
[755072000, 755075328]
[755076096, 755079424]
[755080192, 755083520]
[755084288, 755087616]
[755088384, 755091712]
[755092480, 755095808]
[755096576, 755099904]
[755100672, 755104000]
[755104768, 755108096]
[755108864, 755112192]
[755112960, 755116288]
[755117056, 755120384]
[755121152, 755124480]
[755125248, 755128576]
[755129344, 755129856]
[755130112, 755132672]
[755133440, 755136768]
[755137536, 755140864]
[755141632, 755144960]
[755145728, 755149056]
[755149824, 755153152]
[755153920, 755157248]
[755158016, 755161344]
[755162112, 755165440]
[755166208, 755169536]
[755170304, 755173632]
[755174400, 755177728]
[755178496, 755181824]
[755182592, 755185920]
[755186688, 755190016]
[755190784, 755194112]
[755194880, 755195392]
[755195648, 755198208]
[755198976, 755202304]
[755203072, 755206400]
[755207168, 755210496]
[755211264, 755214592]
[755215360, 755218688]
[755219456, 755222784]
[755223552, 755226880]
[755227648, 755230976]
[755231744, 755235072]
[755235840, 755239168]
[755239936, 755243264]
[755244032, 755247360]
[755248128, 755251456]
[755252224, 755255552]
[755256320, 755259648]
[755260416, 755260928]
[755261184, 755263744]
[755264512, 755267840]
[755268608, 755271936]
[755272704, 755276032]
[755276800, 755280128]
[755280896, 755284224]
[755284992, 755288320]
[755289088, 755292416]
[755293184, 755296512]
[755297280, 755300608]
[755301376, 755304704]
[755305472, 755308800]
[755309568, 755312896]
[755313664, 755316992]
[755317760, 755321088]
[755321856, 755325184]
[755325952, 755326464]
[755326720, 755329280]
[755330048, 755333376]
[755334144, 755337472]
[755338240, 755341568]
[755342336, 755345664]
[755346432, 755349760]
[755350528, 755353856]
[755354624, 755357952]
[755358720, 755362048]
[755362816, 755366144]
[755366912, 755370240]
[755371008, 755374336]
[755375104, 755378432]
[755379200, 755382528]
[755383296, 755386624]
[755387392, 755390720]
[755391488, 755392000]
[755392256, 755394816]
[755395584, 755398912]
[755399680, 755403008]
[755403776, 755407104]
[755407872, 755411200]
[755411968, 755415296]
[755416064, 755419392]
[755420160, 755423488]
[755424256, 755427584]
[755428352, 755431680]
[755432448, 755435776]
[755436544, 755439872]
[755440640, 755443968]
[755444736, 755448064]
[755448832, 755452160]
[755452928, 755456256]
[755457024, 755457536]
[755457792, 755460352]
[755461120, 755464448]
[755465216, 755468544]
[755469312, 755472640]
[755473408, 755476736]
[755477504, 755480832]
[755481600, 755484928]
[755485696, 755489024]
[755489792, 755493120]
[755493888, 755497216]
[755497984, 755501312]
[755502080, 755505408]
[755506176, 755509504]
[755510272, 755513600]
[755514368, 755517696]
[755518464, 755521792]
[755522560, 755523072]
[755523328, 755525888]
[755526656, 755529984]
[755530752, 755534080]
[755534848, 755538176]
[755538944, 755542272]
[755543040, 755546368]
[755547136, 755550464]
[755551232, 755554560]
[755555328, 755558656]
[755559424, 755562752]
[755563520, 755566848]
[755567616, 755570944]
[755571712, 755575040]
[755575808, 755579136]
[755579904, 755583232]
[755584000, 755587328]
[755588096, 755588608]
[755588864, 755591424]
[755592192, 755595520]
[755596288, 755599616]
[755600384, 755603712]
[755604480, 755607808]
[755608576, 755611904]
[755612672, 755616000]
[755616768, 755620096]
[755620864, 755624192]
[755624960, 755628288]
[755629056, 755632384]
[755633152, 755636480]
[755637248, 755640576]
[755641344, 755644672]
[755645440, 755648768]
[755649536, 755652864]
[755653632, 755654144]
[755654400, 755656960]
[755657728, 755661056]
[755661824, 755665152]
[755665920, 755669248]
[755670016, 755673344]
[755674112, 755677440]
[755678208, 755681536]
[755682304, 755685632]
[755686400, 755689728]
[755690496, 755693824]
[755694592, 755697920]
[755698688, 755702016]
[755702784, 755706112]
[755706880, 755710208]
[755710976, 755714304]
[755715072, 755718400]
[755719168, 755719680]
[755719936, 755722496]
[755723264, 755726592]
[755727360, 755730688]
[755731456, 755734784]
[755735552, 755738880]
[755739648, 755742976]
[755743744, 755747072]
[755747840, 755751168]
[755751936, 755755264]
[755756032, 755759360]
[755760128, 755763456]
[755764224, 755767552]
[755768320, 755771648]
[755772416, 755775744]
[755776512, 755779840]
[755780608, 755783936]
[755784704, 755785216]
[755785472, 755788032]
[755788800, 755792128]
[755792896, 755796224]
[755796992, 755800320]
[755801088, 755804416]
[755805184, 755808512]
[755809280, 755812608]
[755813376, 755816704]
[755817472, 755820800]
[755821568, 755824896]
[755825664, 755828992]
[755829760, 755833088]
[755833856, 755837184]
[755837952, 755841280]
[755842048, 755845376]
[755846144, 755849472]
[755850240, 755850752]
[755851008, 755853568]
[755854336, 755857664]
[755858432, 755861760]
[755862528, 755865856]
[755866624, 755869952]
[755870720, 755874048]
[755874816, 755878144]
[755878912, 755882240]
[755883008, 755886336]
[755887104, 755890432]
[755891200, 755894528]
[755895296, 755898624]
[755899392, 755902720]
[755903488, 755906816]
[755907584, 755910912]
[755911680, 755915008]
[755915776, 755916288]
[755916544, 755919104]
[755919872, 755923200]
[755923968, 755927296]
[755928064, 755931392]
[755932160, 755935488]
[755936256, 755939584]
[755940352, 755943680]
[755944448, 755947776]
[755948544, 755951872]
[755952640, 755955968]
[755956736, 755960064]
[755960832, 755964160]
[755964928, 755968256]
[755969024, 755972352]
[755973120, 755976448]
[755977216, 755980544]
[755981312, 755981824]
[755982080, 755984640]
[755985408, 755988736]
[755989504, 755992832]
[755993600, 755996928]
[755997696, 756001024]
[756001792, 756005120]
[756005888, 756009216]
[756009984, 756013312]
[756014080, 756017408]
[756018176, 756021504]
[756022272, 756025600]
[756026368, 756029696]
[756030464, 756033792]
[756034560, 756037888]
[756038656, 756041984]
[756042752, 756046080]
[756046848, 756047360]
[756047616, 756050176]
[756050944, 756054272]
[756055040, 756058368]
[756059136, 756062464]
[756063232, 756066560]
[756067328, 756070656]
[756071424, 756074752]
[756075520, 756078848]
[756079616, 756082944]
[756083712, 756087040]
[756087808, 756091136]
[756091904, 756095232]
[756096000, 756099328]
[756100096, 756103424]
[756104192, 756107520]
[756108288, 756111616]
[756112384, 756112896]
[756113152, 756115712]
[756116480, 756119808]
[756120576, 756123904]
[756124672, 756128000]
[756128768, 756132096]
[756132864, 756136192]
[756136960, 756140288]
[756141056, 756144384]
[756145152, 756148480]
[756149248, 756152576]
[756153344, 756156672]
[756157440, 756160768]
[756161536, 756164864]
[756165632, 756168960]
[756169728, 756173056]
[756173824, 756177152]
[756177920, 756178432]
[756178688, 756181248]
[756182016, 756185344]
[756186112, 756189440]
[756190208, 756193536]
[756194304, 756197632]
[756198400, 756201728]
[756202496, 756205824]
[756206592, 756209920]
[756210688, 756214016]
[756214784, 756218112]
[756218880, 756222208]
[756222976, 756226304]
[756227072, 756230400]
[756231168, 756234496]
[756235264, 756238592]
[756239360, 756242688]
[756243456, 756243968]
[756244224, 756246784]
[756247552, 756250880]
[756251648, 756254976]
[756255744, 756259072]
[756259840, 756263168]
[756263936, 756267264]
[756268032, 756271360]
[756272128, 756275456]
[756276224, 756279552]
[756280320, 756283648]
[756284416, 756287744]
[756288512, 756291840]
[756292608, 756295936]
[756296704, 756300032]
[756300800, 756304128]
[756304896, 756308224]
[756308992, 756309504]
[756309760, 756312320]
[756313088, 756316416]
[756317184, 756320512]
[756321280, 756324608]
[756325376, 756328704]
[756329472, 756332800]
[756333568, 756336896]
[756337664, 756340992]
[756341760, 756345088]
[756345856, 756349184]
[756349952, 756353280]
[756354048, 756357376]
[756358144, 756361472]
[756362240, 756365568]
[756366336, 756369664]
[756370432, 756373760]
[756374528, 756375040]
[756375296, 756377856]
[756378624, 756381952]
[756382720, 756386048]
[756386816, 756390144]
[756390912, 756394240]
[756395008, 756398336]
[756399104, 756402432]
[756403200, 756406528]
[756407296, 756410624]
[756411392, 756414720]
[756415488, 756418816]
[756419584, 756422912]
[756423680, 756427008]
[756427776, 756431104]
[756431872, 756435200]
[756435968, 756439296]
[756440064, 756440576]
[756440832, 756443392]
[756444160, 756447488]
[756448256, 756451584]
[756452352, 756455680]
[756456448, 756459776]
[756460544, 756463872]
[756464640, 756467968]
[756468736, 756472064]
[756472832, 756476160]
[756476928, 756480256]
[756481024, 756484352]
[756485120, 756488448]
[756489216, 756492544]
[756493312, 756496640]
[756497408, 756500736]
[756501504, 756504832]
[756505600, 756506112]
[756506368, 756508928]
[756509696, 756513024]
[756513792, 756517120]
[756517888, 756521216]
[756521984, 756525312]
[756526080, 756529408]
[756530176, 756533504]
[756534272, 756537600]
[756538368, 756541696]
[756542464, 756545792]
[756546560, 756549888]
[756550656, 756553984]
[756554752, 756558080]
[756558848, 756562176]
[756562944, 756566272]
[756567040, 756570368]
[756571136, 756571648]
[756571904, 756574464]
[756575232, 756578560]
[756579328, 756582656]
[756583424, 756586752]
[756587520, 756590848]
[756591616, 756594944]
[756595712, 756599040]
[756599808, 756603136]
[756603904, 756607232]
[756608000, 756611328]
[756612096, 756615424]
[756616192, 756619520]
[756620288, 756623616]
[756624384, 756627712]
[756628480, 756631808]
[756632576, 756635904]
[756636672, 756637184]
[756637440, 756640000]
[756640768, 756644096]
[756644864, 756648192]
[756648960, 756652288]
[756653056, 756656384]
[756657152, 756660480]
[756661248, 756664576]
[756665344, 756668672]
[756669440, 756672768]
[756673536, 756676864]
[756677632, 756680960]
[756681728, 756685056]
[756685824, 756689152]
[756689920, 756693248]
[756694016, 756697344]
[756698112, 756701440]
[756702208, 756702720]
[756702976, 756705536]
[756706304, 756709632]
[756710400, 756713728]
[756714496, 756717824]
[756718592, 756721920]
[756722688, 756726016]
[756726784, 756730112]
[756730880, 756734208]
[756734976, 756738304]
[756739072, 756742400]
[756743168, 756746496]
[756747264, 756750592]
[756751360, 756754688]
[756755456, 756758784]
[756759552, 756762880]
[756763648, 756766976]
[756767744, 756768256]
[756768512, 756771072]
[756771840, 756775168]
[756775936, 756779264]
[756780032, 756783360]
[756784128, 756787456]
[756788224, 756791552]
[756792320, 756795648]
[756796416, 756799744]
[756800512, 756803840]
[756804608, 756807936]
[756808704, 756812032]
[756812800, 756816128]
[756816896, 756820224]
[756820992, 756824320]
[756825088, 756828416]
[756829184, 756832512]
[756833280, 756833792]
[756834048, 756836608]
[756837376, 756840704]
[756841472, 756844800]
[756845568, 756848896]
[756849664, 756852992]
[756853760, 756857088]
[756857856, 756861184]
[756861952, 756865280]
[756866048, 756869376]
[756870144, 756873472]
[756874240, 756877568]
[756878336, 756881664]
[756882432, 756885760]
[756886528, 756889856]
[756890624, 756893952]
[756894720, 756898048]
[756898816, 756899328]
[756899584, 756902144]
[756902912, 756906240]
[756907008, 756910336]
[756911104, 756914432]
[756915200, 756918528]
[756919296, 756922624]
[756923392, 756926720]
[756927488, 756930816]
[756931584, 756934912]
[756935680, 756939008]
[756939776, 756943104]
[756943872, 756947200]
[756947968, 756951296]
[756952064, 756955392]
[756956160, 756959488]
[756960256, 756963584]
[756964352, 756964864]
[756965120, 756967680]
[756968448, 756971776]
[756972544, 756975872]
[756976640, 756979968]
[756980736, 756984064]
[756984832, 756988160]
[756988928, 756992256]
[756993024, 756996352]
[756997120, 757000448]
[757001216, 757004544]
[757005312, 757008640]
[757009408, 757012736]
[757013504, 757016832]
[757017600, 757020928]
[757021696, 757025024]
[757025792, 757029120]
[757029888, 757033216]
[757033984, 757037312]
[757038080, 757041408]
[757042176, 757045504]
[757046272, 757049600]
[757050368, 757053696]
[757054464, 757057792]
[757058560, 757061888]
[757062656, 757065984]
[757066752, 757070080]
[757070848, 757074688]
[757074944, 757078784]
[757079040, 757082880]
[757083136, 757086976]
[757087232, 757091072]
[757091328, 757095168]
[757095424, 757095936]
[757096192, 757099264]
[757099520, 757103360]
[757103616, 757107456]
[757107712, 757111552]
[757111808, 757115648]
[757115904, 757119744]
[757120000, 757123840]
[757124096, 757127936]
[757128192, 757132032]
[757132288, 757136128]
[757136384, 757140224]
[757140480, 757144320]
[757144576, 757148416]
[757148672, 757152512]
[757152768, 757156608]
[757156864, 757160704]
[757160960, 757161472]
[757161728, 757164800]
[757165056, 757168896]
[757169152, 757172992]
[757173248, 757177088]
[757177344, 757181184]
[757181440, 757185280]
[757185536, 757189376]
[757189632, 757193472]
[757193728, 757197568]
[757197824, 757201664]
[757201920, 757205760]
[757206016, 757209856]
[757210112, 757213952]
[757214208, 757218048]
[757218304, 757222144]
[757222400, 757226240]
[757226496, 757227008]
[757227264, 757230336]
[757230592, 757234432]
[757234688, 757238528]
[757238784, 757242624]
[757242880, 757246720]
[757246976, 757250816]
[757251072, 757254912]
[757255168, 757259008]
[757259264, 757263104]
[757263360, 757267200]
[757267456, 757271296]
[757271552, 757275392]
[757275648, 757279488]
[757279744, 757283584]
[757283840, 757287680]
[757287936, 757291776]
[757292032, 757292544]
[757292800, 757295872]
[757296128, 757299968]
[757300224, 757304064]
[757304320, 757308160]
[757308416, 757312256]
[757312512, 757316352]
[757316608, 757320448]
[757320704, 757324544]
[757324800, 757328640]
[757328896, 757332736]
[757332992, 757336832]
[757337088, 757340928]
[757341184, 757345024]
[757345280, 757349120]
[757349376, 757353216]
[757353472, 757357312]
[757357568, 757358080]
[757358336, 757361408]
[757361664, 757365504]
[757365760, 757369600]
[757369856, 757373696]
[757373952, 757377792]
[757378048, 757381888]
[757382144, 757385984]
[757386240, 757390080]
[757390336, 757394176]
[757394432, 757398272]
[757398528, 757402368]
[757402624, 757406464]
[757406720, 757410560]
[757410816, 757414656]
[757414912, 757418752]
[757419008, 757422848]
[757423104, 757423616]
[757423872, 757426944]
[757427200, 757431040]
[757431296, 757435136]
[757435392, 757439232]
[757439488, 757443328]
[757443584, 757447424]
[757447680, 757451520]
[757451776, 757455616]
[757455872, 757459712]
[757459968, 757463808]
[757464064, 757467904]
[757468160, 757472000]
[757472256, 757476096]
[757476352, 757480192]
[757480448, 757484288]
[757484544, 757488384]
[757488640, 757489152]
[757489408, 757492480]
[757492736, 757496576]
[757496832, 757500672]
[757500928, 757504768]
[757505024, 757508864]
[757509120, 757512960]
[757513216, 757517056]
[757517312, 757521152]
[757521408, 757525248]
[757525504, 757529344]
[757529600, 757533440]
[757533696, 757537536]
[757537792, 757541632]
[757541888, 757545728]
[757545984, 757549824]
[757550080, 757553920]
[757554176, 757554688]
[757554944, 757558016]
[757558272, 757562112]
[757562368, 757566208]
[757566464, 757570304]
[757570560, 757574400]
[757574656, 757578496]
[757578752, 757582592]
[757582848, 757586688]
[757586944, 757590784]
[757591040, 757594880]
[757595136, 757598976]
[757599232, 757603072]
[757603328, 757607168]
[757607424, 757611264]
[757611520, 757615360]
[757615616, 757619456]
[757619712, 757620224]
[757620480, 757623552]
[757623808, 757627648]
[757627904, 757631744]
[757632000, 757635840]
[757636096, 757639936]
[757640192, 757644032]
[757644288, 757648128]
[757648384, 757652224]
[757652480, 757656320]
[757656576, 757660416]
[757660672, 757664512]
[757664768, 757668608]
[757668864, 757672704]
[757672960, 757676800]
[757677056, 757680896]
[757681152, 757684992]
[757685248, 757685760]
[757686016, 757689088]
[757689344, 757693184]
[757693440, 757697280]
[757697536, 757701376]
[757701632, 757705472]
[757705728, 757709568]
[757709824, 757713664]
[757713920, 757717760]
[757718016, 757721856]
[757722112, 757725952]
[757726208, 757730048]
[757730304, 757734144]
[757734400, 757738240]
[757738496, 757742336]
[757742592, 757746432]
[757746688, 757750528]
[757750784, 757751296]
[757751552, 757754624]
[757754880, 757758720]
[757758976, 757762816]
[757763072, 757766912]
[757767168, 757771008]
[757771264, 757775104]
[757775360, 757779200]
[757779456, 757783296]
[757783552, 757787392]
[757787648, 757791488]
[757791744, 757795584]
[757795840, 757799680]
[757799936, 757803776]
[757804032, 757807872]
[757808128, 757811968]
[757812224, 757816064]
[757816320, 757816832]
[757817088, 757820160]
[757820416, 757824256]
[757824512, 757828352]
[757828608, 757832448]
[757832704, 757836544]
[757836800, 757840640]
[757840896, 757844736]
[757844992, 757848832]
[757849088, 757852928]
[757853184, 757857024]
[757857280, 757861120]
[757861376, 757865216]
[757865472, 757869312]
[757869568, 757873408]
[757873664, 757877504]
[757877760, 757881600]
[757881856, 757882368]
[757882624, 757885696]
[757885952, 757889792]
[757890048, 757893888]
[757894144, 757897984]
[757898240, 757902080]
[757902336, 757906176]
[757906432, 757910272]
[757910528, 757914368]
[757914624, 757918464]
[757918720, 757922560]
[757922816, 757926656]
[757926912, 757930752]
[757931008, 757934848]
[757935104, 757938944]
[757939200, 757943040]
[757943296, 757947136]
[757947392, 757947904]
[757948160, 757951232]
[757951488, 757955328]
[757955584, 757959424]
[757959680, 757963520]
[757963776, 757967616]
[757967872, 757971712]
[757971968, 757975808]
[757976064, 757979904]
[757980160, 757984000]
[757984256, 757988096]
[757988352, 757992192]
[757992448, 757996288]
[757996544, 758000384]
[758000640, 758004480]
[758004736, 758008576]
[758008832, 758012672]
[758012928, 758013440]
[758013696, 758016768]
[758017024, 758020864]
[758021120, 758024960]
[758025216, 758029056]
[758029312, 758033152]
[758033408, 758037248]
[758037504, 758041344]
[758041600, 758045440]
[758045696, 758049536]
[758049792, 758053632]
[758053888, 758057728]
[758057984, 758061824]
[758062080, 758065920]
[758066176, 758070016]
[758070272, 758074112]
[758074368, 758078208]
[758078464, 758078976]
[758079232, 758082304]
[758082560, 758086400]
[758086656, 758090496]
[758090752, 758094592]
[758094848, 758098688]
[758098944, 758102784]
[758103040, 758106880]
[758107136, 758110976]
[758111232, 758115072]
[758115328, 758119168]
[758119424, 758123264]
[758123520, 758127360]
[758127616, 758131456]
[758131712, 758135552]
[758135808, 758139648]
[758139904, 758143744]
[758144000, 758144512]
[758144768, 758147840]
[758148096, 758151936]
[758152192, 758156032]
[758156288, 758160128]
[758160384, 758164224]
[758164480, 758168320]
[758168576, 758172416]
[758172672, 758176512]
[758176768, 758180608]
[758180864, 758184704]
[758184960, 758188800]
[758189056, 758192896]
[758193152, 758196992]
[758197248, 758201088]
[758201344, 758205184]
[758205440, 758209280]
[758209536, 758210048]
[758210304, 758213376]
[758213632, 758217472]
[758217728, 758221568]
[758221824, 758225664]
[758225920, 758229760]
[758230016, 758233856]
[758234112, 758237952]
[758238208, 758242048]
[758242304, 758246144]
[758246400, 758250240]
[758250496, 758254336]
[758254592, 758258432]
[758258688, 758262528]
[758262784, 758266624]
[758266880, 758270720]
[758270976, 758274816]
[758275072, 758275584]
[758275840, 758278912]
[758279168, 758283008]
[758283264, 758287104]
[758287360, 758291200]
[758291456, 758295296]
[758295552, 758299392]
[758299648, 758303488]
[758303744, 758307584]
[758307840, 758311680]
[758311936, 758315776]
[758316032, 758319872]
[758320128, 758323968]
[758324224, 758328064]
[758328320, 758332160]
[758332416, 758336256]
[758336512, 758340352]
[758340608, 758341120]
[758341376, 758344448]
[758344704, 758348544]
[758348800, 758352640]
[758352896, 758356736]
[758356992, 758360832]
[758361088, 758364928]
[758365184, 758369024]
[758369280, 758373120]
[758373376, 758377216]
[758377472, 758381312]
[758381568, 758385408]
[758385664, 758389504]
[758389760, 758393600]
[758393856, 758397696]
[758397952, 758401792]
[758402048, 758405888]
[758406144, 758406656]
[758406912, 758409984]
[758410240, 758414080]
[758414336, 758418176]
[758418432, 758422272]
[758422528, 758426368]
[758426624, 758430464]
[758430720, 758434560]
[758434816, 758438656]
[758438912, 758442752]
[758443008, 758446848]
[758447104, 758450944]
[758451200, 758455040]
[758455296, 758459136]
[758459392, 758463232]
[758463488, 758467328]
[758467584, 758471424]
[758471680, 758472192]
[758472448, 758475520]
[758475776, 758479616]
[758479872, 758483712]
[758483968, 758487808]
[758488064, 758491904]
[758492160, 758496000]
[758496256, 758500096]
[758500352, 758504192]
[758504448, 758508288]
[758508544, 758512384]
[758512640, 758516480]
[758516736, 758520576]
[758520832, 758524672]
[758524928, 758528768]
[758529024, 758532864]
[758533120, 758536960]
[758537216, 758537728]
[758537984, 758541056]
[758541312, 758545152]
[758545408, 758549248]
[758549504, 758553344]
[758553600, 758557440]
[758557696, 758561536]
[758561792, 758565632]
[758565888, 758569728]
[758569984, 758573824]
[758574080, 758577920]
[758578176, 758582016]
[758582272, 758586112]
[758586368, 758590208]
[758590464, 758594304]
[758594560, 758598400]
[758598656, 758602496]
[758602752, 758603264]
[758603520, 758606592]
[758606848, 758610688]
[758610944, 758614784]
[758615040, 758618880]
[758619136, 758622976]
[758623232, 758627072]
[758627328, 758631168]
[758631424, 758635264]
[758635520, 758639360]
[758639616, 758643456]
[758643712, 758647552]
[758647808, 758651648]
[758651904, 758655744]
[758656000, 758659840]
[758660096, 758663936]
[758664192, 758668032]
[758668288, 758668800]
[758669056, 758672128]
[758672384, 758676224]
[758676480, 758680320]
[758680576, 758684416]
[758684672, 758688512]
[758688768, 758692608]
[758692864, 758696704]
[758696960, 758700800]
[758701056, 758704896]
[758705152, 758708992]
[758709248, 758713088]
[758713344, 758717184]
[758717440, 758721280]
[758721536, 758725376]
[758725632, 758729472]
[758729728, 758733568]
[758733824, 758734336]
[758734592, 758737664]
[758737920, 758741760]
[758742016, 758745856]
[758746112, 758749952]
[758750208, 758754048]
[758754304, 758758144]
[758758400, 758762240]
[758762496, 758766336]
[758766592, 758770432]
[758770688, 758774528]
[758774784, 758778624]
[758778880, 758782720]
[758782976, 758786816]
[758787072, 758790912]
[758791168, 758795008]
[758795264, 758799104]
[758799360, 758799872]
[758800128, 758803200]
[758803456, 758807296]
[758807552, 758811392]
[758811648, 758815488]
[758815744, 758819584]
[758819840, 758823680]
[758823936, 758827776]
[758828032, 758831872]
[758832128, 758835968]
[758836224, 758840064]
[758840320, 758844160]
[758844416, 758848256]
[758848512, 758852352]
[758852608, 758856448]
[758856704, 758860544]
[758860800, 758864640]
[758864896, 758865408]
[758865664, 758868736]
[758868992, 758872832]
[758873088, 758876928]
[758877184, 758881024]
[758881280, 758885120]
[758885376, 758889216]
[758889472, 758893312]
[758893568, 758897408]
[758897664, 758901504]
[758901760, 758905600]
[758905856, 758909696]
[758909952, 758913792]
[758914048, 758917888]
[758918144, 758921984]
[758922240, 758926080]
[758926336, 758930176]
[758930432, 758930944]
[758931200, 758934272]
[758934528, 758938368]
[758938624, 758942464]
[758942720, 758946560]
[758946816, 758950656]
[758950912, 758954752]
[758955008, 758958848]
[758959104, 758962944]
[758963200, 758967040]
[758967296, 758971136]
[758971392, 758975232]
[758975488, 758979328]
[758979584, 758983424]
[758983680, 758987520]
[758987776, 758991616]
[758991872, 758995712]
[758995968, 758996480]
[758996736, 758999808]
[759000064, 759003904]
[759004160, 759008000]
[759008256, 759012096]
[759012352, 759016192]
[759016448, 759020288]
[759020544, 759024384]
[759024640, 759028480]
[759028736, 759032576]
[759032832, 759036672]
[759036928, 759040768]
[759041024, 759044864]
[759045120, 759048960]
[759049216, 759053056]
[759053312, 759057152]
[759057408, 759061248]
[759061504, 759062016]
[759062272, 759065344]
[759065600, 759069440]
[759069696, 759073536]
[759073792, 759077632]
[759077888, 759081728]
[759081984, 759085824]
[759086080, 759089920]
[759090176, 759094016]
[759094272, 759098112]
[759098368, 759102208]
[759102464, 759106304]
[759106560, 759110400]
[759110656, 759114496]
[759114752, 759118592]
[759118848, 759122688]
[759122944, 759126784]
[759127040, 759127552]
[759127808, 759130880]
[759131136, 759134976]
[759135232, 759139072]
[759139328, 759143168]
[759143424, 759147264]
[759147520, 759151360]
[759151616, 759155456]
[759155712, 759159552]
[759159808, 759163648]
[759163904, 759167744]
[759168000, 759171328]
[759172096, 759175424]
[759176192, 759179520]
[759180288, 759183616]
[759184384, 759187712]
[759188480, 759191808]
[759192576, 759195904]
[759196672, 759200000]
[759200768, 759204096]
[759204864, 759208192]
[759208960, 759212288]
[759213056, 759216384]
[759217152, 759220480]
[759221248, 759224576]
[759225344, 759228672]
[759229440, 759232768]
[759233536, 759236864]
[759237632, 759240960]
[759241728, 759245056]
[759245824, 759249152]
[759249920, 759253248]
[759254016, 759257344]
[759258112, 759261440]
[759262208, 759265536]
[759266304, 759269632]
[759270400, 759273728]
[759274496, 759277824]
[759278592, 759281920]
[759282688, 759286016]
[759286784, 759290112]
[759290880, 759294208]
[759294976, 759298304]
[759299072, 759302400]
[759303168, 759306496]
[759307264, 759310592]
[759311360, 759314688]
[759315456, 759318784]
[759319552, 759322880]
[759323648, 759326976]
[759327744, 759331072]
[759331840, 759335168]
[759335936, 759339264]
[759340032, 759343360]
[759344128, 759347456]
[759348224, 759351552]
[759352320, 759355648]
[759356416, 759359744]
[759360512, 759363840]
[759364608, 759367936]
[759368704, 759372032]
[759372800, 759376128]
[759376896, 759380224]
[759380992, 759384320]
[759385088, 759388416]
[759389184, 759392512]
[759393280, 759396608]
[759397376, 759400704]
[759401472, 759404800]
[759405568, 759408896]
[759409664, 759412992]
[759413760, 759417088]
[759417856, 759421184]
[759421952, 759425280]
[759426048, 759429376]
[759430144, 759433472]
[759434240, 759437568]
[759438336, 759441664]
[759442432, 759445760]
[759446528, 759449856]
[759450624, 759453952]
[759454720, 759458048]
[759458816, 759462144]
[759462912, 759466240]
[759467008, 759470336]
[759471104, 759474432]
[759475200, 759478528]
[759479296, 759482624]
[759483392, 759486720]
[759487488, 759490816]
[759491584, 759494912]
[759495680, 759499008]
[759499776, 759503104]
[759503872, 759507200]
[759507968, 759511296]
[759512064, 759515392]
[759516160, 759519488]
[759520256, 759523584]
[759524352, 759527680]
[759528448, 759531776]
[759532544, 759535872]
[759536640, 759539968]
[759540736, 759544064]
[759544832, 759548160]
[759548928, 759552256]
[759553024, 759556352]
[759557120, 759560448]
[759561216, 759564544]
[759565312, 759568640]
[759569408, 759572736]
[759573504, 759576832]
[759577600, 759580928]
[759581696, 759585024]
[759585792, 759589120]
[759589888, 759593216]
[759593984, 759597312]
[759598080, 759601408]
[759602176, 759605504]
[759606272, 759609600]
[759610368, 759613696]
[759614464, 759617792]
[759618560, 759621888]
[759622656, 759625984]
[759626752, 759630080]
[759630848, 759634176]
[759634944, 759638272]
[759639040, 759642368]
[759643136, 759646464]
[759647232, 759650560]
[759651328, 759654656]
[759655424, 759658752]
[759659520, 759662848]
[759663616, 759666944]
[759667712, 759671040]
[759671808, 759675136]
[759675904, 759679232]
[759680000, 759683328]
[759684096, 759687424]
[759688192, 759691520]
[759692288, 759695616]
[759696384, 759699712]
[759700480, 759703808]
[759704576, 759707904]
[759708672, 759712000]
[759712768, 759716096]
[759716864, 759720192]
[759720960, 759724288]
[759725056, 759728384]
[759729152, 759732480]
[759733248, 759736576]
[759737344, 759740672]
[759741440, 759744768]
[759745536, 759748864]
[759749632, 759752960]
[759753728, 759757056]
[759757824, 759761152]
[759761920, 759765248]
[759766016, 759769344]
[759770112, 759773440]
[759774208, 759777536]
[759778304, 759781632]
[759782400, 759785728]
[759786496, 759789824]
[759790592, 759793920]
[759794688, 759798016]
[759798784, 759802112]
[759802880, 759806208]
[759806976, 759810304]
[759811072, 759814400]
[759815168, 759818496]
[759819264, 759822592]
[759823360, 759826688]
[759827456, 759830784]
[759831552, 759834880]
[759835648, 759838976]
[759839744, 759843072]
[759843840, 759847168]
[759847936, 759851264]
[759852032, 759855360]
[759856128, 759859456]
[759860224, 759863552]
[759864320, 759867648]
[759868416, 759871744]
[759872512, 759875840]
[759876608, 759879936]
[759880704, 759884032]
[759884800, 759888128]
[759888896, 759892224]
[759892992, 759896320]
[759897088, 759900416]
[759901184, 759904512]
[759905280, 759908608]
[759909376, 759912704]
[759913472, 759916800]
[759917568, 759920896]
[759921664, 759924992]
[759925760, 759929088]
[759929856, 759933184]
[759933952, 759937280]
[759938048, 759941376]
[759942144, 759945472]
[759946240, 759949568]
[759950336, 759953664]
[759954432, 759957760]
[759958528, 759961856]
[759962624, 759965952]
[759966720, 759970048]
[759970816, 759974144]
[759974912, 759978240]
[759979008, 759982336]
[759983104, 759986432]
[759987200, 759990528]
[759991296, 759994624]
[759995392, 759998720]
[759999488, 760002816]
[760003584, 760006912]
[760007680, 760011008]
[760011776, 760015104]
[760015872, 760019200]
[760019968, 760023296]
[760024064, 760027392]
[760028160, 760031488]
[760032256, 760035584]
[760036352, 760039680]
[760040448, 760043776]
[760044544, 760047872]
[760048640, 760051968]
[760052736, 760056064]
[760056832, 760060160]
[760060928, 760064256]
[760065024, 760068352]
[760069120, 760072448]
[760073216, 760076544]
[760077312, 760080640]
[760081408, 760084736]
[760085504, 760088832]
[760089600, 760092928]
[760093696, 760097024]
[760097792, 760101120]
[760101888, 760105216]
[760105984, 760109312]
[760110080, 760113408]
[760114176, 760117504]
[760118272, 760121600]
[760122368, 760125696]
[760126464, 760129792]
[760130560, 760133888]
[760134656, 760137984]
[760138752, 760142080]
[760142848, 760146176]
[760146944, 760150272]
[760151040, 760154368]
[760155136, 760158464]
[760159232, 760162560]
[760163328, 760166656]
[760167424, 760170752]
[760171520, 760174848]
[760175616, 760178944]
[760179712, 760183040]
[760183808, 760187136]
[760187904, 760191232]
[760192000, 760195328]
[760196096, 760199424]
[760200192, 760203520]
[760204288, 760207616]
[760208384, 760211712]
[760212480, 760215808]
[760216576, 760219904]
[760220672, 760224000]
[760224768, 760228096]
[760228864, 760232192]
[760232960, 760236288]
[760237056, 760240384]
[760241152, 760244480]
[760245248, 760248576]
[760249344, 760252672]
[760253440, 760256768]
[760257536, 760260864]
[760261632, 760264960]
[760265728, 760269056]
[760269824, 760273152]
[760273920, 760277248]
[760278016, 760281344]
[760282112, 760285440]
[760286208, 760289536]
[760290304, 760293632]
[760294400, 760297728]
[760298496, 760301824]
[760302592, 760305920]
[760306688, 760310016]
[760310784, 760314112]
[760314880, 760318208]
[760318976, 760322304]
[760323072, 760326400]
[760327168, 760330496]
[760331264, 760334592]
[760335360, 760338688]
[760339456, 760342784]
[760343552, 760346880]
[760347648, 760350976]
[760351744, 760355072]
[760355840, 760359168]
[760359936, 760363264]
[760364032, 760367360]
[760368128, 760371456]
[760372224, 760375552]
[760376320, 760379648]
[760380416, 760383744]
[760384512, 760387840]
[760388608, 760391936]
[760392704, 760396032]
[760396800, 760400128]
[760400896, 760404224]
[760404992, 760408320]
[760409088, 760412416]
[760413184, 760416512]
[760417280, 760420608]
[760421376, 760424704]
[760425472, 760428800]
[760429568, 760432896]
[760433664, 760436992]
[760437760, 760441088]
[760441856, 760445184]
[760445952, 760449280]
[760450048, 760453376]
[760454144, 760457472]
[760458240, 760461568]
[760462336, 760465664]
[760466432, 760469760]
[760470528, 760473856]
[760474624, 760477952]
[760478720, 760482048]
[760482816, 760486144]
[760486912, 760490240]
[760491008, 760494336]
[760495104, 760498432]
[760499200, 760502528]
[760503296, 760506624]
[760507392, 760510720]
[760511488, 760514816]
[760515584, 760518912]
[760519680, 760523008]
[760523776, 760527104]
[760527872, 760531200]
[760531968, 760535296]
[760536064, 760539392]
[760540160, 760543488]
[760544256, 760547584]
[760548352, 760551680]
[760552448, 760555776]
[760556544, 760559872]
[760560640, 760563968]
[760564736, 760568064]
[760568832, 760572160]
[760572928, 760576256]
[760577024, 760580352]
[760581120, 760584448]
[760585216, 760588544]
[760589312, 760592640]
[760593408, 760596736]
[760597504, 760600832]
[760601600, 760604928]
[760605696, 760609024]
[760609792, 760613120]
[760613888, 760617216]
[760617984, 760621312]
[760622080, 760625408]
[760626176, 760629504]
[760630272, 760633600]
[760634368, 760637696]
[760638464, 760641792]
[760642560, 760645888]
[760646656, 760649984]
[760650752, 760654080]
[760654848, 760658176]
[760658944, 760662272]
[760663040, 760666368]
[760667136, 760670464]
[760671232, 760674560]
[760675328, 760678656]
[760679424, 760682752]
[760683520, 760686848]
[760687616, 760690944]
[760691712, 760695040]
[760695808, 760699136]
[760699904, 760703232]
[760704000, 760707328]
[760708096, 760711424]
[760712192, 760715520]
[760716288, 760719616]
[760720384, 760723712]
[760724480, 760727808]
[760728576, 760731904]
[760732672, 760736000]
[760736768, 760740096]
[760740864, 760744192]
[760744960, 760748288]
[760749056, 760752384]
[760753152, 760756480]
[760757248, 760760576]
[760761344, 760764672]
[760765440, 760768768]
[760769536, 760772864]
[760773632, 760776960]
[760777728, 760781056]
[760781824, 760785152]
[760785920, 760789248]
[760790016, 760793344]
[760794112, 760797440]
[760798208, 760801536]
[760802304, 760805632]
[760806400, 760809728]
[760810496, 760813824]
[760814592, 760817920]
[760818688, 760822016]
[760822784, 760826112]
[760826880, 760830208]
[760830976, 760834304]
[760835072, 760838400]
[760839168, 760842496]
[760843264, 760846592]
[760847360, 760850688]
[760851456, 760854784]
[760855552, 760858880]
[760859648, 760862976]
[760863744, 760867072]
[760867840, 760871168]
[760871936, 760875264]
[760876032, 760879360]
[760880128, 760883456]
[760884224, 760887552]
[760888320, 760891648]
[760892416, 760895744]
[760896512, 760899840]
[760900608, 760903936]
[760904704, 760908032]
[760908800, 760912128]
[760912896, 760916224]
[760916992, 760920320]
[760921088, 760924416]
[760925184, 760928512]
[760929280, 760932608]
[760933376, 760936704]
[760937472, 760940800]
[760941568, 760944896]
[760945664, 760948992]
[760949760, 760953088]
[760953856, 760957184]
[760957952, 760961280]
[760962048, 760965376]
[760966144, 760969472]
[760970240, 760973568]
[760974336, 760977664]
[760978432, 760981760]
[760982528, 760985856]
[760986624, 760989952]
[760990720, 760994048]
[760994816, 760998144]
[760998912, 761002240]
[761003008, 761006336]
[761007104, 761010432]
[761011200, 761014528]
[761015296, 761018624]
[761019392, 761022720]
[761023488, 761026816]
[761027584, 761030912]
[761031680, 761035008]
[761035776, 761039104]
[761039872, 761043200]
[761043968, 761047296]
[761048064, 761051392]
[761052160, 761055488]
[761056256, 761059584]
[761060352, 761063680]
[761064448, 761067776]
[761068544, 761071872]
[761072640, 761075968]
[761076736, 761080064]
[761080832, 761084160]
[761084928, 761088256]
[761089024, 761092352]
[761093120, 761096448]
[761097216, 761100544]
[761101312, 761104640]
[761105408, 761108736]
[761109504, 761112832]
[761113600, 761116928]
[761117696, 761121024]
[761121792, 761125120]
[761125888, 761129216]
[761129984, 761133312]
[761134080, 761137408]
[761138176, 761141504]
[761142272, 761145600]
[761146368, 761149696]
[761150464, 761153792]
[761154560, 761157888]
[761158656, 761161984]
[761162752, 761166080]
[761166848, 761170176]
[761170944, 761174272]
[761175040, 761178368]
[761179136, 761182464]
[761183232, 761186560]
[761187328, 761190656]
[761191424, 761194752]
[761195520, 761198848]
[761199616, 761202944]
[761203712, 761207040]
[761207808, 761211136]
[761211904, 761215232]
[761216000, 761219328]
[761220096, 761223424]
[761224192, 761227520]
[761228288, 761231616]
[761232384, 761235712]
[761236480, 761239808]
[761240576, 761243904]
[761244672, 761248000]
[761248768, 761252096]
[761252864, 761256192]
[761256960, 761260288]
[761261056, 761264384]
[761265152, 761268992]
[761269248, 761273088]
[761273344, 761277184]
[761277440, 761281280]
[761281536, 761285376]
[761285632, 761289472]
[761289728, 761293568]
[761293824, 761297664]
[761297920, 761301760]
[761302016, 761305856]
[761306112, 761309952]
[761310208, 761314048]
[761314304, 761318144]
[761318400, 761322240]
[761322496, 761326336]
[761326592, 761330432]
[761330688, 761334528]
[761334784, 761338624]
[761338880, 761342720]
[761342976, 761346816]
[761347072, 761350912]
[761351168, 761355008]
[761355264, 761359104]
[761359360, 761363200]
[761363456, 761367296]
[761367552, 761371392]
[761371648, 761375488]
[761375744, 761379584]
[761379840, 761383680]
[761383936, 761387776]
[761388032, 761391872]
[761392128, 761395968]
[761396224, 761400064]
[761400320, 761404160]
[761404416, 761408256]
[761408512, 761412352]
[761412608, 761416448]
[761416704, 761420544]
[761420800, 761424640]
[761424896, 761428736]
[761428992, 761432832]
[761433088, 761436928]
[761437184, 761441024]
[761441280, 761445120]
[761445376, 761449216]
[761449472, 761453312]
[761453568, 761457408]
[761457664, 761461504]
[761461760, 761465600]
[761465856, 761469696]
[761469952, 761473792]
[761474048, 761477888]
[761478144, 761481984]
[761482240, 761486080]
[761486336, 761490176]
[761490432, 761494272]
[761494528, 761498368]
[761498624, 761502464]
[761502720, 761506560]
[761506816, 761510656]
[761510912, 761514752]
[761515008, 761518848]
[761519104, 761522944]
[761523200, 761527040]
[761527296, 761531136]
[761531392, 761535232]
[761535488, 761539328]
[761539584, 761543424]
[761543680, 761547520]
[761547776, 761551616]
[761551872, 761555712]
[761555968, 761559808]
[761560064, 761563904]
[761564160, 761568000]
[761568256, 761572096]
[761572352, 761576192]
[761576448, 761580288]
[761580544, 761584384]
[761584640, 761588480]
[761588736, 761592576]
[761592832, 761596672]
[761596928, 761600768]
[761601024, 761604864]
[761605120, 761608960]
[761609216, 761613056]
[761613312, 761617152]
[761617408, 761621248]
[761621504, 761625344]
[761625600, 761629440]
[761629696, 761633536]
[761633792, 761637632]
[761637888, 761641728]
[761641984, 761645824]
[761646080, 761649920]
[761650176, 761654016]
[761654272, 761658112]
[761658368, 761662208]
[761662464, 761666304]
[761666560, 761670400]
[761670656, 761674496]
[761674752, 761678592]
[761678848, 761682688]
[761682944, 761686784]
[761687040, 761690880]
[761691136, 761694976]
[761695232, 761699072]
[761699328, 761703168]
[761703424, 761707264]
[761707520, 761711360]
[761711616, 761715456]
[761715712, 761719552]
[761719808, 761723648]
[761723904, 761727744]
[761728000, 761731840]
[761732096, 761735936]
[761736192, 761740032]
[761740288, 761744128]
[761744384, 761748224]
[761748480, 761752320]
[761752576, 761756416]
[761756672, 761760512]
[761760768, 761764608]
[761764864, 761768704]
[761768960, 761772800]
[761773056, 761776896]
[761777152, 761780992]
[761781248, 761785088]
[761785344, 761789184]
[761789440, 761793280]
[761793536, 761797376]
[761797632, 761801472]
[761801728, 761805568]
[761805824, 761809664]
[761809920, 761813760]
[761814016, 761817856]
[761818112, 761821952]
[761822208, 761826048]
[761826304, 761830144]
[761830400, 761834240]
[761834496, 761838336]
[761838592, 761842432]
[761842688, 761846528]
[761846784, 761850624]
[761850880, 761854720]
[761854976, 761858816]
[761859072, 761862912]
[761863168, 761867008]
[761867264, 761871104]
[761871360, 761875200]
[761875456, 761879296]
[761879552, 761883392]
[761883648, 761887488]
[761887744, 761891584]
[761891840, 761895680]
[761895936, 761899776]
[761900032, 761903872]
[761904128, 761907968]
[761908224, 761912064]
[761912320, 761916160]
[761916416, 761920256]
[761920512, 761924352]
[761924608, 761928448]
[761928704, 761932544]
[761932800, 761936640]
[761936896, 761940736]
[761940992, 761944832]
[761945088, 761948928]
[761949184, 761953024]
[761953280, 761957120]
[761957376, 761961216]
[761961472, 761965312]
[761965568, 761969408]
[761969664, 761973504]
[761973760, 761977600]
[761977856, 761981696]
[761981952, 761985792]
[761986048, 761989888]
[761990144, 761993984]
[761994240, 761998080]
[761998336, 762002176]
[762002432, 762006272]
[762006528, 762010368]
[762010624, 762014464]
[762014720, 762018560]
[762018816, 762022656]
[762022912, 762026752]
[762027008, 762030848]
[762031104, 762034944]
[762035200, 762039040]
[762039296, 762043136]
[762043392, 762047232]
[762047488, 762051328]
[762051584, 762055424]
[762055680, 762059520]
[762059776, 762063616]
[762063872, 762067712]
[762067968, 762071808]
[762072064, 762075904]
[762076160, 762080000]
[762080256, 762084096]
[762084352, 762088192]
[762088448, 762092288]
[762092544, 762096384]
[762096640, 762100480]
[762100736, 762104576]
[762104832, 762108672]
[762108928, 762112768]
[762113024, 762116864]
[762117120, 762120960]
[762121216, 762125056]
[762125312, 762129152]
[762129408, 762133248]
[762133504, 762137344]
[762137600, 762141440]
[762141696, 762145536]
[762145792, 762149632]
[762149888, 762153728]
[762153984, 762157824]
[762158080, 762161920]
[762162176, 762166016]
[762166272, 762170112]
[762170368, 762174208]
[762174464, 762178304]
[762178560, 762182400]
[762182656, 762186496]
[762186752, 762190592]
[762190848, 762194688]
[762194944, 762198784]
[762199040, 762202880]
[762203136, 762206976]
[762207232, 762211072]
[762211328, 762215168]
[762215424, 762219264]
[762219520, 762223360]
[762223616, 762227456]
[762227712, 762231552]
[762231808, 762235648]
[762235904, 762239744]
[762240000, 762243840]
[762244096, 762247936]
[762248192, 762252032]
[762252288, 762256128]
[762256384, 762260224]
[762260480, 762264320]
[762264576, 762268416]
[762268672, 762272512]
[762272768, 762276608]
[762276864, 762280704]
[762280960, 762284800]
[762285056, 762288896]
[762289152, 762292992]
[762293248, 762297088]
[762297344, 762301184]
[762301440, 762305280]
[762305536, 762309376]
[762309632, 762313472]
[762313728, 762317568]
[762317824, 762321664]
[762321920, 762325760]
[762326016, 762329856]
[762330112, 762333952]
[762334208, 762338048]
[762338304, 762342144]
[762342400, 762346240]
[762346496, 762350336]
[762350592, 762354432]
[762354688, 762358528]
[762358784, 762362624]
[762362880, 762366720]
[762366976, 762370816]
[762371072, 762374912]
[762375168, 762379008]
[762379264, 762383104]
[762383360, 762387200]
[762387456, 762391296]
[762391552, 762395392]
[762395648, 762399488]
[762399744, 762403584]
[762403840, 762407680]
[762407936, 762411776]
[762412032, 762415872]
[762416128, 762419968]
[762420224, 762424064]
[762424320, 762428160]
[762428416, 762432256]
[762432512, 762436352]
[762436608, 762440448]
[762440704, 762444544]
[762444800, 762448640]
[762448896, 762452736]
[762452992, 762456832]
[762457088, 762460928]
[762461184, 762465024]
[762465280, 762469120]
[762469376, 762473216]
[762473472, 762477312]
[762477568, 762481408]
[762481664, 762485504]
[762485760, 762489600]
[762489856, 762493696]
[762493952, 762497792]
[762498048, 762501888]
[762502144, 762505984]
[762506240, 762510080]
[762510336, 762514176]
[762514432, 762518272]
[762518528, 762522368]
[762522624, 762526464]
[762526720, 762530560]
[762530816, 762534656]
[762534912, 762538752]
[762539008, 762542848]
[762543104, 762546944]
[762547200, 762551040]
[762551296, 762555136]
[762555392, 762559232]
[762559488, 762563328]
[762563584, 762567424]
[762567680, 762571520]
[762571776, 762575616]
[762575872, 762579712]
[762579968, 762583808]
[762584064, 762587904]
[762588160, 762592000]
[762592256, 762596096]
[762596352, 762600192]
[762600448, 762604288]
[762604544, 762608384]
[762608640, 762612480]
[762612736, 762616576]
[762616832, 762620672]
[762620928, 762624768]
[762625024, 762628864]
[762629120, 762632960]
[762633216, 762637056]
[762637312, 762641152]
[762641408, 762645248]
[762645504, 762649344]
[762649600, 762653440]
[762653696, 762657536]
[762657792, 762661632]
[762661888, 762665728]
[762665984, 762669824]
[762670080, 762673920]
[762674176, 762678016]
[762678272, 762682112]
[762682368, 762686208]
[762686464, 762690304]
[762690560, 762694400]
[762694656, 762698496]
[762698752, 762702592]
[762702848, 762706688]
[762706944, 762710784]
[762711040, 762714880]
[762715136, 762718976]
[762719232, 762723072]
[762723328, 762727168]
[762727424, 762731264]
[762731520, 762735360]
[762735616, 762739456]
[762739712, 762743552]
[762743808, 762747648]
[762747904, 762751744]
[762752000, 762755840]
[762756096, 762759936]
[762760192, 762764032]
[762764288, 762768128]
[762768384, 762772224]
[762772480, 762776320]
[762776576, 762780416]
[762780672, 762784512]
[762784768, 762788608]
[762788864, 762792704]
[762792960, 762796800]
[762797056, 762800896]
[762801152, 762804992]
[762805248, 762809088]
[762809344, 762813184]
[762813440, 762817280]
[762817536, 762821376]
[762821632, 762825472]
[762825728, 762829568]
[762829824, 762833664]
[762833920, 762837760]
[762838016, 762841856]
[762842112, 762845952]
[762846208, 762850048]
[762850304, 762854144]
[762854400, 762858240]
[762858496, 762862336]
[762862592, 762866432]
[762866688, 762870528]
[762870784, 762874624]
[762874880, 762878720]
[762878976, 762882816]
[762883072, 762886912]
[762887168, 762891008]
[762891264, 762895104]
[762895360, 762899200]
[762899456, 762903296]
[762903552, 762907392]
[762907648, 762911488]
[762911744, 762915584]
[762915840, 762919680]
[762919936, 762923776]
[762924032, 762927872]
[762928128, 762931968]
[762932224, 762936064]
[762936320, 762940160]
[762940416, 762944256]
[762944512, 762948352]
[762948608, 762952448]
[762952704, 762956544]
[762956800, 762960640]
[762960896, 762964736]
[762964992, 762968832]
[762969088, 762972928]
[762973184, 762977024]
[762977280, 762981120]
[762981376, 762985216]
[762985472, 762989312]
[762989568, 762993408]
[762993664, 762997504]
[762997760, 763001600]
[763001856, 763005696]
[763005952, 763009792]
[763010048, 763013888]
[763014144, 763017984]
[763018240, 763022080]
[763022336, 763026176]
[763026432, 763030272]
[763030528, 763034368]
[763034624, 763038464]
[763038720, 763042560]
[763042816, 763046656]
[763046912, 763050752]
[763051008, 763054848]
[763055104, 763058944]
[763059200, 763063040]
[763063296, 763067136]
[763067392, 763071232]
[763071488, 763075328]
[763075584, 763079424]
[763079680, 763083520]
[763083776, 763087616]
[763087872, 763091712]
[763091968, 763095808]
[763096064, 763099904]
[763100160, 763104000]
[763104256, 763108096]
[763108352, 763112192]
[763112448, 763116288]
[763116544, 763120384]
[763120640, 763124480]
[763124736, 763128576]
[763128832, 763132672]
[763132928, 763136768]
[763137024, 763140864]
[763141120, 763144960]
[763145216, 763149056]
[763149312, 763153152]
[763153408, 763157248]
[763157504, 763161344]
[763161600, 763165440]
[763165696, 763169536]
[763169792, 763173632]
[763173888, 763177728]
[763177984, 763181824]
[763182080, 763185920]
[763186176, 763190016]
[763190272, 763194112]
[763194368, 763198208]
[763198464, 763202304]
[763202560, 763206400]
[763206656, 763210496]
[763210752, 763214592]
[763214848, 763218688]
[763218944, 763222784]
[763223040, 763226880]
[763227136, 763230976]
[763231232, 763235072]
[763235328, 763239168]
[763239424, 763243264]
[763243520, 763247360]
[763247616, 763251456]
[763251712, 763255552]
[763255808, 763259648]
[763259904, 763263744]
[763264000, 763267840]
[763268096, 763271936]
[763272192, 763276032]
[763276288, 763280128]
[763280384, 763284224]
[763284480, 763288320]
[763288576, 763292416]
[763292672, 763296512]
[763296768, 763300608]
[763300864, 763304704]
[763304960, 763308800]
[763309056, 763312896]
[763313152, 763316992]
[763317248, 763321088]
[763321344, 763325184]
[763325440, 763329280]
[763329536, 763333376]
[763333632, 763337472]
[763337728, 763341568]
[763341824, 763345664]
[763345920, 763349760]
[763350016, 763353856]
[763354112, 763357952]
[763358208, 763362048]
[763362304, 763365632]
[763366400, 763369728]
[763370496, 763373824]
[763374592, 763377920]
[763378688, 763382016]
[763382784, 763386112]
[763386880, 763387392]
[763387648, 763390208]
[763390976, 763394304]
[763395072, 763398400]
[763399168, 763402496]
[763403264, 763406592]
[763407360, 763410688]
[763411456, 763414784]
[763415552, 763418880]
[763419648, 763422976]
[763423744, 763427072]
[763427840, 763431168]
[763431936, 763435264]
[763436032, 763439360]
[763440128, 763443456]
[763444224, 763447552]
[763448320, 763451648]
[763452416, 763452928]
[763453184, 763455744]
[763456512, 763459840]
[763460608, 763463936]
[763464704, 763468032]
[763468800, 763472128]
[763472896, 763476224]
[763476992, 763480320]
[763481088, 763484416]
[763485184, 763488512]
[763489280, 763492608]
[763493376, 763496704]
[763497472, 763500800]
[763501568, 763504896]
[763505664, 763508992]
[763509760, 763513088]
[763513856, 763517184]
[763517952, 763518464]
[763518720, 763521280]
[763522048, 763525376]
[763526144, 763529472]
[763530240, 763533568]
[763534336, 763537664]
[763538432, 763541760]
[763542528, 763545856]
[763546624, 763549952]
[763550720, 763554048]
[763554816, 763558144]
[763558912, 763562240]
[763563008, 763566336]
[763567104, 763570432]
[763571200, 763574528]
[763575296, 763578624]
[763579392, 763582720]
[763583488, 763584000]
[763584256, 763586816]
[763587584, 763590912]
[763591680, 763595008]
[763595776, 763599104]
[763599872, 763603200]
[763603968, 763607296]
[763608064, 763611392]
[763612160, 763615488]
[763616256, 763619584]
[763620352, 763623680]
[763624448, 763627776]
[763628544, 763631872]
[763632640, 763635968]
[763636736, 763640064]
[763640832, 763644160]
[763644928, 763648256]
[763649024, 763649536]
[763649792, 763652352]
[763653120, 763656448]
[763657216, 763660544]
[763661312, 763664640]
[763665408, 763668736]
[763669504, 763672832]
[763673600, 763676928]
[763677696, 763681024]
[763681792, 763685120]
[763685888, 763689216]
[763689984, 763693312]
[763694080, 763697408]
[763698176, 763701504]
[763702272, 763705600]
[763706368, 763709696]
[763710464, 763713792]
[763714560, 763715072]
[763715328, 763717888]
[763718656, 763721984]
[763722752, 763726080]
[763726848, 763730176]
[763730944, 763734272]
[763735040, 763738368]
[763739136, 763742464]
[763743232, 763746560]
[763747328, 763750656]
[763751424, 763754752]
[763755520, 763758848]
[763759616, 763762944]
[763763712, 763767040]
[763767808, 763771136]
[763771904, 763775232]
[763776000, 763779328]
[763780096, 763780608]
[763780864, 763783424]
[763784192, 763787520]
[763788288, 763791616]
[763792384, 763795712]
[763796480, 763799808]
[763800576, 763803904]
[763804672, 763808000]
[763808768, 763812096]
[763812864, 763816192]
[763816960, 763820288]
[763821056, 763824384]
[763825152, 763828480]
[763829248, 763832576]
[763833344, 763836672]
[763837440, 763840768]
[763841536, 763844864]
[763845632, 763846144]
[763846400, 763848960]
[763849728, 763853056]
[763853824, 763857152]
[763857920, 763861248]
[763862016, 763865344]
[763866112, 763869440]
[763870208, 763873536]
[763874304, 763877632]
[763878400, 763881728]
[763882496, 763885824]
[763886592, 763889920]
[763890688, 763894016]
[763894784, 763898112]
[763898880, 763902208]
[763902976, 763906304]
[763907072, 763910400]
[763911168, 763911680]
[763911936, 763914496]
[763915264, 763918592]
[763919360, 763922688]
[763923456, 763926784]
[763927552, 763930880]
[763931648, 763934976]
[763935744, 763939072]
[763939840, 763943168]
[763943936, 763947264]
[763948032, 763951360]
[763952128, 763955456]
[763956224, 763959552]
[763960320, 763963648]
[763964416, 763967744]
[763968512, 763971840]
[763972608, 763975936]
[763976704, 763977216]
[763977472, 763980032]
[763980800, 763984128]
[763984896, 763988224]
[763988992, 763992320]
[763993088, 763996416]
[763997184, 764000512]
[764001280, 764004608]
[764005376, 764008704]
[764009472, 764012800]
[764013568, 764016896]
[764017664, 764020992]
[764021760, 764025088]
[764025856, 764029184]
[764029952, 764033280]
[764034048, 764037376]
[764038144, 764041472]
[764042240, 764042752]
[764043008, 764045568]
[764046336, 764049664]
[764050432, 764053760]
[764054528, 764057856]
[764058624, 764061952]
[764062720, 764066048]
[764066816, 764070144]
[764070912, 764074240]
[764075008, 764078336]
[764079104, 764082432]
[764083200, 764086528]
[764087296, 764090624]
[764091392, 764094720]
[764095488, 764098816]
[764099584, 764102912]
[764103680, 764107008]
[764107776, 764108288]
[764108544, 764111104]
[764111872, 764115200]
[764115968, 764119296]
[764120064, 764123392]
[764124160, 764127488]
[764128256, 764131584]
[764132352, 764135680]
[764136448, 764139776]
[764140544, 764143872]
[764144640, 764147968]
[764148736, 764152064]
[764152832, 764156160]
[764156928, 764160256]
[764161024, 764164352]
[764165120, 764168448]
[764169216, 764172544]
[764173312, 764173824]
[764174080, 764176640]
[764177408, 764180736]
[764181504, 764184832]
[764185600, 764188928]
[764189696, 764193024]
[764193792, 764197120]
[764197888, 764201216]
[764201984, 764205312]
[764206080, 764209408]
[764210176, 764213504]
[764214272, 764217600]
[764218368, 764221696]
[764222464, 764225792]
[764226560, 764229888]
[764230656, 764233984]
[764234752, 764238080]
[764238848, 764239360]
[764239616, 764242176]
[764242944, 764246272]
[764247040, 764250368]
[764251136, 764254464]
[764255232, 764258560]
[764259328, 764262656]
[764263424, 764266752]
[764267520, 764270848]
[764271616, 764274944]
[764275712, 764279040]
[764279808, 764283136]
[764283904, 764287232]
[764288000, 764291328]
[764292096, 764295424]
[764296192, 764299520]
[764300288, 764303616]
[764304384, 764304896]
[764305152, 764307712]
[764308480, 764311808]
[764312576, 764315904]
[764316672, 764320000]
[764320768, 764324096]
[764324864, 764328192]
[764328960, 764332288]
[764333056, 764336384]
[764337152, 764340480]
[764341248, 764344576]
[764345344, 764348672]
[764349440, 764352768]
[764353536, 764356864]
[764357632, 764360960]
[764361728, 764365056]
[764365824, 764369152]
[764369920, 764370432]
[764370688, 764373248]
[764374016, 764377344]
[764378112, 764381440]
[764382208, 764385536]
[764386304, 764389632]
[764390400, 764393728]
[764394496, 764397824]
[764398592, 764401920]
[764402688, 764406016]
[764406784, 764410112]
[764410880, 764414208]
[764414976, 764418304]
[764419072, 764422400]
[764423168, 764426496]
[764427264, 764430592]
[764431360, 764434688]
[764435456, 764435968]
[764436224, 764438784]
[764439552, 764442880]
[764443648, 764446976]
[764447744, 764451072]
[764451840, 764455168]
[764455936, 764459264]
[764460032, 764463360]
[764464128, 764467456]
[764468224, 764471552]
[764472320, 764475648]
[764476416, 764479744]
[764480512, 764483840]
[764484608, 764487936]
[764488704, 764492032]
[764492800, 764496128]
[764496896, 764500224]
[764500992, 764501504]
[764501760, 764504320]
[764505088, 764508416]
[764509184, 764512512]
[764513280, 764516608]
[764517376, 764520704]
[764521472, 764524800]
[764525568, 764528896]
[764529664, 764532992]
[764533760, 764537088]
[764537856, 764541184]
[764541952, 764545280]
[764546048, 764549376]
[764550144, 764553472]
[764554240, 764557568]
[764558336, 764561664]
[764562432, 764565760]
[764566528, 764567040]
[764567296, 764569856]
[764570624, 764573952]
[764574720, 764578048]
[764578816, 764582144]
[764582912, 764586240]
[764587008, 764590336]
[764591104, 764594432]
[764595200, 764598528]
[764599296, 764602624]
[764603392, 764606720]
[764607488, 764610816]
[764611584, 764614912]
[764615680, 764619008]
[764619776, 764623104]
[764623872, 764627200]
[764627968, 764631296]
[764632064, 764632576]
[764632832, 764635392]
[764636160, 764639488]
[764640256, 764643584]
[764644352, 764647680]
[764648448, 764651776]
[764652544, 764655872]
[764656640, 764659968]
[764660736, 764664064]
[764664832, 764668160]
[764668928, 764672256]
[764673024, 764676352]
[764677120, 764680448]
[764681216, 764684544]
[764685312, 764688640]
[764689408, 764692736]
[764693504, 764696832]
[764697600, 764698112]
[764698368, 764700928]
[764701696, 764705024]
[764705792, 764709120]
[764709888, 764713216]
[764713984, 764717312]
[764718080, 764721408]
[764722176, 764725504]
[764726272, 764729600]
[764730368, 764733696]
[764734464, 764737792]
[764738560, 764741888]
[764742656, 764745984]
[764746752, 764750080]
[764750848, 764754176]
[764754944, 764758272]
[764759040, 764762368]
[764763136, 764763648]
[764763904, 764766464]
[764767232, 764770560]
[764771328, 764774656]
[764775424, 764778752]
[764779520, 764782848]
[764783616, 764786944]
[764787712, 764791040]
[764791808, 764795136]
[764795904, 764799232]
[764800000, 764803328]
[764804096, 764807424]
[764808192, 764811520]
[764812288, 764815616]
[764816384, 764819712]
[764820480, 764823808]
[764824576, 764827904]
[764828672, 764829184]
[764829440, 764832000]
[764832768, 764836096]
[764836864, 764840192]
[764840960, 764844288]
[764845056, 764848384]
[764849152, 764852480]
[764853248, 764856576]
[764857344, 764860672]
[764861440, 764864768]
[764865536, 764868864]
[764869632, 764872960]
[764873728, 764877056]
[764877824, 764881152]
[764881920, 764885248]
[764886016, 764889344]
[764890112, 764893440]
[764894208, 764894720]
[764894976, 764897536]
[764898304, 764901632]
[764902400, 764905728]
[764906496, 764909824]
[764910592, 764913920]
[764914688, 764918016]
[764918784, 764922112]
[764922880, 764926208]
[764926976, 764930304]
[764931072, 764934400]
[764935168, 764938496]
[764939264, 764942592]
[764943360, 764946688]
[764947456, 764950784]
[764951552, 764954880]
[764955648, 764958976]
[764959744, 764960256]
[764960512, 764963072]
[764963840, 764967168]
[764967936, 764971264]
[764972032, 764975360]
[764976128, 764979456]
[764980224, 764983552]
[764984320, 764987648]
[764988416, 764991744]
[764992512, 764995840]
[764996608, 764999936]
[765000704, 765004032]
[765004800, 765008128]
[765008896, 765012224]
[765012992, 765016320]
[765017088, 765020416]
[765021184, 765024512]
[765025280, 765025792]
[765026048, 765028608]
[765029376, 765032704]
[765033472, 765036800]
[765037568, 765040896]
[765041664, 765044992]
[765045760, 765049088]
[765049856, 765053184]
[765053952, 765057280]
[765058048, 765061376]
[765062144, 765065472]
[765066240, 765069568]
[765070336, 765073664]
[765074432, 765077760]
[765078528, 765081856]
[765082624, 765085952]
[765086720, 765090048]
[765090816, 765091328]
[765091584, 765094144]
[765094912, 765098240]
[765099008, 765102336]
[765103104, 765106432]
[765107200, 765110528]
[765111296, 765114624]
[765115392, 765118720]
[765119488, 765122816]
[765123584, 765126912]
[765127680, 765131008]
[765131776, 765135104]
[765135872, 765139200]
[765139968, 765143296]
[765144064, 765147392]
[765148160, 765151488]
[765152256, 765155584]
[765156352, 765156864]
[765157120, 765159680]
[765160448, 765163776]
[765164544, 765167872]
[765168640, 765171968]
[765172736, 765176064]
[765176832, 765180160]
[765180928, 765184256]
[765185024, 765188352]
[765189120, 765192448]
[765193216, 765196544]
[765197312, 765200640]
[765201408, 765204736]
[765205504, 765208832]
[765209600, 765212928]
[765213696, 765217024]
[765217792, 765221120]
[765221888, 765222400]
[765222656, 765225216]
[765225984, 765229312]
[765230080, 765233408]
[765234176, 765237504]
[765238272, 765241600]
[765242368, 765245696]
[765246464, 765249792]
[765250560, 765253888]
[765254656, 765257984]
[765258752, 765262080]
[765262848, 765266176]
[765266944, 765270272]
[765271040, 765274368]
[765275136, 765278464]
[765279232, 765282560]
[765283328, 765286656]
[765287424, 765287936]
[765288192, 765290752]
[765291520, 765294848]
[765295616, 765298944]
[765299712, 765303040]
[765303808, 765307136]
[765307904, 765311232]
[765312000, 765315328]
[765316096, 765319424]
[765320192, 765323520]
[765324288, 765327616]
[765328384, 765331712]
[765332480, 765335808]
[765336576, 765339904]
[765340672, 765344000]
[765344768, 765348096]
[765348864, 765352192]
[765352960, 765353472]
[765353728, 765356288]
[765357056, 765360384]
[765361152, 765364480]
[765365248, 765368576]
[765369344, 765372672]
[765373440, 765376768]
[765377536, 765380864]
[765381632, 765384960]
[765385728, 765389056]
[765389824, 765393152]
[765393920, 765397248]
[765398016, 765401344]
[765402112, 765405440]
[765406208, 765409536]
[765410304, 765413632]
[765414400, 765417728]
[765418496, 765421824]
[765422592, 765425920]
[765426688, 765430016]
[765430784, 765434112]
[765434880, 765438208]
[765438976, 765442304]
[765443072, 765446400]
[765447168, 765450496]
[765451264, 765454592]
[765455360, 765458688]
[765459456, 765484544]
[765484800, 765550080]
[765550336, 765615616]
[765615872, 765681152]
[765681408, 765746688]
[765746944, 765812224]
[765812480, 765877760]
[765878016, 765943296]
[765943552, 766008832]
[766009088, 766074368]
[766074624, 766139904]
[766140160, 766205440]
[766205696, 766270976]
[766271232, 766336512]
[766336768, 766402048]
[766402304, 766467584]
[766467840, 766533120]
[766533376, 766598656]
[766598912, 766664192]
[766664448, 766729728]
[766729984, 766795264]
[766795520, 766860800]
[766861056, 766926336]
[766926592, 766991872]
[766992128, 767057408]
[767057664, 767122944]
[767123200, 767188480]
[767188736, 767254016]
[767254272, 767319552]
[767319808, 767385088]
[767385344, 767450624]
[767450880, 767516160]
[767516416, 767559936]
[767560704, 767564032]
[767564800, 767568128]
[767568896, 767572224]
[767572992, 767576320]
[767577088, 767580416]
[767581184, 767584512]
[767585280, 767588608]
[767589376, 767592704]
[767593472, 767596800]
[767597568, 767600896]
[767601664, 767604992]
[767605760, 767609088]
[767609856, 767613184]
[767613952, 767617280]
[767618048, 767621376]
[767622144, 767625472]
[767626240, 767629568]
[767630336, 767633664]
[767634432, 767637760]
[767638528, 767641856]
[767642624, 767645952]
[767646720, 767650048]
[767650816, 767654144]
[767654912, 767658240]
[767659008, 767662336]
[767663104, 767666432]
[767667200, 767670528]
[767671296, 767674624]
[767675392, 767678720]
[767679488, 767682816]
[767683584, 767686912]
[767687680, 767691008]
[767691776, 767695104]
[767695872, 767699200]
[767699968, 767703296]
[767704064, 767707392]
[767708160, 767711488]
[767712256, 767715584]
[767716352, 767719680]
[767720448, 767723776]
[767724544, 767727872]
[767728640, 767731968]
[767732736, 767736064]
[767736832, 767740160]
[767740928, 767744256]
[767745024, 767748352]
[767749120, 767752448]
[767753216, 767756544]
[767757312, 767760640]
[767761408, 767764736]
[767765504, 767768832]
[767769600, 767772928]
[767773696, 767777024]
[767777792, 767781120]
[767781888, 767785216]
[767785984, 767789312]
[767790080, 767793408]
[767794176, 767797504]
[767798272, 767801600]
[767802368, 767805696]
[767806464, 767809792]
[767810560, 767813888]
[767814656, 767817984]
[767818752, 767822080]
[767822848, 767826176]
[767826944, 767830272]
[767831040, 767834368]
[767835136, 767838464]
[767839232, 767842560]
[767843328, 767846656]
[767847424, 767850752]
[767851520, 767854848]
[767855616, 767858944]
[767859712, 767863040]
[767863808, 767867136]
[767867904, 767871232]
[767872000, 767875328]
[767876096, 767879424]
[767880192, 767883520]
[767884288, 767887616]
[767888384, 767891712]
[767892480, 767895808]
[767896576, 767899904]
[767900672, 767904000]
[767904768, 767908096]
[767908864, 767912192]
[767912960, 767916288]
[767917056, 767920384]
[767921152, 767924480]
[767925248, 767928576]
[767929344, 767932672]
[767933440, 767936768]
[767937536, 767940864]
[767941632, 767944960]
[767945728, 767949056]
[767949824, 767953152]
[767953920, 767957248]
[767958016, 767961344]
[767962112, 767965440]
[767966208, 767969536]
[767970304, 767973632]
[767974400, 767977728]
[767978496, 767981824]
[767982592, 767985920]
[767986688, 767990016]
[767990784, 767994112]
[767994880, 767998208]
[767998976, 768002304]
[768003072, 768006400]
[768007168, 768010496]
[768011264, 768014592]
[768015360, 768018688]
[768019456, 768022784]
[768023552, 768026880]
[768027648, 768030976]
[768031744, 768035072]
[768035840, 768039168]
[768039936, 768043264]
[768044032, 768047360]
[768048128, 768051456]
[768052224, 768055552]
[768056320, 768059648]
[768060416, 768063744]
[768064512, 768067840]
[768068608, 768071936]
[768072704, 768076032]
[768076800, 768080128]
[768080896, 768084224]
[768084992, 768088320]
[768089088, 768092416]
[768093184, 768096512]
[768097280, 768100608]
[768101376, 768104704]
[768105472, 768108800]
[768109568, 768112896]
[768113664, 768116992]
[768117760, 768121088]
[768121856, 768125184]
[768125952, 768129280]
[768130048, 768133376]
[768134144, 768137472]
[768138240, 768141568]
[768142336, 768145664]
[768146432, 768149760]
[768150528, 768153856]
[768154624, 768157952]
[768158720, 768162048]
[768162816, 768166144]
[768166912, 768170240]
[768171008, 768174336]
[768175104, 768178432]
[768179200, 768182528]
[768183296, 768186624]
[768187392, 768190720]
[768191488, 768194816]
[768195584, 768198912]
[768199680, 768203008]
[768203776, 768207104]
[768207872, 768211200]
[768211968, 768215296]
[768216064, 768219392]
[768220160, 768223488]
[768224256, 768227584]
[768228352, 768231680]
[768232448, 768235776]
[768236544, 768239872]
[768240640, 768243968]
[768244736, 768248064]
[768248832, 768252160]
[768252928, 768256256]
[768257024, 768260352]
[768261120, 768264448]
[768265216, 768268544]
[768269312, 768272640]
[768273408, 768276736]
[768277504, 768280832]
[768281600, 768284928]
[768285696, 768289024]
[768289792, 768293120]
[768293888, 768297216]
[768297984, 768301312]
[768302080, 768305408]
[768306176, 768309504]
[768310272, 768313600]
[768314368, 768317696]
[768318464, 768321792]
[768322560, 768325888]
[768326656, 768329984]
[768330752, 768334080]
[768334848, 768338176]
[768338944, 768342272]
[768343040, 768346368]
[768347136, 768350464]
[768351232, 768354560]
[768355328, 768358656]
[768359424, 768362752]
[768363520, 768366848]
[768367616, 768370944]
[768371712, 768375040]
[768375808, 768379136]
[768379904, 768383232]
[768384000, 768387328]
[768388096, 768391424]
[768392192, 768395520]
[768396288, 768399616]
[768400384, 768403712]
[768404480, 768407808]
[768408576, 768411904]
[768412672, 768416000]
[768416768, 768420096]
[768420864, 768424192]
[768424960, 768428288]
[768429056, 768432384]
[768433152, 768436480]
[768437248, 768440576]
[768441344, 768444672]
[768445440, 768448768]
[768449536, 768452864]
[768453632, 768456960]
[768457728, 768461056]
[768461824, 768465152]
[768465920, 768469248]
[768470016, 768473344]
[768474112, 768477440]
[768478208, 768481536]
[768482304, 768485632]
[768486400, 768489728]
[768490496, 768493824]
[768494592, 768497920]
[768498688, 768502016]
[768502784, 768506112]
[768506880, 768510208]
[768510976, 768514304]
[768515072, 768518400]
[768519168, 768522496]
[768523264, 768526592]
[768527360, 768530688]
[768531456, 768534784]
[768535552, 768538880]
[768539648, 768542976]
[768543744, 768547072]
[768547840, 768551168]
[768551936, 768555264]
[768556032, 768559360]
[768560128, 768563456]
[768564224, 768567552]
[768568320, 768571648]
[768572416, 768575744]
[768576512, 768579840]
[768580608, 768583936]
[768584704, 768588032]
[768588800, 768592128]
[768592896, 768596224]
[768596992, 768600320]
[768601088, 768604416]
[768605184, 768608512]
[768609280, 768612608]
[768613376, 768616704]
[768617472, 768620800]
[768621568, 768624896]
[768625664, 768628992]
[768629760, 768633088]
[768633856, 768637184]
[768637952, 768641280]
[768642048, 768645376]
[768646144, 768649472]
[768650240, 768653568]
[768654336, 768657664]
[768658432, 768661760]
[768662528, 768665856]
[768666624, 768669952]
[768670720, 768674048]
[768674816, 768678144]
[768678912, 768682240]
[768683008, 768686336]
[768687104, 768690432]
[768691200, 768694528]
[768695296, 768698624]
[768699392, 768702720]
[768703488, 768706816]
[768707584, 768710912]
[768711680, 768715008]
[768715776, 768719104]
[768719872, 768723200]
[768723968, 768727296]
[768728064, 768731392]
[768732160, 768735488]
[768736256, 768739584]
[768740352, 768743680]
[768744448, 768747776]
[768748544, 768751872]
[768752640, 768755968]
[768756736, 768760064]
[768760832, 768764160]
[768764928, 768768256]
[768769024, 768772352]
[768773120, 768776448]
[768777216, 768780544]
[768781312, 768784640]
[768785408, 768788736]
[768789504, 768792832]
[768793600, 768796928]
[768797696, 768801024]
[768801792, 768805120]
[768805888, 768809216]
[768809984, 768813312]
[768814080, 768817408]
[768818176, 768821504]
[768822272, 768825600]
[768826368, 768829696]
[768830464, 768833792]
[768834560, 768837888]
[768838656, 768841984]
[768842752, 768846080]
[768846848, 768850176]
[768850944, 768854272]
[768855040, 768858368]
[768859136, 768862464]
[768863232, 768866560]
[768867328, 768870656]
[768871424, 768874752]
[768875520, 768878848]
[768879616, 768882944]
[768883712, 768887040]
[768887808, 768891136]
[768891904, 768895232]
[768896000, 768899328]
[768900096, 768903424]
[768904192, 768907520]
[768908288, 768911616]
[768912384, 768915712]
[768916480, 768919808]
[768920576, 768923904]
[768924672, 768928000]
[768928768, 768932096]
[768932864, 768936192]
[768936960, 768940288]
[768941056, 768944384]
[768945152, 768948480]
[768949248, 768952576]
[768953344, 768956672]
[768957440, 768960768]
[768961536, 768964864]
[768965632, 768968960]
[768969728, 768973056]
[768973824, 768977152]
[768977920, 768981248]
[768982016, 768985344]
[768986112, 768989440]
[768990208, 768993536]
[768994304, 768997632]
[768998400, 769001728]
[769002496, 769005824]
[769006592, 769009920]
[769010688, 769014016]
[769014784, 769018112]
[769018880, 769022208]
[769022976, 769026304]
[769027072, 769030400]
[769031168, 769034496]
[769035264, 769038592]
[769039360, 769042688]
[769043456, 769046784]
[769047552, 769050880]
[769051648, 769054976]
[769055744, 769059072]
[769059840, 769063168]
[769063936, 769067264]
[769068032, 769071360]
[769072128, 769075456]
[769076224, 769079552]
[769080320, 769083648]
[769084416, 769087744]
[769088512, 769091840]
[769092608, 769095936]
[769096704, 769100032]
[769100800, 769104128]
[769104896, 769108224]
[769108992, 769112320]
[769113088, 769116416]
[769117184, 769120512]
[769121280, 769124608]
[769125376, 769128704]
[769129472, 769132800]
[769133568, 769136896]
[769137664, 769140992]
[769141760, 769145088]
[769145856, 769149184]
[769149952, 769153280]
[769154048, 769157376]
[769158144, 769161472]
[769162240, 769165568]
[769166336, 769169664]
[769170432, 769173760]
[769174528, 769177856]
[769178624, 769181952]
[769182720, 769186048]
[769186816, 769190144]
[769190912, 769194240]
[769195008, 769198336]
[769199104, 769202432]
[769203200, 769206528]
[769207296, 769210624]
[769211392, 769214720]
[769215488, 769218816]
[769219584, 769222912]
[769223680, 769227008]
[769227776, 769231104]
[769231872, 769235200]
[769235968, 769239296]
[769240064, 769243392]
[769244160, 769247488]
[769248256, 769251584]
[769252352, 769255680]
[769256448, 769259776]
[769260544, 769263872]
[769264640, 769267968]
[769268736, 769272064]
[769272832, 769276160]
[769276928, 769280256]
[769281024, 769284352]
[769285120, 769288448]
[769289216, 769292544]
[769293312, 769296640]
[769297408, 769300736]
[769301504, 769304832]
[769305600, 769308928]
[769309696, 769313024]
[769313792, 769317120]
[769317888, 769321216]
[769321984, 769325312]
[769326080, 769329408]
[769330176, 769333504]
[769334272, 769337600]
[769338368, 769341696]
[769342464, 769345792]
[769346560, 769349888]
[769350656, 769353984]
[769354752, 769358080]
[769358848, 769362176]
[769362944, 769366272]
[769367040, 769370368]
[769371136, 769374464]
[769375232, 769378560]
[769379328, 769382656]
[769383424, 769386752]
[769387520, 769390848]
[769391616, 769394944]
[769395712, 769399040]
[769399808, 769403136]
[769403904, 769407232]
[769408000, 769411328]
[769412096, 769415424]
[769416192, 769419520]
[769420288, 769423616]
[769424384, 769427712]
[769428480, 769431808]
[769432576, 769435904]
[769436672, 769440000]
[769440768, 769444096]
[769444864, 769448192]
[769448960, 769452288]
[769453056, 769456384]
[769457152, 769460480]
[769461248, 769464576]
[769465344, 769468672]
[769469440, 769472768]
[769473536, 769476864]
[769477632, 769480960]
[769481728, 769485056]
[769485824, 769489152]
[769489920, 769493248]
[769494016, 769497344]
[769498112, 769501440]
[769502208, 769505536]
[769506304, 769509632]
[769510400, 769513728]
[769514496, 769517824]
[769518592, 769521920]
[769522688, 769526016]
[769526784, 769530112]
[769530880, 769534208]
[769534976, 769538304]
[769539072, 769542400]
[769543168, 769546496]
[769547264, 769550592]
[769551360, 769554688]
[769555456, 769558784]
[769559552, 769562880]
[769563648, 769566976]
[769567744, 769571072]
[769571840, 769575168]
[769575936, 769579264]
[769580032, 769583360]
[769584128, 769587456]
[769588224, 769591552]
[769592320, 769595648]
[769596416, 769599744]
[769600512, 769603840]
[769604608, 769607936]
[769608704, 769612032]
[769612800, 769616128]
[769616896, 769620224]
[769620992, 769624320]
[769625088, 769628416]
[769629184, 769632512]
[769633280, 769636608]
[769637376, 769640704]
[769641472, 769644800]
[769645568, 769648896]
[769649664, 769652992]
[769653760, 771751936]
