[1023410176, 1023412480]
[1023413248, 1023416576]
[1023417344, 1023420672]
[1023421440, 1023424768]
[1023425536, 1023428864]
[1023429632, 1023432960]
[1023433728, 1023434240]
[1023434496, 1023437056]
[1023437824, 1023441152]
[1023441920, 1023445248]
[1023446016, 1023449344]
[1023450112, 1023453440]
[1023454208, 1023457536]
[1023458304, 1023461632]
[1023462400, 1023465728]
[1023466496, 1023469824]
[1023470592, 1023473920]
[1023474688, 1023478016]
[1023478784, 1023482112]
[1023482880, 1023486208]
[1023486976, 1023490304]
[1023491072, 1023494400]
[1023495168, 1023498496]
[1023499264, 1023499776]
[1023500032, 1023502592]
[1023503360, 1023506688]
[1023507456, 1023510784]
[1023511552, 1023514880]
[1023515648, 1023518976]
[1023519744, 1023523072]
[1023523840, 1023527168]
[1023527936, 1023531264]
[1023532032, 1023535360]
[1023536128, 1023539456]
[1023540224, 1023543552]
[1023544320, 1023547648]
[1023548416, 1023551744]
[1023552512, 1023555840]
[1023556608, 1023559936]
[1023560704, 1023564032]
[1023564800, 1023565312]
[1023565568, 1023568128]
[1023568896, 1023572224]
[1023572992, 1023576320]
[1023577088, 1023580416]
[1023581184, 1023584512]
[1023585280, 1023588608]
[1023589376, 1023592704]
[1023593472, 1023596800]
[1023597568, 1023600896]
[1023601664, 1023604992]
[1023605760, 1023609088]
[1023609856, 1023613184]
[1023613952, 1023617280]
[1023618048, 1023621376]
[1023622144, 1023625472]
[1023626240, 1023629568]
[1023630336, 1023630848]
[1023631104, 1023633664]
[1023634432, 1023637760]
[1023638528, 1023641856]
[1023642624, 1023645952]
[1023646720, 1023650048]
[1023650816, 1023654144]
[1023654912, 1023658240]
[1023659008, 1023662336]
[1023663104, 1023666432]
[1023667200, 1023670528]
[1023671296, 1023674624]
[1023675392, 1023678720]
[1023679488, 1023682816]
[1023683584, 1023686912]
[1023687680, 1023691008]
[1023691776, 1023695104]
[1023695872, 1023696384]
[1023696640, 1023699200]
[1023699968, 1023703296]
[1023704064, 1023707392]
[1023708160, 1023711488]
[1023712256, 1023715584]
[1023716352, 1023719680]
[1023720448, 1023723776]
[1023724544, 1023727872]
[1023728640, 1023731968]
[1023732736, 1023736064]
[1023736832, 1023740160]
[1023740928, 1023744256]
[1023745024, 1023748352]
[1023749120, 1023752448]
[1023753216, 1023756544]
[1023757312, 1023760640]
[1023761408, 1023761920]
[1023762176, 1023764736]
[1023765504, 1023768832]
[1023769600, 1023772928]
[1023773696, 1023777024]
[1023777792, 1023781120]
[1023781888, 1023785216]
[1023785984, 1023789312]
[1023790080, 1023793408]
[1023794176, 1023797504]
[1023798272, 1023801600]
[1023802368, 1023805696]
[1023806464, 1023809792]
[1023810560, 1023813888]
[1023814656, 1023817984]
[1023818752, 1023822080]
[1023822848, 1023826176]
[1023826944, 1023827456]
[1023827712, 1023830272]
[1023831040, 1023834368]
[1023835136, 1023838464]
[1023839232, 1023842560]
[1023843328, 1023846656]
[1023847424, 1023850752]
[1023851520, 1023854848]
[1023855616, 1023858944]
[1023859712, 1023863040]
[1023863808, 1023867136]
[1023867904, 1023871232]
[1023872000, 1023875328]
[1023876096, 1023879424]
[1023880192, 1023883520]
[1023884288, 1023887616]
[1023888384, 1023891712]
[1023892480, 1023892992]
[1023893248, 1023895808]
[1023896576, 1023899904]
[1023900672, 1023904000]
[1023904768, 1023908096]
[1023908864, 1023912192]
[1023912960, 1023916288]
[1023917056, 1023920384]
[1023921152, 1023924480]
[1023925248, 1023928576]
[1023929344, 1023932672]
[1023933440, 1023936768]
[1023937536, 1023940864]
[1023941632, 1023944960]
[1023945728, 1023949056]
[1023949824, 1023953152]
[1023953920, 1023957248]
[1023958016, 1023958528]
[1023958784, 1023961344]
[1023962112, 1023965440]
[1023966208, 1023969536]
[1023970304, 1023973632]
[1023974400, 1023977728]
[1023978496, 1023981824]
[1023982592, 1023985920]
[1023986688, 1023990016]
[1023990784, 1023994112]
[1023994880, 1023998208]
[1023998976, 1024002304]
[1024003072, 1024006400]
[1024007168, 1024010496]
[1024011264, 1024014592]
[1024015360, 1024018688]
[1024019456, 1024022784]
[1024023552, 1024024064]
[1024024320, 1024026880]
[1024027648, 1024030976]
[1024031744, 1024035072]
[1024035840, 1024039168]
[1024039936, 1024043264]
[1024044032, 1024047360]
[1024048128, 1024051456]
[1024052224, 1024055552]
[1024056320, 1024059648]
[1024060416, 1024063744]
[1024064512, 1024067840]
[1024068608, 1024071936]
[1024072704, 1024076032]
[1024076800, 1024080128]
[1024080896, 1024084224]
[1024084992, 1024088320]
[1024089088, 1024089600]
[1024089856, 1024092416]
[1024093184, 1024096512]
[1024097280, 1024100608]
[1024101376, 1024104704]
[1024105472, 1024108800]
[1024109568, 1024112896]
[1024113664, 1024116992]
[1024117760, 1024121088]
[1024121856, 1024125184]
[1024125952, 1024129280]
[1024130048, 1024133376]
[1024134144, 1024137472]
[1024138240, 1024141568]
[1024142336, 1024145664]
[1024146432, 1024149760]
[1024150528, 1024153856]
[1024154624, 1024155136]
[1024155392, 1024157952]
[1024158720, 1024162048]
[1024162816, 1024166144]
[1024166912, 1024170240]
[1024171008, 1024174336]
[1024175104, 1024178432]
[1024179200, 1024182528]
[1024183296, 1024186624]
[1024187392, 1024190720]
[1024191488, 1024194816]
[1024195584, 1024198912]
[1024199680, 1024203008]
[1024203776, 1024207104]
[1024207872, 1024211200]
[1024211968, 1024215296]
[1024216064, 1024219392]
[1024220160, 1024220672]
[1024220928, 1024223488]
[1024224256, 1024227584]
[1024228352, 1024231680]
[1024232448, 1024235776]
[1024236544, 1024239872]
[1024240640, 1024243968]
[1024244736, 1024248064]
[1024248832, 1024252160]
[1024252928, 1024256256]
[1024257024, 1024260352]
[1024261120, 1024264448]
[1024265216, 1024268544]
[1024269312, 1024272640]
[1024273408, 1024276736]
[1024277504, 1024280832]
[1024281600, 1024284928]
[1024285696, 1024286208]
[1024286464, 1024289024]
[1024289792, 1024293120]
[1024293888, 1024297216]
[1024297984, 1024301312]
[1024302080, 1024305408]
[1024306176, 1024309504]
[1024310272, 1024313600]
[1024314368, 1024317696]
[1024318464, 1024321792]
[1024322560, 1024325888]
[1024326656, 1024329984]
[1024330752, 1024334080]
[1024334848, 1024338176]
[1024338944, 1024342272]
[1024343040, 1024346368]
[1024347136, 1024350464]
[1024351232, 1024351744]
[1024352000, 1024354560]
[1024355328, 1024358656]
[1024359424, 1024362752]
[1024363520, 1024366848]
[1024367616, 1024370944]
[1024371712, 1024375040]
[1024375808, 1024379136]
[1024379904, 1024383232]
[1024384000, 1024387328]
[1024388096, 1024391424]
[1024392192, 1024395520]
[1024396288, 1024399616]
[1024400384, 1024403712]
[1024404480, 1024407808]
[1024408576, 1024411904]
[1024412672, 1024416000]
[1024416768, 1024417280]
[1024417536, 1024420096]
[1024420864, 1024424192]
[1024424960, 1024428288]
[1024429056, 1024432384]
[1024433152, 1024436480]
[1024437248, 1024440576]
[1024441344, 1024444672]
[1024445440, 1024448768]
[1024449536, 1024452864]
[1024453632, 1024456960]
[1024457728, 1024461056]
[1024461824, 1024465152]
[1024465920, 1024469248]
[1024470016, 1024473344]
[1024474112, 1024477440]
[1024478208, 1024481536]
[1024482304, 1024482816]
[1024483072, 1024485632]
[1024486400, 1024489728]
[1024490496, 1024493824]
[1024494592, 1024497920]
[1024498688, 1024502016]
[1024502784, 1024506112]
[1024506880, 1024510208]
[1024510976, 1024514304]
[1024515072, 1024518400]
[1024519168, 1024522496]
[1024523264, 1024526592]
[1024527360, 1024530688]
[1024531456, 1024534784]
[1024535552, 1024538880]
[1024539648, 1024542976]
[1024543744, 1024547072]
[1024547840, 1024548352]
[1024548608, 1024551168]
[1024551936, 1024555264]
[1024556032, 1024559360]
[1024560128, 1024563456]
[1024564224, 1024567552]
[1024568320, 1024571648]
[1024572416, 1024575744]
[1024576512, 1024579840]
[1024580608, 1024583936]
[1024584704, 1024588032]
[1024588800, 1024592128]
[1024592896, 1024596224]
[1024596992, 1024600320]
[1024601088, 1024604416]
[1024605184, 1024608512]
[1024609280, 1024612608]
[1024613376, 1024613888]
[1024614144, 1024616704]
[1024617472, 1024620800]
[1024621568, 1024624896]
[1024625664, 1024628992]
[1024629760, 1024633088]
[1024633856, 1024637184]
[1024637952, 1024641280]
[1024642048, 1024645376]
[1024646144, 1024649472]
[1024650240, 1024653568]
[1024654336, 1024657664]
[1024658432, 1024661760]
[1024662528, 1024665856]
[1024666624, 1024669952]
[1024670720, 1024674048]
[1024674816, 1024678144]
[1024678912, 1024679424]
[1024679680, 1024682240]
[1024683008, 1024686336]
[1024687104, 1024690432]
[1024691200, 1024694528]
[1024695296, 1024698624]
[1024699392, 1024702720]
[1024703488, 1024706816]
[1024707584, 1024710912]
[1024711680, 1024715008]
[1024715776, 1024719104]
[1024719872, 1024723200]
[1024723968, 1024727296]
[1024728064, 1024731392]
[1024732160, 1024735488]
[1024736256, 1024739584]
[1024740352, 1024743680]
[1024744448, 1024744960]
[1024745216, 1024747776]
[1024748544, 1024751872]
[1024752640, 1024755968]
[1024756736, 1024760064]
[1024760832, 1024764160]
[1024764928, 1024768256]
[1024769024, 1024772352]
[1024773120, 1024776448]
[1024777216, 1024780544]
[1024781312, 1024784640]
[1024785408, 1024788736]
[1024789504, 1024792832]
[1024793600, 1024796928]
[1024797696, 1024801024]
[1024801792, 1024805120]
[1024805888, 1024809216]
[1024809984, 1024810496]
[1024810752, 1024813312]
[1024814080, 1024817408]
[1024818176, 1024821504]
[1024822272, 1024825600]
[1024826368, 1024829696]
[1024830464, 1024833792]
[1024834560, 1024837888]
[1024838656, 1024841984]
[1024842752, 1024846080]
[1024846848, 1024850176]
[1024850944, 1024854272]
[1024855040, 1024858368]
[1024859136, 1024862464]
[1024863232, 1024866560]
[1024867328, 1024870656]
[1024871424, 1024874752]
[1024875520, 1024876032]
[1024876288, 1024878848]
[1024879616, 1024882944]
[1024883712, 1024887040]
[1024887808, 1024891136]
[1024891904, 1024895232]
[1024896000, 1024899328]
[1024900096, 1024903424]
[1024904192, 1024907520]
[1024908288, 1024911616]
[1024912384, 1024915712]
[1024916480, 1024919808]
[1024920576, 1024923904]
[1024924672, 1024928000]
[1024928768, 1024932096]
[1024932864, 1024936192]
[1024936960, 1024940288]
[1024941056, 1024941568]
[1024941824, 1024944384]
[1024945152, 1024948480]
[1024949248, 1024952576]
[1024953344, 1024956672]
[1024957440, 1024960768]
[1024961536, 1024964864]
[1024965632, 1024968960]
[1024969728, 1024973056]
[1024973824, 1024977152]
[1024977920, 1024981248]
[1024982016, 1024985344]
[1024986112, 1024989440]
[1024990208, 1024993536]
[1024994304, 1024997632]
[1024998400, 1025001728]
[1025002496, 1025005824]
[1025006592, 1025007104]
[1025007360, 1025009920]
[1025010688, 1025014016]
[1025014784, 1025018112]
[1025018880, 1025022208]
[1025022976, 1025026304]
[1025027072, 1025030400]
[1025031168, 1025034496]
[1025035264, 1025038592]
[1025039360, 1025042688]
[1025043456, 1025046784]
[1025047552, 1025050880]
[1025051648, 1025054976]
[1025055744, 1025059072]
[1025059840, 1025063168]
[1025063936, 1025067264]
[1025068032, 1025071360]
[1025072128, 1025072640]
[1025072896, 1025075456]
[1025076224, 1025079552]
[1025080320, 1025083648]
[1025084416, 1025087744]
[1025088512, 1025091840]
[1025092608, 1025095936]
[1025096704, 1025100032]
[1025100800, 1025104128]
[1025104896, 1025108224]
[1025108992, 1025112320]
[1025113088, 1025116416]
[1025117184, 1025120512]
[1025121280, 1025124608]
[1025125376, 1025128704]
[1025129472, 1025132800]
[1025133568, 1025136896]
[1025137664, 1025138176]
[1025138432, 1025140992]
[1025141760, 1025145088]
[1025145856, 1025149184]
[1025149952, 1025153280]
[1025154048, 1025157376]
[1025158144, 1025161472]
[1025162240, 1025165568]
[1025166336, 1025169664]
[1025170432, 1025173760]
[1025174528, 1025177856]
[1025178624, 1025181952]
[1025182720, 1025186048]
[1025186816, 1025190144]
[1025190912, 1025194240]
[1025195008, 1025198336]
[1025199104, 1025202432]
[1025203200, 1025203712]
[1025203968, 1025206528]
[1025207296, 1025210624]
[1025211392, 1025214720]
[1025215488, 1025218816]
[1025219584, 1025222912]
[1025223680, 1025227008]
[1025227776, 1025231104]
[1025231872, 1025235200]
[1025235968, 1025239296]
[1025240064, 1025243392]
[1025244160, 1025247488]
[1025248256, 1025251584]
[1025252352, 1025255680]
[1025256448, 1025259776]
[1025260544, 1025263872]
[1025264640, 1025267968]
[1025268736, 1025269248]
[1025269504, 1025272064]
[1025272832, 1025276160]
[1025276928, 1025280256]
[1025281024, 1025284352]
[1025285120, 1025288448]
[1025289216, 1025292544]
[1025293312, 1025296640]
[1025297408, 1025300736]
[1025301504, 1025304832]
[1025305600, 1025308928]
[1025309696, 1025313024]
[1025313792, 1025317120]
[1025317888, 1025321216]
[1025321984, 1025325312]
[1025326080, 1025329408]
[1025330176, 1025333504]
[1025334272, 1025334784]
[1025335040, 1025337600]
[1025338368, 1025341696]
[1025342464, 1025345792]
[1025346560, 1025349888]
[1025350656, 1025353984]
[1025354752, 1025358080]
[1025358848, 1025362176]
[1025362944, 1025366272]
[1025367040, 1025370368]
[1025371136, 1025374464]
[1025375232, 1025378560]
[1025379328, 1025382656]
[1025383424, 1025386752]
[1025387520, 1025390848]
[1025391616, 1025394944]
[1025395712, 1025399040]
[1025399808, 1025400320]
[1025400576, 1025403136]
[1025403904, 1025407232]
[1025408000, 1025411328]
[1025412096, 1025415424]
[1025416192, 1025419520]
[1025420288, 1025423616]
[1025424384, 1025427712]
[1025428480, 1025431808]
[1025432576, 1025435904]
[1025436672, 1025440000]
[1025440768, 1025444096]
[1025444864, 1025448192]
[1025448960, 1025452288]
[1025453056, 1025456384]
[1025457152, 1025460480]
[1025461248, 1025464576]
[1025465344, 1025468672]
[1025469440, 1025472768]
[1025473536, 1025476864]
[1025477632, 1025480960]
[1025481728, 1025485056]
[1025485824, 1025489152]
[1025489920, 1025493248]
[1025494016, 1025497344]
[1025498112, 1025501440]
[1025502208, 1025505536]
[1025506304, 1025510144]
[1025510400, 1025514240]
[1025514496, 1025518336]
[1025518592, 1025522432]
[1025522688, 1025526528]
[1025526784, 1025530624]
[1025530880, 1025531392]
[1025531648, 1025534720]
[1025534976, 1025538816]
[1025539072, 1025542912]
[1025543168, 1025547008]
[1025547264, 1025551104]
[1025551360, 1025555200]
[1025555456, 1025559296]
[1025559552, 1025563392]
[1025563648, 1025567488]
[1025567744, 1025571584]
[1025571840, 1025575680]
[1025575936, 1025579776]
[1025580032, 1025583872]
[1025584128, 1025587968]
[1025588224, 1025592064]
[1025592320, 1025596160]
[1025596416, 1025596928]
[1025597184, 1025600256]
[1025600512, 1025604352]
[1025604608, 1025608448]
[1025608704, 1025612544]
[1025612800, 1025616640]
[1025616896, 1025620736]
[1025620992, 1025624832]
[1025625088, 1025628928]
[1025629184, 1025633024]
[1025633280, 1025637120]
[1025637376, 1025641216]
[1025641472, 1025645312]
[1025645568, 1025649408]
[1025649664, 1025653504]
[1025653760, 1025657600]
[1025657856, 1025661696]
[1025661952, 1025662464]
[1025662720, 1025665792]
[1025666048, 1025669888]
[1025670144, 1025673984]
[1025674240, 1025678080]
[1025678336, 1025682176]
[1025682432, 1025686272]
[1025686528, 1025690368]
[1025690624, 1025694464]
[1025694720, 1025698560]
[1025698816, 1025702656]
[1025702912, 1025706752]
[1025707008, 1025710848]
[1025711104, 1025714944]
[1025715200, 1025719040]
[1025719296, 1025723136]
[1025723392, 1025727232]
[1025727488, 1025728000]
[1025728256, 1025731328]
[1025731584, 1025735424]
[1025735680, 1025739520]
[1025739776, 1025743616]
[1025743872, 1025747712]
[1025747968, 1025751808]
[1025752064, 1025755904]
[1025756160, 1025760000]
[1025760256, 1025764096]
[1025764352, 1025768192]
[1025768448, 1025772288]
[1025772544, 1025776384]
[1025776640, 1025780480]
[1025780736, 1025784576]
[1025784832, 1025788672]
[1025788928, 1025792768]
[1025793024, 1025793536]
[1025793792, 1025796864]
[1025797120, 1025800960]
[1025801216, 1025805056]
[1025805312, 1025809152]
[1025809408, 1025813248]
[1025813504, 1025817344]
[1025817600, 1025821440]
[1025821696, 1025825536]
[1025825792, 1025829632]
[1025829888, 1025833728]
[1025833984, 1025837824]
[1025838080, 1025841920]
[1025842176, 1025846016]
[1025846272, 1025850112]
[1025850368, 1025854208]
[1025854464, 1025858304]
[1025858560, 1025859072]
[1025859328, 1025862400]
[1025862656, 1025866496]
[1025866752, 1025870592]
[1025870848, 1025874688]
[1025874944, 1025878784]
[1025879040, 1025882880]
[1025883136, 1025886976]
[1025887232, 1025891072]
[1025891328, 1025895168]
[1025895424, 1025899264]
[1025899520, 1025903360]
[1025903616, 1025907456]
[1025907712, 1025911552]
[1025911808, 1025915648]
[1025915904, 1025919744]
[1025920000, 1025923840]
[1025924096, 1025924608]
[1025924864, 1025927936]
[1025928192, 1025932032]
[1025932288, 1025936128]
[1025936384, 1025940224]
[1025940480, 1025944320]
[1025944576, 1025948416]
[1025948672, 1025952512]
[1025952768, 1025956608]
[1025956864, 1025960704]
[1025960960, 1025964800]
[1025965056, 1025968896]
[1025969152, 1025972992]
[1025973248, 1025977088]
[1025977344, 1025981184]
[1025981440, 1025985280]
[1025985536, 1025989376]
[1025989632, 1025990144]
[1025990400, 1025993472]
[1025993728, 1025997568]
[1025997824, 1026001664]
[1026001920, 1026005760]
[1026006016, 1026009856]
[1026010112, 1026013952]
[1026014208, 1026018048]
[1026018304, 1026022144]
[1026022400, 1026026240]
[1026026496, 1026030336]
[1026030592, 1026034432]
[1026034688, 1026038528]
[1026038784, 1026042624]
[1026042880, 1026046720]
[1026046976, 1026050816]
[1026051072, 1026054912]
[1026055168, 1026055680]
[1026055936, 1026059008]
[1026059264, 1026063104]
[1026063360, 1026067200]
[1026067456, 1026071296]
[1026071552, 1026075392]
[1026075648, 1026079488]
[1026079744, 1026083584]
[1026083840, 1026087680]
[1026087936, 1026091776]
[1026092032, 1026095872]
[1026096128, 1026099968]
[1026100224, 1026104064]
[1026104320, 1026108160]
[1026108416, 1026112256]
[1026112512, 1026116352]
[1026116608, 1026120448]
[1026120704, 1026121216]
[1026121472, 1026124544]
[1026124800, 1026128640]
[1026128896, 1026132736]
[1026132992, 1026136832]
[1026137088, 1026140928]
[1026141184, 1026145024]
[1026145280, 1026149120]
[1026149376, 1026153216]
[1026153472, 1026157312]
[1026157568, 1026161408]
[1026161664, 1026165504]
[1026165760, 1026169600]
[1026169856, 1026173696]
[1026173952, 1026177792]
[1026178048, 1026181888]
[1026182144, 1026185984]
[1026186240, 1026186752]
[1026187008, 1026190080]
[1026190336, 1026194176]
[1026194432, 1026198272]
[1026198528, 1026202368]
[1026202624, 1026206464]
[1026206720, 1026210560]
[1026210816, 1026214656]
[1026214912, 1026218752]
[1026219008, 1026222848]
[1026223104, 1026226944]
[1026227200, 1026231040]
[1026231296, 1026235136]
[1026235392, 1026239232]
[1026239488, 1026243328]
[1026243584, 1026247424]
[1026247680, 1026251520]
[1026251776, 1026252288]
[1026252544, 1026255616]
[1026255872, 1026259712]
[1026259968, 1026263808]
[1026264064, 1026267904]
[1026268160, 1026272000]
[1026272256, 1026276096]
[1026276352, 1026280192]
[1026280448, 1026284288]
[1026284544, 1026288384]
[1026288640, 1026292480]
[1026292736, 1026296576]
[1026296832, 1026300672]
[1026300928, 1026304768]
[1026305024, 1026308864]
[1026309120, 1026312960]
[1026313216, 1026317056]
[1026317312, 1026317824]
[1026318080, 1026321152]
[1026321408, 1026325248]
[1026325504, 1026329344]
[1026329600, 1026333440]
[1026333696, 1026337536]
[1026337792, 1026341632]
[1026341888, 1026345728]
[1026345984, 1026349824]
[1026350080, 1026353920]
[1026354176, 1026358016]
[1026358272, 1026362112]
[1026362368, 1026366208]
[1026366464, 1026370304]
[1026370560, 1026374400]
[1026374656, 1026378496]
[1026378752, 1026382592]
[1026382848, 1026383360]
[1026383616, 1026386688]
[1026386944, 1026390784]
[1026391040, 1026394880]
[1026395136, 1026398976]
[1026399232, 1026403072]
[1026403328, 1026407168]
[1026407424, 1026411264]
[1026411520, 1026415360]
[1026415616, 1026419456]
[1026419712, 1026423552]
[1026423808, 1026427648]
[1026427904, 1026431744]
[1026432000, 1026435840]
[1026436096, 1026439936]
[1026440192, 1026444032]
[1026444288, 1026448128]
[1026448384, 1026448896]
[1026449152, 1026452224]
[1026452480, 1026456320]
[1026456576, 1026460416]
[1026460672, 1026464512]
[1026464768, 1026468608]
[1026468864, 1026472704]
[1026472960, 1026476800]
[1026477056, 1026480896]
[1026481152, 1026484992]
[1026485248, 1026489088]
[1026489344, 1026493184]
[1026493440, 1026497280]
[1026497536, 1026501376]
[1026501632, 1026505472]
[1026505728, 1026509568]
[1026509824, 1026513664]
[1026513920, 1026514432]
[1026514688, 1026517760]
[1026518016, 1026521856]
[1026522112, 1026525952]
[1026526208, 1026530048]
[1026530304, 1026534144]
[1026534400, 1026538240]
[1026538496, 1026542336]
[1026542592, 1026546432]
[1026546688, 1026550528]
[1026550784, 1026554624]
[1026554880, 1026558720]
[1026558976, 1026562816]
[1026563072, 1026566912]
[1026567168, 1026571008]
[1026571264, 1026575104]
[1026575360, 1026579200]
[1026579456, 1026579968]
[1026580224, 1026583296]
[1026583552, 1026587392]
[1026587648, 1026591488]
[1026591744, 1026595584]
[1026595840, 1026599680]
[1026599936, 1026603776]
[1026604032, 1026607872]
[1026608128, 1026611968]
[1026612224, 1026616064]
[1026616320, 1026620160]
[1026620416, 1026624256]
[1026624512, 1026628352]
[1026628608, 1026632448]
[1026632704, 1026636544]
[1026636800, 1026640640]
[1026640896, 1026644736]
[1026644992, 1026645504]
[1026645760, 1026648832]
[1026649088, 1026652928]
[1026653184, 1026657024]
[1026657280, 1026661120]
[1026661376, 1026665216]
[1026665472, 1026669312]
[1026669568, 1026673408]
[1026673664, 1026677504]
[1026677760, 1026681600]
[1026681856, 1026685696]
[1026685952, 1026689792]
[1026690048, 1026693888]
[1026694144, 1026697984]
[1026698240, 1026702080]
[1026702336, 1026706176]
[1026706432, 1026710272]
[1026710528, 1026711040]
[1026711296, 1026714368]
[1026714624, 1026718464]
[1026718720, 1026722560]
[1026722816, 1026726656]
[1026726912, 1026730752]
[1026731008, 1026734848]
[1026735104, 1026738944]
[1026739200, 1026743040]
[1026743296, 1026747136]
[1026747392, 1026751232]
[1026751488, 1026755328]
[1026755584, 1026759424]
[1026759680, 1026763520]
[1026763776, 1026767616]
[1026767872, 1026771712]
[1026771968, 1026775808]
[1026776064, 1026776576]
[1026776832, 1026779904]
[1026780160, 1026784000]
[1026784256, 1026788096]
[1026788352, 1026792192]
[1026792448, 1026796288]
[1026796544, 1026800384]
[1026800640, 1026804480]
[1026804736, 1026808576]
[1026808832, 1026812672]
[1026812928, 1026816768]
[1026817024, 1026820864]
[1026821120, 1026824960]
[1026825216, 1026829056]
[1026829312, 1026833152]
[1026833408, 1026837248]
[1026837504, 1026841344]
[1026841600, 1026842112]
[1026842368, 1026845440]
[1026845696, 1026849536]
[1026849792, 1026853632]
[1026853888, 1026857728]
[1026857984, 1026861824]
[1026862080, 1026865920]
[1026866176, 1026870016]
[1026870272, 1026874112]
[1026874368, 1026878208]
[1026878464, 1026882304]
[1026882560, 1026886400]
[1026886656, 1026890496]
[1026890752, 1026894592]
[1026894848, 1026898688]
[1026898944, 1026902784]
[1026903040, 1026906880]
[1026907136, 1026907648]
[1026907904, 1026910976]
[1026911232, 1026915072]
[1026915328, 1026919168]
[1026919424, 1026923264]
[1026923520, 1026927360]
[1026927616, 1026931456]
[1026931712, 1026935552]
[1026935808, 1026939648]
[1026939904, 1026943744]
[1026944000, 1026947840]
[1026948096, 1026951936]
[1026952192, 1026956032]
[1026956288, 1026960128]
[1026960384, 1026964224]
[1026964480, 1026968320]
[1026968576, 1026972416]
[1026972672, 1026973184]
[1026973440, 1026976512]
[1026976768, 1026980608]
[1026980864, 1026984704]
[1026984960, 1026988800]
[1026989056, 1026992896]
[1026993152, 1026996992]
[1026997248, 1027001088]
[1027001344, 1027005184]
[1027005440, 1027009280]
[1027009536, 1027013376]
[1027013632, 1027017472]
[1027017728, 1027021568]
[1027021824, 1027025664]
[1027025920, 1027029760]
[1027030016, 1027033856]
[1027034112, 1027037952]
[1027038208, 1027038720]
[1027038976, 1027042048]
[1027042304, 1027046144]
[1027046400, 1027050240]
[1027050496, 1027054336]
[1027054592, 1027058432]
[1027058688, 1027062528]
[1027062784, 1027066624]
[1027066880, 1027070720]
[1027070976, 1027074816]
[1027075072, 1027078912]
[1027079168, 1027083008]
[1027083264, 1027087104]
[1027087360, 1027091200]
[1027091456, 1027095296]
[1027095552, 1027099392]
[1027099648, 1027103488]
[1027103744, 1027104256]
[1027104512, 1027107584]
[1027107840, 1027111680]
[1027111936, 1027115776]
[1027116032, 1027119872]
[1027120128, 1027123968]
[1027124224, 1027128064]
[1027128320, 1027132160]
[1027132416, 1027136256]
[1027136512, 1027140352]
[1027140608, 1027144448]
[1027144704, 1027148544]
[1027148800, 1027152640]
[1027152896, 1027156736]
[1027156992, 1027160832]
[1027161088, 1027164928]
[1027165184, 1027169024]
[1027169280, 1027169792]
[1027170048, 1027173120]
[1027173376, 1027177216]
[1027177472, 1027181312]
[1027181568, 1027185408]
[1027185664, 1027189504]
[1027189760, 1027193600]
[1027193856, 1027197696]
[1027197952, 1027201792]
[1027202048, 1027205888]
[1027206144, 1027209984]
[1027210240, 1027214080]
[1027214336, 1027218176]
[1027218432, 1027222272]
[1027222528, 1027226368]
[1027226624, 1027230464]
[1027230720, 1027234560]
[1027234816, 1027235328]
[1027235584, 1027238656]
[1027238912, 1027242752]
[1027243008, 1027246848]
[1027247104, 1027250944]
[1027251200, 1027255040]
[1027255296, 1027259136]
[1027259392, 1027263232]
[1027263488, 1027267328]
[1027267584, 1027271424]
[1027271680, 1027275520]
[1027275776, 1027279616]
[1027279872, 1027283712]
[1027283968, 1027287808]
[1027288064, 1027291904]
[1027292160, 1027296000]
[1027296256, 1027300096]
[1027300352, 1027300864]
[1027301120, 1027304192]
[1027304448, 1027308288]
[1027308544, 1027312384]
[1027312640, 1027316480]
[1027316736, 1027320576]
[1027320832, 1027324672]
[1027324928, 1027328768]
[1027329024, 1027332864]
[1027333120, 1027336960]
[1027337216, 1027341056]
[1027341312, 1027345152]
[1027345408, 1027349248]
[1027349504, 1027353344]
[1027353600, 1027357440]
[1027357696, 1027361536]
[1027361792, 1027365632]
[1027365888, 1027366400]
[1027366656, 1027369728]
[1027369984, 1027373824]
[1027374080, 1027377920]
[1027378176, 1027382016]
[1027382272, 1027386112]
[1027386368, 1027390208]
[1027390464, 1027394304]
[1027394560, 1027398400]
[1027398656, 1027402496]
[1027402752, 1027406592]
[1027406848, 1027410688]
[1027410944, 1027414784]
[1027415040, 1027418880]
[1027419136, 1027422976]
[1027423232, 1027427072]
[1027427328, 1027431168]
[1027431424, 1027431936]
[1027432192, 1027435264]
[1027435520, 1027439360]
[1027439616, 1027443456]
[1027443712, 1027447552]
[1027447808, 1027451648]
[1027451904, 1027455744]
[1027456000, 1027459840]
[1027460096, 1027463936]
[1027464192, 1027468032]
[1027468288, 1027472128]
[1027472384, 1027476224]
[1027476480, 1027480320]
[1027480576, 1027484416]
[1027484672, 1027488512]
[1027488768, 1027492608]
[1027492864, 1027496704]
[1027496960, 1027497472]
[1027497728, 1027500800]
[1027501056, 1027504896]
[1027505152, 1027508992]
[1027509248, 1027513088]
[1027513344, 1027517184]
[1027517440, 1027521280]
[1027521536, 1027525376]
[1027525632, 1027529472]
[1027529728, 1027533568]
[1027533824, 1027537664]
[1027537920, 1027541760]
[1027542016, 1027545856]
[1027546112, 1027549952]
[1027550208, 1027554048]
[1027554304, 1027558144]
[1027558400, 1027562240]
[1027562496, 1027563008]
[1027563264, 1027566336]
[1027566592, 1027570432]
[1027570688, 1027574528]
[1027574784, 1027578624]
[1027578880, 1027582720]
[1027582976, 1027586816]
[1027587072, 1027590912]
[1027591168, 1027595008]
[1027595264, 1027599104]
[1027599360, 1027603200]
[1027603456, 1027606784]
[1027607552, 1027610880]
[1027611648, 1027614976]
[1027615744, 1027619072]
[1027619840, 1027623168]
[1027623936, 1027627264]
[1027628032, 1027631360]
[1027632128, 1027635456]
[1027636224, 1027639552]
[1027640320, 1027643648]
[1027644416, 1027647744]
[1027648512, 1027651840]
[1027652608, 1027655936]
[1027656704, 1027660032]
[1027660800, 1027664128]
[1027664896, 1027668224]
[1027668992, 1027672320]
[1027673088, 1027676416]
[1027677184, 1027680512]
[1027681280, 1027684608]
[1027685376, 1027688704]
[1027689472, 1027692800]
[1027693568, 1027696896]
[1027697664, 1027700992]
[1027701760, 1027705088]
[1027705856, 1027709184]
[1027709952, 1027713280]
[1027714048, 1027717376]
[1027718144, 1027721472]
[1027722240, 1027725568]
[1027726336, 1027729664]
[1027730432, 1027733760]
[1027734528, 1027737856]
[1027738624, 1027741952]
[1027742720, 1027746048]
[1027746816, 1027750144]
[1027750912, 1027754240]
[1027755008, 1027758336]
[1027759104, 1027762432]
[1027763200, 1027766528]
[1027767296, 1027770624]
[1027771392, 1027774720]
[1027775488, 1027778816]
[1027779584, 1027782912]
[1027783680, 1027787008]
[1027787776, 1027791104]
[1027791872, 1027795200]
[1027795968, 1027799296]
[1027800064, 1027803392]
[1027804160, 1027807488]
[1027808256, 1027811584]
[1027812352, 1027815680]
[1027816448, 1027819776]
[1027820544, 1027823872]
[1027824640, 1027827968]
[1027828736, 1027832064]
[1027832832, 1027836160]
[1027836928, 1027840256]
[1027841024, 1027844352]
[1027845120, 1027848448]
[1027849216, 1027852544]
[1027853312, 1027856640]
[1027857408, 1027860736]
[1027861504, 1027864832]
[1027865600, 1027868928]
[1027869696, 1027873024]
[1027873792, 1027877120]
[1027877888, 1027881216]
[1027881984, 1027885312]
[1027886080, 1027889408]
[1027890176, 1027893504]
[1027894272, 1027897600]
[1027898368, 1027901696]
[1027902464, 1027905792]
[1027906560, 1027909888]
[1027910656, 1027913984]
[1027914752, 1027918080]
[1027918848, 1027922176]
[1027922944, 1027926272]
[1027927040, 1027930368]
[1027931136, 1027934464]
[1027935232, 1027938560]
[1027939328, 1027942656]
[1027943424, 1027946752]
[1027947520, 1027950848]
[1027951616, 1027954944]
[1027955712, 1027959040]
[1027959808, 1027963136]
[1027963904, 1027967232]
[1027968000, 1027971328]
[1027972096, 1027975424]
[1027976192, 1027979520]
[1027980288, 1027983616]
[1027984384, 1027987712]
[1027988480, 1027991808]
[1027992576, 1027995904]
[1027996672, 1028000000]
[1028000768, 1028004096]
[1028004864, 1028008192]
[1028008960, 1028012288]
[1028013056, 1028016384]
[1028017152, 1028020480]
[1028021248, 1028024576]
[1028025344, 1028028672]
[1028029440, 1028032768]
[1028033536, 1028036864]
[1028037632, 1028040960]
[1028041728, 1028045056]
[1028045824, 1028049152]
[1028049920, 1028053248]
[1028054016, 1028057344]
[1028058112, 1028061440]
[1028062208, 1028065536]
[1028066304, 1028069632]
[1028070400, 1028073728]
[1028074496, 1028077824]
[1028078592, 1028081920]
[1028082688, 1028086016]
[1028086784, 1028090112]
[1028090880, 1028094208]
[1028094976, 1028098304]
[1028099072, 1028102400]
[1028103168, 1028106496]
[1028107264, 1028110592]
[1028111360, 1028114688]
[1028115456, 1028118784]
[1028119552, 1028122880]
[1028123648, 1028126976]
[1028127744, 1028131072]
[1028131840, 1028135168]
[1028135936, 1028139264]
[1028140032, 1028143360]
[1028144128, 1028147456]
[1028148224, 1028151552]
[1028152320, 1028155648]
[1028156416, 1028159744]
[1028160512, 1028163840]
[1028164608, 1028167936]
[1028168704, 1028172032]
[1028172800, 1028176128]
[1028176896, 1028180224]
[1028180992, 1028184320]
[1028185088, 1028188416]
[1028189184, 1028192512]
[1028193280, 1028196608]
[1028197376, 1028200704]
[1028201472, 1028204800]
[1028205568, 1028208896]
[1028209664, 1028212992]
[1028213760, 1028217088]
[1028217856, 1028221184]
[1028221952, 1028225280]
[1028226048, 1028229376]
[1028230144, 1028233472]
[1028234240, 1028237568]
[1028238336, 1028241664]
[1028242432, 1028245760]
[1028246528, 1028249856]
[1028250624, 1028253952]
[1028254720, 1028258048]
[1028258816, 1028262144]
[1028262912, 1028266240]
[1028267008, 1028270336]
[1028271104, 1028274432]
[1028275200, 1028278528]
[1028279296, 1028282624]
[1028283392, 1028286720]
[1028287488, 1028290816]
[1028291584, 1028294912]
[1028295680, 1028299008]
[1028299776, 1028303104]
[1028303872, 1028307200]
[1028307968, 1028311296]
[1028312064, 1028315392]
[1028316160, 1028319488]
[1028320256, 1028323584]
[1028324352, 1028327680]
[1028328448, 1028331776]
[1028332544, 1028335872]
[1028336640, 1028339968]
[1028340736, 1028344064]
[1028344832, 1028348160]
[1028348928, 1028352256]
[1028353024, 1028356352]
[1028357120, 1028360448]
[1028361216, 1028364544]
[1028365312, 1028368640]
[1028369408, 1028372736]
[1028373504, 1028376832]
[1028377600, 1028380928]
[1028381696, 1028385024]
[1028385792, 1028389120]
[1028389888, 1028393216]
[1028393984, 1028397312]
[1028398080, 1028401408]
[1028402176, 1028405504]
[1028406272, 1028409600]
[1028410368, 1028413696]
[1028414464, 1028417792]
[1028418560, 1028421888]
[1028422656, 1028425984]
[1028426752, 1028430080]
[1028430848, 1028434176]
[1028434944, 1028438272]
[1028439040, 1028442368]
[1028443136, 1028446464]
[1028447232, 1028450560]
[1028451328, 1028454656]
[1028455424, 1028458752]
[1028459520, 1028462848]
[1028463616, 1028466944]
[1028467712, 1028471040]
[1028471808, 1028475136]
[1028475904, 1028479232]
[1028480000, 1028483328]
[1028484096, 1028487424]
[1028488192, 1028491520]
[1028492288, 1028495616]
[1028496384, 1028499712]
[1028500480, 1028503808]
[1028504576, 1028507904]
[1028508672, 1028512000]
[1028512768, 1028516096]
[1028516864, 1028520192]
[1028520960, 1028524288]
[1028525056, 1028528384]
[1028529152, 1028532480]
[1028533248, 1028536576]
[1028537344, 1028540672]
[1028541440, 1028544768]
[1028545536, 1028548864]
[1028549632, 1028552960]
[1028553728, 1028557056]
[1028557824, 1028561152]
[1028561920, 1028565248]
[1028566016, 1028569344]
[1028570112, 1028573440]
[1028574208, 1028577536]
[1028578304, 1028581632]
[1028582400, 1028585728]
[1028586496, 1028589824]
[1028590592, 1028593920]
[1028594688, 1028598016]
[1028598784, 1028602112]
[1028602880, 1028606208]
[1028606976, 1028610304]
[1028611072, 1028614400]
[1028615168, 1028618496]
[1028619264, 1028622592]
[1028623360, 1028626688]
[1028627456, 1028630784]
[1028631552, 1028634880]
[1028635648, 1028638976]
[1028639744, 1028643072]
[1028643840, 1028647168]
[1028647936, 1028651264]
[1028652032, 1028655360]
[1028656128, 1028659456]
[1028660224, 1028663552]
[1028664320, 1028667648]
[1028668416, 1028671744]
[1028672512, 1028675840]
[1028676608, 1028679936]
[1028680704, 1028684032]
[1028684800, 1028688128]
[1028688896, 1028692224]
[1028692992, 1028696320]
[1028697088, 1028700416]
[1028701184, 1028704512]
[1028705280, 1028708608]
[1028709376, 1028712704]
[1028713472, 1028716800]
[1028717568, 1028720896]
[1028721664, 1028724992]
[1028725760, 1028729088]
[1028729856, 1028733184]
[1028733952, 1028737280]
[1028738048, 1028741376]
[1028742144, 1028745472]
[1028746240, 1028749568]
[1028750336, 1028753664]
[1028754432, 1028757760]
[1028758528, 1028761856]
[1028762624, 1028765952]
[1028766720, 1028770048]
[1028770816, 1028774144]
[1028774912, 1028778240]
[1028779008, 1028782336]
[1028783104, 1028786432]
[1028787200, 1028790528]
[1028791296, 1028794624]
[1028795392, 1028798720]
[1028799488, 1028802816]
[1028803584, 1028806912]
[1028807680, 1028811008]
[1028811776, 1028815104]
[1028815872, 1028819200]
[1028819968, 1028823296]
[1028824064, 1028827392]
[1028828160, 1028831488]
[1028832256, 1028835584]
[1028836352, 1028839680]
[1028840448, 1028843776]
[1028844544, 1028847872]
[1028848640, 1028851968]
[1028852736, 1028856064]
[1028856832, 1028860160]
[1028860928, 1028864256]
[1028865024, 1028868352]
[1028869120, 1028872448]
[1028873216, 1028876544]
[1028877312, 1028880640]
[1028881408, 1028884736]
[1028885504, 1028888832]
[1028889600, 1028892928]
[1028893696, 1028897024]
[1028897792, 1028901120]
[1028901888, 1028905216]
[1028905984, 1028909312]
[1028910080, 1028913408]
[1028914176, 1028917504]
[1028918272, 1028921600]
[1028922368, 1028925696]
[1028926464, 1028929792]
[1028930560, 1028933888]
[1028934656, 1028937984]
[1028938752, 1028942080]
[1028942848, 1028946176]
[1028946944, 1028950272]
[1028951040, 1028954368]
[1028955136, 1028958464]
[1028959232, 1028962560]
[1028963328, 1028966656]
[1028967424, 1028970752]
[1028971520, 1028974848]
[1028975616, 1028978944]
[1028979712, 1028983040]
[1028983808, 1028987136]
[1028987904, 1028991232]
[1028992000, 1028995328]
[1028996096, 1028999424]
[1029000192, 1029003520]
[1029004288, 1029007616]
[1029008384, 1029011712]
[1029012480, 1029015808]
[1029016576, 1029019904]
[1029020672, 1029024000]
[1029024768, 1029028096]
[1029028864, 1029032192]
[1029032960, 1029036288]
[1029037056, 1029040384]
[1029041152, 1029044480]
[1029045248, 1029048576]
[1029049344, 1029052672]
[1029053440, 1029056768]
[1029057536, 1029060864]
[1029061632, 1029064960]
[1029065728, 1029069056]
[1029069824, 1029073152]
[1029073920, 1029077248]
[1029078016, 1029081344]
[1029082112, 1029085440]
[1029086208, 1029089536]
[1029090304, 1029093632]
[1029094400, 1029097728]
[1029098496, 1029101824]
[1029102592, 1029105920]
[1029106688, 1029110016]
[1029110784, 1029114112]
[1029114880, 1029118208]
[1029118976, 1029122304]
[1029123072, 1029126400]
[1029127168, 1029130496]
[1029131264, 1029134592]
[1029135360, 1029138688]
[1029139456, 1029142784]
[1029143552, 1029146880]
[1029147648, 1029150976]
[1029151744, 1029155072]
[1029155840, 1029159168]
[1029159936, 1029163264]
[1029164032, 1029167360]
[1029168128, 1029171456]
[1029172224, 1029175552]
[1029176320, 1029179648]
[1029180416, 1029183744]
[1029184512, 1029187840]
[1029188608, 1029191936]
[1029192704, 1029196032]
[1029196800, 1029200128]
[1029200896, 1029204224]
[1029204992, 1029208320]
[1029209088, 1029212416]
[1029213184, 1029216512]
[1029217280, 1029220608]
[1029221376, 1029224704]
[1029225472, 1029228800]
[1029229568, 1029232896]
[1029233664, 1029236992]
[1029237760, 1029241088]
[1029241856, 1029245184]
[1029245952, 1029249280]
[1029250048, 1029253376]
[1029254144, 1029257472]
[1029258240, 1029261568]
[1029262336, 1029265664]
[1029266432, 1029269760]
[1029270528, 1029273856]
[1029274624, 1029277952]
[1029278720, 1029282048]
[1029282816, 1029286144]
[1029286912, 1029290240]
[1029291008, 1029294336]
[1029295104, 1029298432]
[1029299200, 1029302528]
[1029303296, 1029306624]
[1029307392, 1029310720]
[1029311488, 1029314816]
[1029315584, 1029318912]
[1029319680, 1029323008]
[1029323776, 1029327104]
[1029327872, 1029331200]
[1029331968, 1029335296]
[1029336064, 1029339392]
[1029340160, 1029343488]
[1029344256, 1029347584]
[1029348352, 1029351680]
[1029352448, 1029355776]
[1029356544, 1029359872]
[1029360640, 1029363968]
[1029364736, 1029368064]
[1029368832, 1029372160]
[1029372928, 1029376256]
[1029377024, 1029380352]
[1029381120, 1029384448]
[1029385216, 1029388544]
[1029389312, 1029392640]
[1029393408, 1029396736]
[1029397504, 1029400832]
[1029401600, 1029404928]
[1029405696, 1029409024]
[1029409792, 1029413120]
[1029413888, 1029417216]
[1029417984, 1029421312]
[1029422080, 1029425408]
[1029426176, 1029429504]
[1029430272, 1029433600]
[1029434368, 1029437696]
[1029438464, 1029441792]
[1029442560, 1029445888]
[1029446656, 1029449984]
[1029450752, 1029454080]
[1029454848, 1029458176]
[1029458944, 1029462272]
[1029463040, 1029466368]
[1029467136, 1029470464]
[1029471232, 1029474560]
[1029475328, 1029478656]
[1029479424, 1029482752]
[1029483520, 1029486848]
[1029487616, 1029490944]
[1029491712, 1029495040]
[1029495808, 1029499136]
[1029499904, 1029503232]
[1029504000, 1029507328]
[1029508096, 1029511424]
[1029512192, 1029515520]
[1029516288, 1029519616]
[1029520384, 1029523712]
[1029524480, 1029527808]
[1029528576, 1029531904]
[1029532672, 1029536000]
[1029536768, 1029540096]
[1029540864, 1029544192]
[1029544960, 1029548288]
[1029549056, 1029552384]
[1029553152, 1029556480]
[1029557248, 1029560576]
[1029561344, 1029564672]
[1029565440, 1029568768]
[1029569536, 1029572864]
[1029573632, 1029576960]
[1029577728, 1029581056]
[1029581824, 1029585152]
[1029585920, 1029589248]
[1029590016, 1029593344]
[1029594112, 1029597440]
[1029598208, 1029601536]
[1029602304, 1029605632]
[1029606400, 1029609728]
[1029610496, 1029613824]
[1029614592, 1029617920]
[1029618688, 1029622016]
[1029622784, 1029626112]
[1029626880, 1029630208]
[1029630976, 1029634304]
[1029635072, 1029638400]
[1029639168, 1029642496]
[1029643264, 1029646592]
[1029647360, 1029650688]
[1029651456, 1029654784]
[1029655552, 1029658880]
[1029659648, 1029662976]
[1029663744, 1029667072]
[1029667840, 1029671168]
[1029671936, 1029675264]
[1029676032, 1029679360]
[1029680128, 1029683456]
[1029684224, 1029687552]
[1029688320, 1029691648]
[1029692416, 1029695744]
[1029696512, 1029699840]
[1029700608, 1029704448]
[1029704704, 1029708544]
[1029708800, 1029712640]
[1029712896, 1029716736]
[1029716992, 1029720832]
[1029721088, 1029724928]
[1029725184, 1029729024]
[1029729280, 1029733120]
[1029733376, 1029737216]
[1029737472, 1029741312]
[1029741568, 1029745408]
[1029745664, 1029749504]
[1029749760, 1029753600]
[1029753856, 1029757696]
[1029757952, 1029761792]
[1029762048, 1029765888]
[1029766144, 1029769984]
[1029770240, 1029774080]
[1029774336, 1029778176]
[1029778432, 1029782272]
[1029782528, 1029786368]
[1029786624, 1029790464]
[1029790720, 1029794560]
[1029794816, 1029798656]
[1029798912, 1029802752]
[1029803008, 1029806848]
[1029807104, 1029810944]
[1029811200, 1029815040]
[1029815296, 1029819136]
[1029819392, 1029823232]
[1029823488, 1029827328]
[1029827584, 1029831424]
[1029831680, 1029835520]
[1029835776, 1029839616]
[1029839872, 1029843712]
[1029843968, 1029847808]
[1029848064, 1029851904]
[1029852160, 1029856000]
[1029856256, 1029860096]
[1029860352, 1029864192]
[1029864448, 1029868288]
[1029868544, 1029872384]
[1029872640, 1029876480]
[1029876736, 1029880576]
[1029880832, 1029884672]
[1029884928, 1029888768]
[1029889024, 1029892864]
[1029893120, 1029896960]
[1029897216, 1029901056]
[1029901312, 1029905152]
[1029905408, 1029909248]
[1029909504, 1029913344]
[1029913600, 1029917440]
[1029917696, 1029921536]
[1029921792, 1029925632]
[1029925888, 1029929728]
[1029929984, 1029933824]
[1029934080, 1029937920]
[1029938176, 1029942016]
[1029942272, 1029946112]
[1029946368, 1029950208]
[1029950464, 1029954304]
[1029954560, 1029958400]
[1029958656, 1029962496]
[1029962752, 1029966592]
[1029966848, 1029970688]
[1029970944, 1029974784]
[1029975040, 1029978880]
[1029979136, 1029982976]
[1029983232, 1029987072]
[1029987328, 1029991168]
[1029991424, 1029995264]
[1029995520, 1029999360]
[1029999616, 1030003456]
[1030003712, 1030007552]
[1030007808, 1030011648]
[1030011904, 1030015744]
[1030016000, 1030019840]
[1030020096, 1030023936]
[1030024192, 1030028032]
[1030028288, 1030032128]
[1030032384, 1030036224]
[1030036480, 1030040320]
[1030040576, 1030044416]
[1030044672, 1030048512]
[1030048768, 1030052608]
[1030052864, 1030056704]
[1030056960, 1030060800]
[1030061056, 1030064896]
[1030065152, 1030068992]
[1030069248, 1030073088]
[1030073344, 1030077184]
[1030077440, 1030081280]
[1030081536, 1030085376]
[1030085632, 1030089472]
[1030089728, 1030093568]
[1030093824, 1030097664]
[1030097920, 1030101760]
[1030102016, 1030105856]
[1030106112, 1030109952]
[1030110208, 1030114048]
[1030114304, 1030118144]
[1030118400, 1030122240]
[1030122496, 1030126336]
[1030126592, 1030130432]
[1030130688, 1030134528]
[1030134784, 1030138624]
[1030138880, 1030142720]
[1030142976, 1030146816]
[1030147072, 1030150912]
[1030151168, 1030155008]
[1030155264, 1030159104]
[1030159360, 1030163200]
[1030163456, 1030167296]
[1030167552, 1030171392]
[1030171648, 1030175488]
[1030175744, 1030179584]
[1030179840, 1030183680]
[1030183936, 1030187776]
[1030188032, 1030191872]
[1030192128, 1030195968]
[1030196224, 1030200064]
[1030200320, 1030204160]
[1030204416, 1030208256]
[1030208512, 1030212352]
[1030212608, 1030216448]
[1030216704, 1030220544]
[1030220800, 1030224640]
[1030224896, 1030228736]
[1030228992, 1030232832]
[1030233088, 1030236928]
[1030237184, 1030241024]
[1030241280, 1030245120]
[1030245376, 1030249216]
[1030249472, 1030253312]
[1030253568, 1030257408]
[1030257664, 1030261504]
[1030261760, 1030265600]
[1030265856, 1030269696]
[1030269952, 1030273792]
[1030274048, 1030277888]
[1030278144, 1030281984]
[1030282240, 1030286080]
[1030286336, 1030290176]
[1030290432, 1030294272]
[1030294528, 1030298368]
[1030298624, 1030302464]
[1030302720, 1030306560]
[1030306816, 1030310656]
[1030310912, 1030314752]
[1030315008, 1030318848]
[1030319104, 1030322944]
[1030323200, 1030327040]
[1030327296, 1030331136]
[1030331392, 1030335232]
[1030335488, 1030339328]
[1030339584, 1030343424]
[1030343680, 1030347520]
[1030347776, 1030351616]
[1030351872, 1030355712]
[1030355968, 1030359808]
[1030360064, 1030363904]
[1030364160, 1030368000]
[1030368256, 1030372096]
[1030372352, 1030376192]
[1030376448, 1030380288]
[1030380544, 1030384384]
[1030384640, 1030388480]
[1030388736, 1030392576]
[1030392832, 1030396672]
[1030396928, 1030400768]
[1030401024, 1030404864]
[1030405120, 1030408960]
[1030409216, 1030413056]
[1030413312, 1030417152]
[1030417408, 1030421248]
[1030421504, 1030425344]
[1030425600, 1030429440]
[1030429696, 1030433536]
[1030433792, 1030437632]
[1030437888, 1030441728]
[1030441984, 1030445824]
[1030446080, 1030449920]
[1030450176, 1030454016]
[1030454272, 1030458112]
[1030458368, 1030462208]
[1030462464, 1030466304]
[1030466560, 1030470400]
[1030470656, 1030474496]
[1030474752, 1030478592]
[1030478848, 1030482688]
[1030482944, 1030486784]
[1030487040, 1030490880]
[1030491136, 1030494976]
[1030495232, 1030499072]
[1030499328, 1030503168]
[1030503424, 1030507264]
[1030507520, 1030511360]
[1030511616, 1030515456]
[1030515712, 1030519552]
[1030519808, 1030523648]
[1030523904, 1030527744]
[1030528000, 1030531840]
[1030532096, 1030535936]
[1030536192, 1030540032]
[1030540288, 1030544128]
[1030544384, 1030548224]
[1030548480, 1030552320]
[1030552576, 1030556416]
[1030556672, 1030560512]
[1030560768, 1030564608]
[1030564864, 1030568704]
[1030568960, 1030572800]
[1030573056, 1030576896]
[1030577152, 1030580992]
[1030581248, 1030585088]
[1030585344, 1030589184]
[1030589440, 1030593280]
[1030593536, 1030597376]
[1030597632, 1030601472]
[1030601728, 1030605568]
[1030605824, 1030609664]
[1030609920, 1030613760]
[1030614016, 1030617856]
[1030618112, 1030621952]
[1030622208, 1030626048]
[1030626304, 1030630144]
[1030630400, 1030634240]
[1030634496, 1030638336]
[1030638592, 1030642432]
[1030642688, 1030646528]
[1030646784, 1030650624]
[1030650880, 1030654720]
[1030654976, 1030658816]
[1030659072, 1030662912]
[1030663168, 1030667008]
[1030667264, 1030671104]
[1030671360, 1030675200]
[1030675456, 1030679296]
[1030679552, 1030683392]
[1030683648, 1030687488]
[1030687744, 1030691584]
[1030691840, 1030695680]
[1030695936, 1030699776]
[1030700032, 1030703872]
[1030704128, 1030707968]
[1030708224, 1030712064]
[1030712320, 1030716160]
[1030716416, 1030720256]
[1030720512, 1030724352]
[1030724608, 1030728448]
[1030728704, 1030732544]
[1030732800, 1030736640]
[1030736896, 1030740736]
[1030740992, 1030744832]
[1030745088, 1030748928]
[1030749184, 1030753024]
[1030753280, 1030757120]
[1030757376, 1030761216]
[1030761472, 1030765312]
[1030765568, 1030769408]
[1030769664, 1030773504]
[1030773760, 1030777600]
[1030777856, 1030781696]
[1030781952, 1030785792]
[1030786048, 1030789888]
[1030790144, 1030793984]
[1030794240, 1030798080]
[1030798336, 1030802176]
[1030802432, 1030806272]
[1030806528, 1030810368]
[1030810624, 1030814464]
[1030814720, 1030818560]
[1030818816, 1030822656]
[1030822912, 1030826752]
[1030827008, 1030830848]
[1030831104, 1030834944]
[1030835200, 1030839040]
[1030839296, 1030843136]
[1030843392, 1030847232]
[1030847488, 1030851328]
[1030851584, 1030855424]
[1030855680, 1030859520]
[1030859776, 1030863616]
[1030863872, 1030867712]
[1030867968, 1030871808]
[1030872064, 1030875904]
[1030876160, 1030880000]
[1030880256, 1030884096]
[1030884352, 1030888192]
[1030888448, 1030892288]
[1030892544, 1030896384]
[1030896640, 1030900480]
[1030900736, 1030904576]
[1030904832, 1030908672]
[1030908928, 1030912768]
[1030913024, 1030916864]
[1030917120, 1030920960]
[1030921216, 1030925056]
[1030925312, 1030929152]
[1030929408, 1030933248]
[1030933504, 1030937344]
[1030937600, 1030941440]
[1030941696, 1030945536]
[1030945792, 1030949632]
[1030949888, 1030953728]
[1030953984, 1030957824]
[1030958080, 1030961920]
[1030962176, 1030966016]
[1030966272, 1030970112]
[1030970368, 1030974208]
[1030974464, 1030978304]
[1030978560, 1030982400]
[1030982656, 1030986496]
[1030986752, 1030990592]
[1030990848, 1030994688]
[1030994944, 1030998784]
[1030999040, 1031002880]
[1031003136, 1031006976]
[1031007232, 1031011072]
[1031011328, 1031015168]
[1031015424, 1031019264]
[1031019520, 1031023360]
[1031023616, 1031027456]
[1031027712, 1031031552]
[1031031808, 1031035648]
[1031035904, 1031039744]
[1031040000, 1031043840]
[1031044096, 1031047936]
[1031048192, 1031052032]
[1031052288, 1031056128]
[1031056384, 1031060224]
[1031060480, 1031064320]
[1031064576, 1031068416]
[1031068672, 1031072512]
[1031072768, 1031076608]
[1031076864, 1031080704]
[1031080960, 1031084800]
[1031085056, 1031088896]
[1031089152, 1031092992]
[1031093248, 1031097088]
[1031097344, 1031101184]
[1031101440, 1031105280]
[1031105536, 1031109376]
[1031109632, 1031113472]
[1031113728, 1031117568]
[1031117824, 1031121664]
[1031121920, 1031125760]
[1031126016, 1031129856]
[1031130112, 1031133952]
[1031134208, 1031138048]
[1031138304, 1031142144]
[1031142400, 1031146240]
[1031146496, 1031150336]
[1031150592, 1031154432]
[1031154688, 1031158528]
[1031158784, 1031162624]
[1031162880, 1031166720]
[1031166976, 1031170816]
[1031171072, 1031174912]
[1031175168, 1031179008]
[1031179264, 1031183104]
[1031183360, 1031187200]
[1031187456, 1031191296]
[1031191552, 1031195392]
[1031195648, 1031199488]
[1031199744, 1031203584]
[1031203840, 1031207680]
[1031207936, 1031211776]
[1031212032, 1031215872]
[1031216128, 1031219968]
[1031220224, 1031224064]
[1031224320, 1031228160]
[1031228416, 1031232256]
[1031232512, 1031236352]
[1031236608, 1031240448]
[1031240704, 1031244544]
[1031244800, 1031248640]
[1031248896, 1031252736]
[1031252992, 1031256832]
[1031257088, 1031260928]
[1031261184, 1031265024]
[1031265280, 1031269120]
[1031269376, 1031273216]
[1031273472, 1031277312]
[1031277568, 1031281408]
[1031281664, 1031285504]
[1031285760, 1031289600]
[1031289856, 1031293696]
[1031293952, 1031297792]
[1031298048, 1031301888]
[1031302144, 1031305984]
[1031306240, 1031310080]
[1031310336, 1031314176]
[1031314432, 1031318272]
[1031318528, 1031322368]
[1031322624, 1031326464]
[1031326720, 1031330560]
[1031330816, 1031334656]
[1031334912, 1031338752]
[1031339008, 1031342848]
[1031343104, 1031346944]
[1031347200, 1031351040]
[1031351296, 1031355136]
[1031355392, 1031359232]
[1031359488, 1031363328]
[1031363584, 1031367424]
[1031367680, 1031371520]
[1031371776, 1031375616]
[1031375872, 1031379712]
[1031379968, 1031383808]
[1031384064, 1031387904]
[1031388160, 1031392000]
[1031392256, 1031396096]
[1031396352, 1031400192]
[1031400448, 1031404288]
[1031404544, 1031408384]
[1031408640, 1031412480]
[1031412736, 1031416576]
[1031416832, 1031420672]
[1031420928, 1031424768]
[1031425024, 1031428864]
[1031429120, 1031432960]
[1031433216, 1031437056]
[1031437312, 1031441152]
[1031441408, 1031445248]
[1031445504, 1031449344]
[1031449600, 1031453440]
[1031453696, 1031457536]
[1031457792, 1031461632]
[1031461888, 1031465728]
[1031465984, 1031469824]
[1031470080, 1031473920]
[1031474176, 1031478016]
[1031478272, 1031482112]
[1031482368, 1031486208]
[1031486464, 1031490304]
[1031490560, 1031494400]
[1031494656, 1031498496]
[1031498752, 1031502592]
[1031502848, 1031506688]
[1031506944, 1031510784]
[1031511040, 1031514880]
[1031515136, 1031518976]
[1031519232, 1031523072]
[1031523328, 1031527168]
[1031527424, 1031531264]
[1031531520, 1031535360]
[1031535616, 1031539456]
[1031539712, 1031543552]
[1031543808, 1031547648]
[1031547904, 1031551744]
[1031552000, 1031555840]
[1031556096, 1031559936]
[1031560192, 1031564032]
[1031564288, 1031568128]
[1031568384, 1031572224]
[1031572480, 1031576320]
[1031576576, 1031580416]
[1031580672, 1031584512]
[1031584768, 1031588608]
[1031588864, 1031592704]
[1031592960, 1031596800]
[1031597056, 1031600896]
[1031601152, 1031604992]
[1031605248, 1031609088]
[1031609344, 1031613184]
[1031613440, 1031617280]
[1031617536, 1031621376]
[1031621632, 1031625472]
[1031625728, 1031629568]
[1031629824, 1031633664]
[1031633920, 1031637760]
[1031638016, 1031641856]
[1031642112, 1031645952]
[1031646208, 1031650048]
[1031650304, 1031654144]
[1031654400, 1031658240]
[1031658496, 1031662336]
[1031662592, 1031666432]
[1031666688, 1031670528]
[1031670784, 1031674624]
[1031674880, 1031678720]
[1031678976, 1031682816]
[1031683072, 1031686912]
[1031687168, 1031691008]
[1031691264, 1031695104]
[1031695360, 1031699200]
[1031699456, 1031703296]
[1031703552, 1031707392]
[1031707648, 1031711488]
[1031711744, 1031715584]
[1031715840, 1031719680]
[1031719936, 1031723776]
[1031724032, 1031727872]
[1031728128, 1031731968]
[1031732224, 1031736064]
[1031736320, 1031740160]
[1031740416, 1031744256]
[1031744512, 1031748352]
[1031748608, 1031752448]
[1031752704, 1031756544]
[1031756800, 1031760640]
[1031760896, 1031764736]
[1031764992, 1031768832]
[1031769088, 1031772928]
[1031773184, 1031777024]
[1031777280, 1031781120]
[1031781376, 1031785216]
[1031785472, 1031789312]
[1031789568, 1031793408]
[1031793664, 1031797504]
[1031797760, 1031801088]
[1031801856, 1031805184]
[1031805952, 1031809280]
[1031810048, 1031813376]
[1031814144, 1031817472]
[1031818240, 1031821568]
[1031822336, 1031822848]
[1031823104, 1031825664]
[1031826432, 1031829760]
[1031830528, 1031833856]
[1031834624, 1031837952]
[1031838720, 1031842048]
[1031842816, 1031846144]
[1031846912, 1031850240]
[1031851008, 1031854336]
[1031855104, 1031858432]
[1031859200, 1031862528]
[1031863296, 1031866624]
[1031867392, 1031870720]
[1031871488, 1031874816]
[1031875584, 1031878912]
[1031879680, 1031883008]
[1031883776, 1031887104]
[1031887872, 1031888384]
[1031888640, 1031891200]
[1031891968, 1031895296]
[1031896064, 1031899392]
[1031900160, 1031903488]
[1031904256, 1031907584]
[1031908352, 1031911680]
[1031912448, 1031915776]
[1031916544, 1031919872]
[1031920640, 1031923968]
[1031924736, 1031928064]
[1031928832, 1031932160]
[1031932928, 1031936256]
[1031937024, 1031940352]
[1031941120, 1031944448]
[1031945216, 1031948544]
[1031949312, 1031952640]
[1031953408, 1031953920]
[1031954176, 1031956736]
[1031957504, 1031960832]
[1031961600, 1031964928]
[1031965696, 1031969024]
[1031969792, 1031973120]
[1031973888, 1031977216]
[1031977984, 1031981312]
[1031982080, 1031985408]
[1031986176, 1031989504]
[1031990272, 1031993600]
[1031994368, 1031997696]
[1031998464, 1032001792]
[1032002560, 1032005888]
[1032006656, 1032009984]
[1032010752, 1032014080]
[1032014848, 1032018176]
[1032018944, 1032019456]
[1032019712, 1032022272]
[1032023040, 1032026368]
[1032027136, 1032030464]
[1032031232, 1032034560]
[1032035328, 1032038656]
[1032039424, 1032042752]
[1032043520, 1032046848]
[1032047616, 1032050944]
[1032051712, 1032055040]
[1032055808, 1032059136]
[1032059904, 1032063232]
[1032064000, 1032067328]
[1032068096, 1032071424]
[1032072192, 1032075520]
[1032076288, 1032079616]
[1032080384, 1032083712]
[1032084480, 1032084992]
[1032085248, 1032087808]
[1032088576, 1032091904]
[1032092672, 1032096000]
[1032096768, 1032100096]
[1032100864, 1032104192]
[1032104960, 1032108288]
[1032109056, 1032112384]
[1032113152, 1032116480]
[1032117248, 1032120576]
[1032121344, 1032124672]
[1032125440, 1032128768]
[1032129536, 1032132864]
[1032133632, 1032136960]
[1032137728, 1032141056]
[1032141824, 1032145152]
[1032145920, 1032149248]
[1032150016, 1032150528]
[1032150784, 1032153344]
[1032154112, 1032157440]
[1032158208, 1032161536]
[1032162304, 1032165632]
[1032166400, 1032169728]
[1032170496, 1032173824]
[1032174592, 1032177920]
[1032178688, 1032182016]
[1032182784, 1032186112]
[1032186880, 1032190208]
[1032190976, 1032194304]
[1032195072, 1032198400]
[1032199168, 1032202496]
[1032203264, 1032206592]
[1032207360, 1032210688]
[1032211456, 1032214784]
[1032215552, 1032216064]
[1032216320, 1032218880]
[1032219648, 1032222976]
[1032223744, 1032227072]
[1032227840, 1032231168]
[1032231936, 1032235264]
[1032236032, 1032239360]
[1032240128, 1032243456]
[1032244224, 1032247552]
[1032248320, 1032251648]
[1032252416, 1032255744]
[1032256512, 1032259840]
[1032260608, 1032263936]
[1032264704, 1032268032]
[1032268800, 1032272128]
[1032272896, 1032276224]
[1032276992, 1032280320]
[1032281088, 1032281600]
[1032281856, 1032284416]
[1032285184, 1032288512]
[1032289280, 1032292608]
[1032293376, 1032296704]
[1032297472, 1032300800]
[1032301568, 1032304896]
[1032305664, 1032308992]
[1032309760, 1032313088]
[1032313856, 1032317184]
[1032317952, 1032321280]
[1032322048, 1032325376]
[1032326144, 1032329472]
[1032330240, 1032333568]
[1032334336, 1032337664]
[1032338432, 1032341760]
[1032342528, 1032345856]
[1032346624, 1032347136]
[1032347392, 1032349952]
[1032350720, 1032354048]
[1032354816, 1032358144]
[1032358912, 1032362240]
[1032363008, 1032366336]
[1032367104, 1032370432]
[1032371200, 1032374528]
[1032375296, 1032378624]
[1032379392, 1032382720]
[1032383488, 1032386816]
[1032387584, 1032390912]
[1032391680, 1032395008]
[1032395776, 1032399104]
[1032399872, 1032403200]
[1032403968, 1032407296]
[1032408064, 1032411392]
[1032412160, 1032412672]
[1032412928, 1032415488]
[1032416256, 1032419584]
[1032420352, 1032423680]
[1032424448, 1032427776]
[1032428544, 1032431872]
[1032432640, 1032435968]
[1032436736, 1032440064]
[1032440832, 1032444160]
[1032444928, 1032448256]
[1032449024, 1032452352]
[1032453120, 1032456448]
[1032457216, 1032460544]
[1032461312, 1032464640]
[1032465408, 1032468736]
[1032469504, 1032472832]
[1032473600, 1032476928]
[1032477696, 1032478208]
[1032478464, 1032481024]
[1032481792, 1032485120]
[1032485888, 1032489216]
[1032489984, 1032493312]
[1032494080, 1032497408]
[1032498176, 1032501504]
[1032502272, 1032505600]
[1032506368, 1032509696]
[1032510464, 1032513792]
[1032514560, 1032517888]
[1032518656, 1032521984]
[1032522752, 1032526080]
[1032526848, 1032530176]
[1032530944, 1032534272]
[1032535040, 1032538368]
[1032539136, 1032542464]
[1032543232, 1032543744]
[1032544000, 1032546560]
[1032547328, 1032550656]
[1032551424, 1032554752]
[1032555520, 1032558848]
[1032559616, 1032562944]
[1032563712, 1032567040]
[1032567808, 1032571136]
[1032571904, 1032575232]
[1032576000, 1032579328]
[1032580096, 1032583424]
[1032584192, 1032587520]
[1032588288, 1032591616]
[1032592384, 1032595712]
[1032596480, 1032599808]
[1032600576, 1032603904]
[1032604672, 1032608000]
[1032608768, 1032609280]
[1032609536, 1032612096]
[1032612864, 1032616192]
[1032616960, 1032620288]
[1032621056, 1032624384]
[1032625152, 1032628480]
[1032629248, 1032632576]
[1032633344, 1032636672]
[1032637440, 1032640768]
[1032641536, 1032644864]
[1032645632, 1032648960]
[1032649728, 1032653056]
[1032653824, 1032657152]
[1032657920, 1032661248]
[1032662016, 1032665344]
[1032666112, 1032669440]
[1032670208, 1032673536]
[1032674304, 1032674816]
[1032675072, 1032677632]
[1032678400, 1032681728]
[1032682496, 1032685824]
[1032686592, 1032689920]
[1032690688, 1032694016]
[1032694784, 1032698112]
[1032698880, 1032702208]
[1032702976, 1032706304]
[1032707072, 1032710400]
[1032711168, 1032714496]
[1032715264, 1032718592]
[1032719360, 1032722688]
[1032723456, 1032726784]
[1032727552, 1032730880]
[1032731648, 1032734976]
[1032735744, 1032739072]
[1032739840, 1032740352]
[1032740608, 1032743168]
[1032743936, 1032747264]
[1032748032, 1032751360]
[1032752128, 1032755456]
[1032756224, 1032759552]
[1032760320, 1032763648]
[1032764416, 1032767744]
[1032768512, 1032771840]
[1032772608, 1032775936]
[1032776704, 1032780032]
[1032780800, 1032784128]
[1032784896, 1032788224]
[1032788992, 1032792320]
[1032793088, 1032796416]
[1032797184, 1032800512]
[1032801280, 1032804608]
[1032805376, 1032805888]
[1032806144, 1032808704]
[1032809472, 1032812800]
[1032813568, 1032816896]
[1032817664, 1032820992]
[1032821760, 1032825088]
[1032825856, 1032829184]
[1032829952, 1032833280]
[1032834048, 1032837376]
[1032838144, 1032841472]
[1032842240, 1032845568]
[1032846336, 1032849664]
[1032850432, 1032853760]
[1032854528, 1032857856]
[1032858624, 1032861952]
[1032862720, 1032866048]
[1032866816, 1032870144]
[1032870912, 1032871424]
[1032871680, 1032874240]
[1032875008, 1032878336]
[1032879104, 1032882432]
[1032883200, 1032886528]
[1032887296, 1032890624]
[1032891392, 1032894720]
[1032895488, 1032898816]
[1032899584, 1032902912]
[1032903680, 1032907008]
[1032907776, 1032911104]
[1032911872, 1032915200]
[1032915968, 1032919296]
[1032920064, 1032923392]
[1032924160, 1032927488]
[1032928256, 1032931584]
[1032932352, 1032935680]
[1032936448, 1032936960]
[1032937216, 1032939776]
[1032940544, 1032943872]
[1032944640, 1032947968]
[1032948736, 1032952064]
[1032952832, 1032956160]
[1032956928, 1032960256]
[1032961024, 1032964352]
[1032965120, 1032968448]
[1032969216, 1032972544]
[1032973312, 1032976640]
[1032977408, 1032980736]
[1032981504, 1032984832]
[1032985600, 1032988928]
[1032989696, 1032993024]
[1032993792, 1032997120]
[1032997888, 1033001216]
[1033001984, 1033002496]
[1033002752, 1033005312]
[1033006080, 1033009408]
[1033010176, 1033013504]
[1033014272, 1033017600]
[1033018368, 1033021696]
[1033022464, 1033025792]
[1033026560, 1033029888]
[1033030656, 1033033984]
[1033034752, 1033038080]
[1033038848, 1033042176]
[1033042944, 1033046272]
[1033047040, 1033050368]
[1033051136, 1033054464]
[1033055232, 1033058560]
[1033059328, 1033062656]
[1033063424, 1033066752]
[1033067520, 1033068032]
[1033068288, 1033070848]
[1033071616, 1033074944]
[1033075712, 1033079040]
[1033079808, 1033083136]
[1033083904, 1033087232]
[1033088000, 1033091328]
[1033092096, 1033095424]
[1033096192, 1033099520]
[1033100288, 1033103616]
[1033104384, 1033107712]
[1033108480, 1033111808]
[1033112576, 1033115904]
[1033116672, 1033120000]
[1033120768, 1033124096]
[1033124864, 1033128192]
[1033128960, 1033132288]
[1033133056, 1033133568]
[1033133824, 1033136384]
[1033137152, 1033140480]
[1033141248, 1033144576]
[1033145344, 1033148672]
[1033149440, 1033152768]
[1033153536, 1033156864]
[1033157632, 1033160960]
[1033161728, 1033165056]
[1033165824, 1033169152]
[1033169920, 1033173248]
[1033174016, 1033177344]
[1033178112, 1033181440]
[1033182208, 1033185536]
[1033186304, 1033189632]
[1033190400, 1033193728]
[1033194496, 1033197824]
[1033198592, 1033199104]
[1033199360, 1033201920]
[1033202688, 1033206016]
[1033206784, 1033210112]
[1033210880, 1033214208]
[1033214976, 1033218304]
[1033219072, 1033222400]
[1033223168, 1033226496]
[1033227264, 1033230592]
[1033231360, 1033234688]
[1033235456, 1033238784]
[1033239552, 1033242880]
[1033243648, 1033246976]
[1033247744, 1033251072]
[1033251840, 1033255168]
[1033255936, 1033259264]
[1033260032, 1033263360]
[1033264128, 1033264640]
[1033264896, 1033267456]
[1033268224, 1033271552]
[1033272320, 1033275648]
[1033276416, 1033279744]
[1033280512, 1033283840]
[1033284608, 1033287936]
[1033288704, 1033292032]
[1033292800, 1033296128]
[1033296896, 1033300224]
[1033300992, 1033304320]
[1033305088, 1033308416]
[1033309184, 1033312512]
[1033313280, 1033316608]
[1033317376, 1033320704]
[1033321472, 1033324800]
[1033325568, 1033328896]
[1033329664, 1033330176]
[1033330432, 1033332992]
[1033333760, 1033337088]
[1033337856, 1033341184]
[1033341952, 1033345280]
[1033346048, 1033349376]
[1033350144, 1033353472]
[1033354240, 1033357568]
[1033358336, 1033361664]
[1033362432, 1033365760]
[1033366528, 1033369856]
[1033370624, 1033373952]
[1033374720, 1033378048]
[1033378816, 1033382144]
[1033382912, 1033386240]
[1033387008, 1033390336]
[1033391104, 1033394432]
[1033395200, 1033395712]
[1033395968, 1033398528]
[1033399296, 1033402624]
[1033403392, 1033406720]
[1033407488, 1033410816]
[1033411584, 1033414912]
[1033415680, 1033419008]
[1033419776, 1033423104]
[1033423872, 1033427200]
[1033427968, 1033431296]
[1033432064, 1033435392]
[1033436160, 1033439488]
[1033440256, 1033443584]
[1033444352, 1033447680]
[1033448448, 1033451776]
[1033452544, 1033455872]
[1033456640, 1033459968]
[1033460736, 1033461248]
[1033461504, 1033464064]
[1033464832, 1033468160]
[1033468928, 1033472256]
[1033473024, 1033476352]
[1033477120, 1033480448]
[1033481216, 1033484544]
[1033485312, 1033488640]
[1033489408, 1033492736]
[1033493504, 1033496832]
[1033497600, 1033500928]
[1033501696, 1033505024]
[1033505792, 1033509120]
[1033509888, 1033513216]
[1033513984, 1033517312]
[1033518080, 1033521408]
[1033522176, 1033525504]
[1033526272, 1033526784]
[1033527040, 1033529600]
[1033530368, 1033533696]
[1033534464, 1033537792]
[1033538560, 1033541888]
[1033542656, 1033545984]
[1033546752, 1033550080]
[1033550848, 1033554176]
[1033554944, 1033558272]
[1033559040, 1033562368]
[1033563136, 1033566464]
[1033567232, 1033570560]
[1033571328, 1033574656]
[1033575424, 1033578752]
[1033579520, 1033582848]
[1033583616, 1033586944]
[1033587712, 1033591040]
[1033591808, 1033592320]
[1033592576, 1033595136]
[1033595904, 1033599232]
[1033600000, 1033603328]
[1033604096, 1033607424]
[1033608192, 1033611520]
[1033612288, 1033615616]
[1033616384, 1033619712]
[1033620480, 1033623808]
[1033624576, 1033627904]
[1033628672, 1033632000]
[1033632768, 1033636096]
[1033636864, 1033640192]
[1033640960, 1033644288]
[1033645056, 1033648384]
[1033649152, 1033652480]
[1033653248, 1033656576]
[1033657344, 1033657856]
[1033658112, 1033660672]
[1033661440, 1033664768]
[1033665536, 1033668864]
[1033669632, 1033672960]
[1033673728, 1033677056]
[1033677824, 1033681152]
[1033681920, 1033685248]
[1033686016, 1033689344]
[1033690112, 1033693440]
[1033694208, 1033697536]
[1033698304, 1033701632]
[1033702400, 1033705728]
[1033706496, 1033709824]
[1033710592, 1033713920]
[1033714688, 1033718016]
[1033718784, 1033722112]
[1033722880, 1033723392]
[1033723648, 1033726208]
[1033726976, 1033730304]
[1033731072, 1033734400]
[1033735168, 1033738496]
[1033739264, 1033742592]
[1033743360, 1033746688]
[1033747456, 1033750784]
[1033751552, 1033754880]
[1033755648, 1033758976]
[1033759744, 1033763072]
[1033763840, 1033767168]
[1033767936, 1033771264]
[1033772032, 1033775360]
[1033776128, 1033779456]
[1033780224, 1033783552]
[1033784320, 1033787648]
[1033788416, 1033788928]
[1033789184, 1033791744]
[1033792512, 1033795840]
[1033796608, 1033799936]
[1033800704, 1033804032]
[1033804800, 1033808128]
[1033808896, 1033812224]
[1033812992, 1033816320]
[1033817088, 1033820416]
[1033821184, 1033824512]
[1033825280, 1033828608]
[1033829376, 1033832704]
[1033833472, 1033836800]
[1033837568, 1033840896]
[1033841664, 1033844992]
[1033845760, 1033849088]
[1033849856, 1033853184]
[1033853952, 1033857280]
[1033858048, 1033861376]
[1033862144, 1033865472]
[1033866240, 1033869568]
[1033870336, 1033873664]
[1033874432, 1033877760]
[1033878528, 1033881856]
[1033882624, 1033885952]
[1033886720, 1033890048]
[1033890816, 1033894144]
[1033894912, 1033920000]
[1033920256, 1033985536]
[1033985792, 1034051072]
[1034051328, 1034116608]
[1034116864, 1034182144]
[1034182400, 1034247680]
[1034247936, 1034313216]
[1034313472, 1034378752]
[1034379008, 1034444288]
[1034444544, 1034509824]
[1034510080, 1034575360]
[1034575616, 1034640896]
[1034641152, 1034706432]
[1034706688, 1034771968]
[1034772224, 1034837504]
[1034837760, 1034903040]
[1034903296, 1034968576]
[1034968832, 1035034112]
[1035034368, 1035099648]
[1035099904, 1035165184]
[1035165440, 1035230720]
[1035230976, 1035296256]
[1035296512, 1035361792]
[1035362048, 1035427328]
[1035427584, 1035492864]
[1035493120, 1035558400]
[1035558656, 1035623936]
[1035624192, 1035689472]
[1035689728, 1035755008]
[1035755264, 1035820544]
[1035820800, 1035886080]
[1035886336, 1035951616]
[1035951872, 1035995392]
[1035996160, 1035999488]
[1036000256, 1036003584]
[1036004352, 1036007680]
[1036008448, 1036011776]
[1036012544, 1036015872]
[1036016640, 1036019968]
[1036020736, 1036024064]
[1036024832, 1036028160]
[1036028928, 1036032256]
[1036033024, 1036036352]
[1036037120, 1036040448]
[1036041216, 1036044544]
[1036045312, 1036048640]
[1036049408, 1036052736]
[1036053504, 1036056832]
[1036057600, 1036060928]
[1036061696, 1036065024]
[1036065792, 1036069120]
[1036069888, 1036073216]
[1036073984, 1036077312]
[1036078080, 1036081408]
[1036082176, 1036085504]
[1036086272, 1036089600]
[1036090368, 1036093696]
[1036094464, 1036097792]
[1036098560, 1036101888]
[1036102656, 1036105984]
[1036106752, 1036110080]
[1036110848, 1036114176]
[1036114944, 1036118272]
[1036119040, 1036122368]
[1036123136, 1036126464]
[1036127232, 1036130560]
[1036131328, 1036134656]
[1036135424, 1036138752]
[1036139520, 1036142848]
[1036143616, 1036146944]
[1036147712, 1036151040]
[1036151808, 1036155136]
[1036155904, 1036159232]
[1036160000, 1036163328]
[1036164096, 1036167424]
[1036168192, 1036171520]
[1036172288, 1036175616]
[1036176384, 1036179712]
[1036180480, 1036183808]
[1036184576, 1036187904]
[1036188672, 1036192000]
[1036192768, 1036196096]
[1036196864, 1036200192]
[1036200960, 1036204288]
[1036205056, 1036208384]
[1036209152, 1036212480]
[1036213248, 1036216576]
[1036217344, 1036220672]
[1036221440, 1036224768]
[1036225536, 1036228864]
[1036229632, 1036232960]
[1036233728, 1036237056]
[1036237824, 1036241152]
[1036241920, 1036245248]
[1036246016, 1036249344]
[1036250112, 1036253440]
[1036254208, 1036257536]
[1036258304, 1036261632]
[1036262400, 1036265728]
[1036266496, 1036269824]
[1036270592, 1036273920]
[1036274688, 1036278016]
[1036278784, 1036282112]
[1036282880, 1036286208]
[1036286976, 1036290304]
[1036291072, 1036294400]
[1036295168, 1036298496]
[1036299264, 1036302592]
[1036303360, 1036306688]
[1036307456, 1036310784]
[1036311552, 1036314880]
[1036315648, 1036318976]
[1036319744, 1036323072]
[1036323840, 1036327168]
[1036327936, 1036331264]
[1036332032, 1036335360]
[1036336128, 1036339456]
[1036340224, 1036343552]
[1036344320, 1036347648]
[1036348416, 1036351744]
[1036352512, 1036355840]
[1036356608, 1036359936]
[1036360704, 1036364032]
[1036364800, 1036368128]
[1036368896, 1036372224]
[1036372992, 1036376320]
[1036377088, 1036380416]
[1036381184, 1036384512]
[1036385280, 1036388608]
[1036389376, 1036392704]
[1036393472, 1036396800]
[1036397568, 1036400896]
[1036401664, 1036404992]
[1036405760, 1036409088]
[1036409856, 1036413184]
[1036413952, 1036417280]
[1036418048, 1036421376]
[1036422144, 1036425472]
[1036426240, 1036429568]
[1036430336, 1036433664]
[1036434432, 1036437760]
[1036438528, 1036441856]
[1036442624, 1036445952]
[1036446720, 1036450048]
[1036450816, 1036454144]
[1036454912, 1036458240]
[1036459008, 1036462336]
[1036463104, 1036466432]
[1036467200, 1036470528]
[1036471296, 1036474624]
[1036475392, 1036478720]
[1036479488, 1036482816]
[1036483584, 1036486912]
[1036487680, 1036491008]
[1036491776, 1036495104]
[1036495872, 1036499200]
[1036499968, 1036503296]
[1036504064, 1036507392]
[1036508160, 1036511488]
[1036512256, 1036515584]
[1036516352, 1036519680]
[1036520448, 1036523776]
[1036524544, 1036527872]
[1036528640, 1036531968]
[1036532736, 1036536064]
[1036536832, 1036540160]
[1036540928, 1036544256]
[1036545024, 1036548352]
[1036549120, 1036552448]
[1036553216, 1036556544]
[1036557312, 1036560640]
[1036561408, 1036564736]
[1036565504, 1036568832]
[1036569600, 1036572928]
[1036573696, 1036577024]
[1036577792, 1036581120]
[1036581888, 1036585216]
[1036585984, 1036589312]
[1036590080, 1036593408]
[1036594176, 1036597504]
[1036598272, 1036601600]
[1036602368, 1036605696]
[1036606464, 1036609792]
[1036610560, 1036613888]
[1036614656, 1036617984]
[1036618752, 1036622080]
[1036622848, 1036626176]
[1036626944, 1036630272]
[1036631040, 1036634368]
[1036635136, 1036638464]
[1036639232, 1036642560]
[1036643328, 1036646656]
[1036647424, 1036650752]
[1036651520, 1036654848]
[1036655616, 1036658944]
[1036659712, 1036663040]
[1036663808, 1036667136]
[1036667904, 1036671232]
[1036672000, 1036675328]
[1036676096, 1036679424]
[1036680192, 1036683520]
[1036684288, 1036687616]
[1036688384, 1036691712]
[1036692480, 1036695808]
[1036696576, 1036699904]
[1036700672, 1036704000]
[1036704768, 1036708096]
[1036708864, 1036712192]
[1036712960, 1036716288]
[1036717056, 1036720384]
[1036721152, 1036724480]
[1036725248, 1036728576]
[1036729344, 1036732672]
[1036733440, 1036736768]
[1036737536, 1036740864]
[1036741632, 1036744960]
[1036745728, 1036749056]
[1036749824, 1036753152]
[1036753920, 1036757248]
[1036758016, 1036761344]
[1036762112, 1036765440]
[1036766208, 1036769536]
[1036770304, 1036773632]
[1036774400, 1036777728]
[1036778496, 1036781824]
[1036782592, 1036785920]
[1036786688, 1036790016]
[1036790784, 1036794112]
[1036794880, 1036798208]
[1036798976, 1036802304]
[1036803072, 1036806400]
[1036807168, 1036810496]
[1036811264, 1036814592]
[1036815360, 1036818688]
[1036819456, 1036822784]
[1036823552, 1036826880]
[1036827648, 1036830976]
[1036831744, 1036835072]
[1036835840, 1036839168]
[1036839936, 1036843264]
[1036844032, 1036847360]
[1036848128, 1036851456]
[1036852224, 1036855552]
[1036856320, 1036859648]
[1036860416, 1036863744]
[1036864512, 1036867840]
[1036868608, 1036871936]
[1036872704, 1036876032]
[1036876800, 1036880128]
[1036880896, 1036884224]
[1036884992, 1036888320]
[1036889088, 1036892416]
[1036893184, 1036896512]
[1036897280, 1036900608]
[1036901376, 1036904704]
[1036905472, 1036908800]
[1036909568, 1036912896]
[1036913664, 1036916992]
[1036917760, 1036921088]
[1036921856, 1036925184]
[1036925952, 1036929280]
[1036930048, 1036933376]
[1036934144, 1036937472]
[1036938240, 1036941568]
[1036942336, 1036945664]
[1036946432, 1036949760]
[1036950528, 1036953856]
[1036954624, 1036957952]
[1036958720, 1036962048]
[1036962816, 1036966144]
[1036966912, 1036970240]
[1036971008, 1036974336]
[1036975104, 1036978432]
[1036979200, 1036982528]
[1036983296, 1036986624]
[1036987392, 1036990720]
[1036991488, 1036994816]
[1036995584, 1036998912]
[1036999680, 1037003008]
[1037003776, 1037007104]
[1037007872, 1037011200]
[1037011968, 1037015296]
[1037016064, 1037019392]
[1037020160, 1037023488]
[1037024256, 1037027584]
[1037028352, 1037031680]
[1037032448, 1037035776]
[1037036544, 1037039872]
[1037040640, 1037043968]
[1037044736, 1037048064]
[1037048832, 1037052160]
[1037052928, 1037056256]
[1037057024, 1037060352]
[1037061120, 1037064448]
[1037065216, 1037068544]
[1037069312, 1037072640]
[1037073408, 1037076736]
[1037077504, 1037080832]
[1037081600, 1037084928]
[1037085696, 1037089024]
[1037089792, 1037093120]
[1037093888, 1037097216]
[1037097984, 1037101312]
[1037102080, 1037105408]
[1037106176, 1037109504]
[1037110272, 1037113600]
[1037114368, 1037117696]
[1037118464, 1037121792]
[1037122560, 1037125888]
[1037126656, 1037129984]
[1037130752, 1037134080]
[1037134848, 1037138176]
[1037138944, 1037142272]
[1037143040, 1037146368]
[1037147136, 1037150464]
[1037151232, 1037154560]
[1037155328, 1037158656]
[1037159424, 1037162752]
[1037163520, 1037166848]
[1037167616, 1037170944]
[1037171712, 1037175040]
[1037175808, 1037179136]
[1037179904, 1037183232]
[1037184000, 1037187328]
[1037188096, 1037191424]
[1037192192, 1037195520]
[1037196288, 1037199616]
[1037200384, 1037203712]
[1037204480, 1037207808]
[1037208576, 1037211904]
[1037212672, 1037216000]
[1037216768, 1037220096]
[1037220864, 1037224192]
[1037224960, 1037228288]
[1037229056, 1037232384]
[1037233152, 1037236480]
[1037237248, 1037240576]
[1037241344, 1037244672]
[1037245440, 1037248768]
[1037249536, 1037252864]
[1037253632, 1037256960]
[1037257728, 1037261056]
[1037261824, 1037265152]
[1037265920, 1037269248]
[1037270016, 1037273344]
[1037274112, 1037277440]
[1037278208, 1037281536]
[1037282304, 1037285632]
[1037286400, 1037289728]
[1037290496, 1037293824]
[1037294592, 1037297920]
[1037298688, 1037302016]
[1037302784, 1037306112]
[1037306880, 1037310208]
[1037310976, 1037314304]
[1037315072, 1037318400]
[1037319168, 1037322496]
[1037323264, 1037326592]
[1037327360, 1037330688]
[1037331456, 1037334784]
[1037335552, 1037338880]
[1037339648, 1037342976]
[1037343744, 1037347072]
[1037347840, 1037351168]
[1037351936, 1037355264]
[1037356032, 1037359360]
[1037360128, 1037363456]
[1037364224, 1037367552]
[1037368320, 1037371648]
[1037372416, 1037375744]
[1037376512, 1037379840]
[1037380608, 1037383936]
[1037384704, 1037388032]
[1037388800, 1037392128]
[1037392896, 1037396224]
[1037396992, 1037400320]
[1037401088, 1037404416]
[1037405184, 1037408512]
[1037409280, 1037412608]
[1037413376, 1037416704]
[1037417472, 1037420800]
[1037421568, 1037424896]
[1037425664, 1037428992]
[1037429760, 1037433088]
[1037433856, 1037437184]
[1037437952, 1037441280]
[1037442048, 1037445376]
[1037446144, 1037449472]
[1037450240, 1037453568]
[1037454336, 1037457664]
[1037458432, 1037461760]
[1037462528, 1037465856]
[1037466624, 1037469952]
[1037470720, 1037474048]
[1037474816, 1037478144]
[1037478912, 1037482240]
[1037483008, 1037486336]
[1037487104, 1037490432]
[1037491200, 1037494528]
[1037495296, 1037498624]
[1037499392, 1037502720]
[1037503488, 1037506816]
[1037507584, 1037510912]
[1037511680, 1037515008]
[1037515776, 1037519104]
[1037519872, 1037523200]
[1037523968, 1037527296]
[1037528064, 1037531392]
[1037532160, 1037535488]
[1037536256, 1037539584]
[1037540352, 1037543680]
[1037544448, 1037547776]
[1037548544, 1037551872]
[1037552640, 1037555968]
[1037556736, 1037560064]
[1037560832, 1037564160]
[1037564928, 1037568256]
[1037569024, 1037572352]
[1037573120, 1037576448]
[1037577216, 1037580544]
[1037581312, 1037584640]
[1037585408, 1037588736]
[1037589504, 1037592832]
[1037593600, 1037596928]
[1037597696, 1037601024]
[1037601792, 1037605120]
[1037605888, 1037609216]
[1037609984, 1037613312]
[1037614080, 1037617408]
[1037618176, 1037621504]
[1037622272, 1037625600]
[1037626368, 1037629696]
[1037630464, 1037633792]
[1037634560, 1037637888]
[1037638656, 1037641984]
[1037642752, 1037646080]
[1037646848, 1037650176]
[1037650944, 1037654272]
[1037655040, 1037658368]
[1037659136, 1037662464]
[1037663232, 1037666560]
[1037667328, 1037670656]
[1037671424, 1037674752]
[1037675520, 1037678848]
[1037679616, 1037682944]
[1037683712, 1037687040]
[1037687808, 1037691136]
[1037691904, 1037695232]
[1037696000, 1037699328]
[1037700096, 1037703424]
[1037704192, 1037707520]
[1037708288, 1037711616]
[1037712384, 1037715712]
[1037716480, 1037719808]
[1037720576, 1037723904]
[1037724672, 1037728000]
[1037728768, 1037732096]
[1037732864, 1037736192]
[1037736960, 1037740288]
[1037741056, 1037744384]
[1037745152, 1037748480]
[1037749248, 1037752576]
[1037753344, 1037756672]
[1037757440, 1037760768]
[1037761536, 1037764864]
[1037765632, 1037768960]
[1037769728, 1037773056]
[1037773824, 1037777152]
[1037777920, 1037781248]
[1037782016, 1037785344]
[1037786112, 1037789440]
[1037790208, 1037793536]
[1037794304, 1037797632]
[1037798400, 1037801728]
[1037802496, 1037805824]
[1037806592, 1037809920]
[1037810688, 1037814016]
[1037814784, 1037818112]
[1037818880, 1037822208]
[1037822976, 1037826304]
[1037827072, 1037830400]
[1037831168, 1037834496]
[1037835264, 1037838592]
[1037839360, 1037842688]
[1037843456, 1037846784]
[1037847552, 1037850880]
[1037851648, 1037854976]
[1037855744, 1037859072]
[1037859840, 1037863168]
[1037863936, 1037867264]
[1037868032, 1037871360]
[1037872128, 1037875456]
[1037876224, 1037879552]
[1037880320, 1037883648]
[1037884416, 1037887744]
[1037888512, 1037891840]
[1037892608, 1037895936]
[1037896704, 1037900032]
[1037900800, 1037904128]
[1037904896, 1037908224]
[1037908992, 1037912320]
[1037913088, 1037916416]
[1037917184, 1037920512]
[1037921280, 1037924608]
[1037925376, 1037928704]
[1037929472, 1037932800]
[1037933568, 1037936896]
[1037937664, 1037940992]
[1037941760, 1037945088]
[1037945856, 1037949184]
[1037949952, 1037953280]
[1037954048, 1037957376]
[1037958144, 1037961472]
[1037962240, 1037965568]
[1037966336, 1037969664]
[1037970432, 1037973760]
[1037974528, 1037977856]
[1037978624, 1037981952]
[1037982720, 1037986048]
[1037986816, 1037990144]
[1037990912, 1037994240]
[1037995008, 1037998336]
[1037999104, 1038002432]
[1038003200, 1038006528]
[1038007296, 1038010624]
[1038011392, 1038014720]
[1038015488, 1038018816]
[1038019584, 1038022912]
[1038023680, 1038027008]
[1038027776, 1038031104]
[1038031872, 1038035200]
[1038035968, 1038039296]
[1038040064, 1038043392]
[1038044160, 1038047488]
[1038048256, 1038051584]
[1038052352, 1038055680]
[1038056448, 1038059776]
[1038060544, 1038063872]
[1038064640, 1038067968]
[1038068736, 1038072064]
[1038072832, 1038076160]
[1038076928, 1038080256]
[1038081024, 1038084352]
[1038085120, 1038088448]
[1038089216, 1040187392]
