[1291845632, 1291847936]
[1291848704, 1291852032]
[1291852800, 1291856128]
[1291856896, 1291860224]
[1291860992, 1291864320]
[1291865088, 1291868416]
[1291869184, 1291869696]
[1291869952, 1291872512]
[1291873280, 1291876608]
[1291877376, 1291880704]
[1291881472, 1291884800]
[1291885568, 1291888896]
[1291889664, 1291892992]
[1291893760, 1291897088]
[1291897856, 1291901184]
[1291901952, 1291905280]
[1291906048, 1291909376]
[1291910144, 1291913472]
[1291914240, 1291917568]
[1291918336, 1291921664]
[1291922432, 1291925760]
[1291926528, 1291929856]
[1291930624, 1291933952]
[1291934720, 1291935232]
[1291935488, 1291938048]
[1291938816, 1291942144]
[1291942912, 1291946240]
[1291947008, 1291950336]
[1291951104, 1291954432]
[1291955200, 1291958528]
[1291959296, 1291962624]
[1291963392, 1291966720]
[1291967488, 1291970816]
[1291971584, 1291974912]
[1291975680, 1291979008]
[1291979776, 1291983104]
[1291983872, 1291987200]
[1291987968, 1291991296]
[1291992064, 1291995392]
[1291996160, 1291999488]
[1292000256, 1292000768]
[1292001024, 1292003584]
[1292004352, 1292007680]
[1292008448, 1292011776]
[1292012544, 1292015872]
[1292016640, 1292019968]
[1292020736, 1292024064]
[1292024832, 1292028160]
[1292028928, 1292032256]
[1292033024, 1292036352]
[1292037120, 1292040448]
[1292041216, 1292044544]
[1292045312, 1292048640]
[1292049408, 1292052736]
[1292053504, 1292056832]
[1292057600, 1292060928]
[1292061696, 1292065024]
[1292065792, 1292066304]
[1292066560, 1292069120]
[1292069888, 1292073216]
[1292073984, 1292077312]
[1292078080, 1292081408]
[1292082176, 1292085504]
[1292086272, 1292089600]
[1292090368, 1292093696]
[1292094464, 1292097792]
[1292098560, 1292101888]
[1292102656, 1292105984]
[1292106752, 1292110080]
[1292110848, 1292114176]
[1292114944, 1292118272]
[1292119040, 1292122368]
[1292123136, 1292126464]
[1292127232, 1292130560]
[1292131328, 1292131840]
[1292132096, 1292134656]
[1292135424, 1292138752]
[1292139520, 1292142848]
[1292143616, 1292146944]
[1292147712, 1292151040]
[1292151808, 1292155136]
[1292155904, 1292159232]
[1292160000, 1292163328]
[1292164096, 1292167424]
[1292168192, 1292171520]
[1292172288, 1292175616]
[1292176384, 1292179712]
[1292180480, 1292183808]
[1292184576, 1292187904]
[1292188672, 1292192000]
[1292192768, 1292196096]
[1292196864, 1292197376]
[1292197632, 1292200192]
[1292200960, 1292204288]
[1292205056, 1292208384]
[1292209152, 1292212480]
[1292213248, 1292216576]
[1292217344, 1292220672]
[1292221440, 1292224768]
[1292225536, 1292228864]
[1292229632, 1292232960]
[1292233728, 1292237056]
[1292237824, 1292241152]
[1292241920, 1292245248]
[1292246016, 1292249344]
[1292250112, 1292253440]
[1292254208, 1292257536]
[1292258304, 1292261632]
[1292262400, 1292262912]
[1292263168, 1292265728]
[1292266496, 1292269824]
[1292270592, 1292273920]
[1292274688, 1292278016]
[1292278784, 1292282112]
[1292282880, 1292286208]
[1292286976, 1292290304]
[1292291072, 1292294400]
[1292295168, 1292298496]
[1292299264, 1292302592]
[1292303360, 1292306688]
[1292307456, 1292310784]
[1292311552, 1292314880]
[1292315648, 1292318976]
[1292319744, 1292323072]
[1292323840, 1292327168]
[1292327936, 1292328448]
[1292328704, 1292331264]
[1292332032, 1292335360]
[1292336128, 1292339456]
[1292340224, 1292343552]
[1292344320, 1292347648]
[1292348416, 1292351744]
[1292352512, 1292355840]
[1292356608, 1292359936]
[1292360704, 1292364032]
[1292364800, 1292368128]
[1292368896, 1292372224]
[1292372992, 1292376320]
[1292377088, 1292380416]
[1292381184, 1292384512]
[1292385280, 1292388608]
[1292389376, 1292392704]
[1292393472, 1292393984]
[1292394240, 1292396800]
[1292397568, 1292400896]
[1292401664, 1292404992]
[1292405760, 1292409088]
[1292409856, 1292413184]
[1292413952, 1292417280]
[1292418048, 1292421376]
[1292422144, 1292425472]
[1292426240, 1292429568]
[1292430336, 1292433664]
[1292434432, 1292437760]
[1292438528, 1292441856]
[1292442624, 1292445952]
[1292446720, 1292450048]
[1292450816, 1292454144]
[1292454912, 1292458240]
[1292459008, 1292459520]
[1292459776, 1292462336]
[1292463104, 1292466432]
[1292467200, 1292470528]
[1292471296, 1292474624]
[1292475392, 1292478720]
[1292479488, 1292482816]
[1292483584, 1292486912]
[1292487680, 1292491008]
[1292491776, 1292495104]
[1292495872, 1292499200]
[1292499968, 1292503296]
[1292504064, 1292507392]
[1292508160, 1292511488]
[1292512256, 1292515584]
[1292516352, 1292519680]
[1292520448, 1292523776]
[1292524544, 1292525056]
[1292525312, 1292527872]
[1292528640, 1292531968]
[1292532736, 1292536064]
[1292536832, 1292540160]
[1292540928, 1292544256]
[1292545024, 1292548352]
[1292549120, 1292552448]
[1292553216, 1292556544]
[1292557312, 1292560640]
[1292561408, 1292564736]
[1292565504, 1292568832]
[1292569600, 1292572928]
[1292573696, 1292577024]
[1292577792, 1292581120]
[1292581888, 1292585216]
[1292585984, 1292589312]
[1292590080, 1292590592]
[1292590848, 1292593408]
[1292594176, 1292597504]
[1292598272, 1292601600]
[1292602368, 1292605696]
[1292606464, 1292609792]
[1292610560, 1292613888]
[1292614656, 1292617984]
[1292618752, 1292622080]
[1292622848, 1292626176]
[1292626944, 1292630272]
[1292631040, 1292634368]
[1292635136, 1292638464]
[1292639232, 1292642560]
[1292643328, 1292646656]
[1292647424, 1292650752]
[1292651520, 1292654848]
[1292655616, 1292656128]
[1292656384, 1292658944]
[1292659712, 1292663040]
[1292663808, 1292667136]
[1292667904, 1292671232]
[1292672000, 1292675328]
[1292676096, 1292679424]
[1292680192, 1292683520]
[1292684288, 1292687616]
[1292688384, 1292691712]
[1292692480, 1292695808]
[1292696576, 1292699904]
[1292700672, 1292704000]
[1292704768, 1292708096]
[1292708864, 1292712192]
[1292712960, 1292716288]
[1292717056, 1292720384]
[1292721152, 1292721664]
[1292721920, 1292724480]
[1292725248, 1292728576]
[1292729344, 1292732672]
[1292733440, 1292736768]
[1292737536, 1292740864]
[1292741632, 1292744960]
[1292745728, 1292749056]
[1292749824, 1292753152]
[1292753920, 1292757248]
[1292758016, 1292761344]
[1292762112, 1292765440]
[1292766208, 1292769536]
[1292770304, 1292773632]
[1292774400, 1292777728]
[1292778496, 1292781824]
[1292782592, 1292785920]
[1292786688, 1292787200]
[1292787456, 1292790016]
[1292790784, 1292794112]
[1292794880, 1292798208]
[1292798976, 1292802304]
[1292803072, 1292806400]
[1292807168, 1292810496]
[1292811264, 1292814592]
[1292815360, 1292818688]
[1292819456, 1292822784]
[1292823552, 1292826880]
[1292827648, 1292830976]
[1292831744, 1292835072]
[1292835840, 1292839168]
[1292839936, 1292843264]
[1292844032, 1292847360]
[1292848128, 1292851456]
[1292852224, 1292852736]
[1292852992, 1292855552]
[1292856320, 1292859648]
[1292860416, 1292863744]
[1292864512, 1292867840]
[1292868608, 1292871936]
[1292872704, 1292876032]
[1292876800, 1292880128]
[1292880896, 1292884224]
[1292884992, 1292888320]
[1292889088, 1292892416]
[1292893184, 1292896512]
[1292897280, 1292900608]
[1292901376, 1292904704]
[1292905472, 1292908800]
[1292909568, 1292912896]
[1292913664, 1292916992]
[1292917760, 1292918272]
[1292918528, 1292921088]
[1292921856, 1292925184]
[1292925952, 1292929280]
[1292930048, 1292933376]
[1292934144, 1292937472]
[1292938240, 1292941568]
[1292942336, 1292945664]
[1292946432, 1292949760]
[1292950528, 1292953856]
[1292954624, 1292957952]
[1292958720, 1292962048]
[1292962816, 1292966144]
[1292966912, 1292970240]
[1292971008, 1292974336]
[1292975104, 1292978432]
[1292979200, 1292982528]
[1292983296, 1292983808]
[1292984064, 1292986624]
[1292987392, 1292990720]
[1292991488, 1292994816]
[1292995584, 1292998912]
[1292999680, 1293003008]
[1293003776, 1293007104]
[1293007872, 1293011200]
[1293011968, 1293015296]
[1293016064, 1293019392]
[1293020160, 1293023488]
[1293024256, 1293027584]
[1293028352, 1293031680]
[1293032448, 1293035776]
[1293036544, 1293039872]
[1293040640, 1293043968]
[1293044736, 1293048064]
[1293048832, 1293049344]
[1293049600, 1293052160]
[1293052928, 1293056256]
[1293057024, 1293060352]
[1293061120, 1293064448]
[1293065216, 1293068544]
[1293069312, 1293072640]
[1293073408, 1293076736]
[1293077504, 1293080832]
[1293081600, 1293084928]
[1293085696, 1293089024]
[1293089792, 1293093120]
[1293093888, 1293097216]
[1293097984, 1293101312]
[1293102080, 1293105408]
[1293106176, 1293109504]
[1293110272, 1293113600]
[1293114368, 1293114880]
[1293115136, 1293117696]
[1293118464, 1293121792]
[1293122560, 1293125888]
[1293126656, 1293129984]
[1293130752, 1293134080]
[1293134848, 1293138176]
[1293138944, 1293142272]
[1293143040, 1293146368]
[1293147136, 1293150464]
[1293151232, 1293154560]
[1293155328, 1293158656]
[1293159424, 1293162752]
[1293163520, 1293166848]
[1293167616, 1293170944]
[1293171712, 1293175040]
[1293175808, 1293179136]
[1293179904, 1293180416]
[1293180672, 1293183232]
[1293184000, 1293187328]
[1293188096, 1293191424]
[1293192192, 1293195520]
[1293196288, 1293199616]
[1293200384, 1293203712]
[1293204480, 1293207808]
[1293208576, 1293211904]
[1293212672, 1293216000]
[1293216768, 1293220096]
[1293220864, 1293224192]
[1293224960, 1293228288]
[1293229056, 1293232384]
[1293233152, 1293236480]
[1293237248, 1293240576]
[1293241344, 1293244672]
[1293245440, 1293245952]
[1293246208, 1293248768]
[1293249536, 1293252864]
[1293253632, 1293256960]
[1293257728, 1293261056]
[1293261824, 1293265152]
[1293265920, 1293269248]
[1293270016, 1293273344]
[1293274112, 1293277440]
[1293278208, 1293281536]
[1293282304, 1293285632]
[1293286400, 1293289728]
[1293290496, 1293293824]
[1293294592, 1293297920]
[1293298688, 1293302016]
[1293302784, 1293306112]
[1293306880, 1293310208]
[1293310976, 1293311488]
[1293311744, 1293314304]
[1293315072, 1293318400]
[1293319168, 1293322496]
[1293323264, 1293326592]
[1293327360, 1293330688]
[1293331456, 1293334784]
[1293335552, 1293338880]
[1293339648, 1293342976]
[1293343744, 1293347072]
[1293347840, 1293351168]
[1293351936, 1293355264]
[1293356032, 1293359360]
[1293360128, 1293363456]
[1293364224, 1293367552]
[1293368320, 1293371648]
[1293372416, 1293375744]
[1293376512, 1293377024]
[1293377280, 1293379840]
[1293380608, 1293383936]
[1293384704, 1293388032]
[1293388800, 1293392128]
[1293392896, 1293396224]
[1293396992, 1293400320]
[1293401088, 1293404416]
[1293405184, 1293408512]
[1293409280, 1293412608]
[1293413376, 1293416704]
[1293417472, 1293420800]
[1293421568, 1293424896]
[1293425664, 1293428992]
[1293429760, 1293433088]
[1293433856, 1293437184]
[1293437952, 1293441280]
[1293442048, 1293442560]
[1293442816, 1293445376]
[1293446144, 1293449472]
[1293450240, 1293453568]
[1293454336, 1293457664]
[1293458432, 1293461760]
[1293462528, 1293465856]
[1293466624, 1293469952]
[1293470720, 1293474048]
[1293474816, 1293478144]
[1293478912, 1293482240]
[1293483008, 1293486336]
[1293487104, 1293490432]
[1293491200, 1293494528]
[1293495296, 1293498624]
[1293499392, 1293502720]
[1293503488, 1293506816]
[1293507584, 1293508096]
[1293508352, 1293510912]
[1293511680, 1293515008]
[1293515776, 1293519104]
[1293519872, 1293523200]
[1293523968, 1293527296]
[1293528064, 1293531392]
[1293532160, 1293535488]
[1293536256, 1293539584]
[1293540352, 1293543680]
[1293544448, 1293547776]
[1293548544, 1293551872]
[1293552640, 1293555968]
[1293556736, 1293560064]
[1293560832, 1293564160]
[1293564928, 1293568256]
[1293569024, 1293572352]
[1293573120, 1293573632]
[1293573888, 1293576448]
[1293577216, 1293580544]
[1293581312, 1293584640]
[1293585408, 1293588736]
[1293589504, 1293592832]
[1293593600, 1293596928]
[1293597696, 1293601024]
[1293601792, 1293605120]
[1293605888, 1293609216]
[1293609984, 1293613312]
[1293614080, 1293617408]
[1293618176, 1293621504]
[1293622272, 1293625600]
[1293626368, 1293629696]
[1293630464, 1293633792]
[1293634560, 1293637888]
[1293638656, 1293639168]
[1293639424, 1293641984]
[1293642752, 1293646080]
[1293646848, 1293650176]
[1293650944, 1293654272]
[1293655040, 1293658368]
[1293659136, 1293662464]
[1293663232, 1293666560]
[1293667328, 1293670656]
[1293671424, 1293674752]
[1293675520, 1293678848]
[1293679616, 1293682944]
[1293683712, 1293687040]
[1293687808, 1293691136]
[1293691904, 1293695232]
[1293696000, 1293699328]
[1293700096, 1293703424]
[1293704192, 1293704704]
[1293704960, 1293707520]
[1293708288, 1293711616]
[1293712384, 1293715712]
[1293716480, 1293719808]
[1293720576, 1293723904]
[1293724672, 1293728000]
[1293728768, 1293732096]
[1293732864, 1293736192]
[1293736960, 1293740288]
[1293741056, 1293744384]
[1293745152, 1293748480]
[1293749248, 1293752576]
[1293753344, 1293756672]
[1293757440, 1293760768]
[1293761536, 1293764864]
[1293765632, 1293768960]
[1293769728, 1293770240]
[1293770496, 1293773056]
[1293773824, 1293777152]
[1293777920, 1293781248]
[1293782016, 1293785344]
[1293786112, 1293789440]
[1293790208, 1293793536]
[1293794304, 1293797632]
[1293798400, 1293801728]
[1293802496, 1293805824]
[1293806592, 1293809920]
[1293810688, 1293814016]
[1293814784, 1293818112]
[1293818880, 1293822208]
[1293822976, 1293826304]
[1293827072, 1293830400]
[1293831168, 1293834496]
[1293835264, 1293835776]
[1293836032, 1293838592]
[1293839360, 1293842688]
[1293843456, 1293846784]
[1293847552, 1293850880]
[1293851648, 1293854976]
[1293855744, 1293859072]
[1293859840, 1293863168]
[1293863936, 1293867264]
[1293868032, 1293871360]
[1293872128, 1293875456]
[1293876224, 1293879552]
[1293880320, 1293883648]
[1293884416, 1293887744]
[1293888512, 1293891840]
[1293892608, 1293895936]
[1293896704, 1293900032]
[1293900800, 1293904128]
[1293904896, 1293908224]
[1293908992, 1293912320]
[1293913088, 1293916416]
[1293917184, 1293920512]
[1293921280, 1293924608]
[1293925376, 1293928704]
[1293929472, 1293932800]
[1293933568, 1293936896]
[1293937664, 1293940992]
[1293941760, 1293945600]
[1293945856, 1293949696]
[1293949952, 1293953792]
[1293954048, 1293957888]
[1293958144, 1293961984]
[1293962240, 1293966080]
[1293966336, 1293966848]
[1293967104, 1293970176]
[1293970432, 1293974272]
[1293974528, 1293978368]
[1293978624, 1293982464]
[1293982720, 1293986560]
[1293986816, 1293990656]
[1293990912, 1293994752]
[1293995008, 1293998848]
[1293999104, 1294002944]
[1294003200, 1294007040]
[1294007296, 1294011136]
[1294011392, 1294015232]
[1294015488, 1294019328]
[1294019584, 1294023424]
[1294023680, 1294027520]
[1294027776, 1294031616]
[1294031872, 1294032384]
[1294032640, 1294035712]
[1294035968, 1294039808]
[1294040064, 1294043904]
[1294044160, 1294048000]
[1294048256, 1294052096]
[1294052352, 1294056192]
[1294056448, 1294060288]
[1294060544, 1294064384]
[1294064640, 1294068480]
[1294068736, 1294072576]
[1294072832, 1294076672]
[1294076928, 1294080768]
[1294081024, 1294084864]
[1294085120, 1294088960]
[1294089216, 1294093056]
[1294093312, 1294097152]
[1294097408, 1294097920]
[1294098176, 1294101248]
[1294101504, 1294105344]
[1294105600, 1294109440]
[1294109696, 1294113536]
[1294113792, 1294117632]
[1294117888, 1294121728]
[1294121984, 1294125824]
[1294126080, 1294129920]
[1294130176, 1294134016]
[1294134272, 1294138112]
[1294138368, 1294142208]
[1294142464, 1294146304]
[1294146560, 1294150400]
[1294150656, 1294154496]
[1294154752, 1294158592]
[1294158848, 1294162688]
[1294162944, 1294163456]
[1294163712, 1294166784]
[1294167040, 1294170880]
[1294171136, 1294174976]
[1294175232, 1294179072]
[1294179328, 1294183168]
[1294183424, 1294187264]
[1294187520, 1294191360]
[1294191616, 1294195456]
[1294195712, 1294199552]
[1294199808, 1294203648]
[1294203904, 1294207744]
[1294208000, 1294211840]
[1294212096, 1294215936]
[1294216192, 1294220032]
[1294220288, 1294224128]
[1294224384, 1294228224]
[1294228480, 1294228992]
[1294229248, 1294232320]
[1294232576, 1294236416]
[1294236672, 1294240512]
[1294240768, 1294244608]
[1294244864, 1294248704]
[1294248960, 1294252800]
[1294253056, 1294256896]
[1294257152, 1294260992]
[1294261248, 1294265088]
[1294265344, 1294269184]
[1294269440, 1294273280]
[1294273536, 1294277376]
[1294277632, 1294281472]
[1294281728, 1294285568]
[1294285824, 1294289664]
[1294289920, 1294293760]
[1294294016, 1294294528]
[1294294784, 1294297856]
[1294298112, 1294301952]
[1294302208, 1294306048]
[1294306304, 1294310144]
[1294310400, 1294314240]
[1294314496, 1294318336]
[1294318592, 1294322432]
[1294322688, 1294326528]
[1294326784, 1294330624]
[1294330880, 1294334720]
[1294334976, 1294338816]
[1294339072, 1294342912]
[1294343168, 1294347008]
[1294347264, 1294351104]
[1294351360, 1294355200]
[1294355456, 1294359296]
[1294359552, 1294360064]
[1294360320, 1294363392]
[1294363648, 1294367488]
[1294367744, 1294371584]
[1294371840, 1294375680]
[1294375936, 1294379776]
[1294380032, 1294383872]
[1294384128, 1294387968]
[1294388224, 1294392064]
[1294392320, 1294396160]
[1294396416, 1294400256]
[1294400512, 1294404352]
[1294404608, 1294408448]
[1294408704, 1294412544]
[1294412800, 1294416640]
[1294416896, 1294420736]
[1294420992, 1294424832]
[1294425088, 1294425600]
[1294425856, 1294428928]
[1294429184, 1294433024]
[1294433280, 1294437120]
[1294437376, 1294441216]
[1294441472, 1294445312]
[1294445568, 1294449408]
[1294449664, 1294453504]
[1294453760, 1294457600]
[1294457856, 1294461696]
[1294461952, 1294465792]
[1294466048, 1294469888]
[1294470144, 1294473984]
[1294474240, 1294478080]
[1294478336, 1294482176]
[1294482432, 1294486272]
[1294486528, 1294490368]
[1294490624, 1294491136]
[1294491392, 1294494464]
[1294494720, 1294498560]
[1294498816, 1294502656]
[1294502912, 1294506752]
[1294507008, 1294510848]
[1294511104, 1294514944]
[1294515200, 1294519040]
[1294519296, 1294523136]
[1294523392, 1294527232]
[1294527488, 1294531328]
[1294531584, 1294535424]
[1294535680, 1294539520]
[1294539776, 1294543616]
[1294543872, 1294547712]
[1294547968, 1294551808]
[1294552064, 1294555904]
[1294556160, 1294556672]
[1294556928, 1294560000]
[1294560256, 1294564096]
[1294564352, 1294568192]
[1294568448, 1294572288]
[1294572544, 1294576384]
[1294576640, 1294580480]
[1294580736, 1294584576]
[1294584832, 1294588672]
[1294588928, 1294592768]
[1294593024, 1294596864]
[1294597120, 1294600960]
[1294601216, 1294605056]
[1294605312, 1294609152]
[1294609408, 1294613248]
[1294613504, 1294617344]
[1294617600, 1294621440]
[1294621696, 1294622208]
[1294622464, 1294625536]
[1294625792, 1294629632]
[1294629888, 1294633728]
[1294633984, 1294637824]
[1294638080, 1294641920]
[1294642176, 1294646016]
[1294646272, 1294650112]
[1294650368, 1294654208]
[1294654464, 1294658304]
[1294658560, 1294662400]
[1294662656, 1294666496]
[1294666752, 1294670592]
[1294670848, 1294674688]
[1294674944, 1294678784]
[1294679040, 1294682880]
[1294683136, 1294686976]
[1294687232, 1294687744]
[1294688000, 1294691072]
[1294691328, 1294695168]
[1294695424, 1294699264]
[1294699520, 1294703360]
[1294703616, 1294707456]
[1294707712, 1294711552]
[1294711808, 1294715648]
[1294715904, 1294719744]
[1294720000, 1294723840]
[1294724096, 1294727936]
[1294728192, 1294732032]
[1294732288, 1294736128]
[1294736384, 1294740224]
[1294740480, 1294744320]
[1294744576, 1294748416]
[1294748672, 1294752512]
[1294752768, 1294753280]
[1294753536, 1294756608]
[1294756864, 1294760704]
[1294760960, 1294764800]
[1294765056, 1294768896]
[1294769152, 1294772992]
[1294773248, 1294777088]
[1294777344, 1294781184]
[1294781440, 1294785280]
[1294785536, 1294789376]
[1294789632, 1294793472]
[1294793728, 1294797568]
[1294797824, 1294801664]
[1294801920, 1294805760]
[1294806016, 1294809856]
[1294810112, 1294813952]
[1294814208, 1294818048]
[1294818304, 1294818816]
[1294819072, 1294822144]
[1294822400, 1294826240]
[1294826496, 1294830336]
[1294830592, 1294834432]
[1294834688, 1294838528]
[1294838784, 1294842624]
[1294842880, 1294846720]
[1294846976, 1294850816]
[1294851072, 1294854912]
[1294855168, 1294859008]
[1294859264, 1294863104]
[1294863360, 1294867200]
[1294867456, 1294871296]
[1294871552, 1294875392]
[1294875648, 1294879488]
[1294879744, 1294883584]
[1294883840, 1294884352]
[1294884608, 1294887680]
[1294887936, 1294891776]
[1294892032, 1294895872]
[1294896128, 1294899968]
[1294900224, 1294904064]
[1294904320, 1294908160]
[1294908416, 1294912256]
[1294912512, 1294916352]
[1294916608, 1294920448]
[1294920704, 1294924544]
[1294924800, 1294928640]
[1294928896, 1294932736]
[1294932992, 1294936832]
[1294937088, 1294940928]
[1294941184, 1294945024]
[1294945280, 1294949120]
[1294949376, 1294949888]
[1294950144, 1294953216]
[1294953472, 1294957312]
[1294957568, 1294961408]
[1294961664, 1294965504]
[1294965760, 1294969600]
[1294969856, 1294973696]
[1294973952, 1294977792]
[1294978048, 1294981888]
[1294982144, 1294985984]
[1294986240, 1294990080]
[1294990336, 1294994176]
[1294994432, 1294998272]
[1294998528, 1295002368]
[1295002624, 1295006464]
[1295006720, 1295010560]
[1295010816, 1295014656]
[1295014912, 1295015424]
[1295015680, 1295018752]
[1295019008, 1295022848]
[1295023104, 1295026944]
[1295027200, 1295031040]
[1295031296, 1295035136]
[1295035392, 1295039232]
[1295039488, 1295043328]
[1295043584, 1295047424]
[1295047680, 1295051520]
[1295051776, 1295055616]
[1295055872, 1295059712]
[1295059968, 1295063808]
[1295064064, 1295067904]
[1295068160, 1295072000]
[1295072256, 1295076096]
[1295076352, 1295080192]
[1295080448, 1295080960]
[1295081216, 1295084288]
[1295084544, 1295088384]
[1295088640, 1295092480]
[1295092736, 1295096576]
[1295096832, 1295100672]
[1295100928, 1295104768]
[1295105024, 1295108864]
[1295109120, 1295112960]
[1295113216, 1295117056]
[1295117312, 1295121152]
[1295121408, 1295125248]
[1295125504, 1295129344]
[1295129600, 1295133440]
[1295133696, 1295137536]
[1295137792, 1295141632]
[1295141888, 1295145728]
[1295145984, 1295146496]
[1295146752, 1295149824]
[1295150080, 1295153920]
[1295154176, 1295158016]
[1295158272, 1295162112]
[1295162368, 1295166208]
[1295166464, 1295170304]
[1295170560, 1295174400]
[1295174656, 1295178496]
[1295178752, 1295182592]
[1295182848, 1295186688]
[1295186944, 1295190784]
[1295191040, 1295194880]
[1295195136, 1295198976]
[1295199232, 1295203072]
[1295203328, 1295207168]
[1295207424, 1295211264]
[1295211520, 1295212032]
[1295212288, 1295215360]
[1295215616, 1295219456]
[1295219712, 1295223552]
[1295223808, 1295227648]
[1295227904, 1295231744]
[1295232000, 1295235840]
[1295236096, 1295239936]
[1295240192, 1295244032]
[1295244288, 1295248128]
[1295248384, 1295252224]
[1295252480, 1295256320]
[1295256576, 1295260416]
[1295260672, 1295264512]
[1295264768, 1295268608]
[1295268864, 1295272704]
[1295272960, 1295276800]
[1295277056, 1295277568]
[1295277824, 1295280896]
[1295281152, 1295284992]
[1295285248, 1295289088]
[1295289344, 1295293184]
[1295293440, 1295297280]
[1295297536, 1295301376]
[1295301632, 1295305472]
[1295305728, 1295309568]
[1295309824, 1295313664]
[1295313920, 1295317760]
[1295318016, 1295321856]
[1295322112, 1295325952]
[1295326208, 1295330048]
[1295330304, 1295334144]
[1295334400, 1295338240]
[1295338496, 1295342336]
[1295342592, 1295343104]
[1295343360, 1295346432]
[1295346688, 1295350528]
[1295350784, 1295354624]
[1295354880, 1295358720]
[1295358976, 1295362816]
[1295363072, 1295366912]
[1295367168, 1295371008]
[1295371264, 1295375104]
[1295375360, 1295379200]
[1295379456, 1295383296]
[1295383552, 1295387392]
[1295387648, 1295391488]
[1295391744, 1295395584]
[1295395840, 1295399680]
[1295399936, 1295403776]
[1295404032, 1295407872]
[1295408128, 1295408640]
[1295408896, 1295411968]
[1295412224, 1295416064]
[1295416320, 1295420160]
[1295420416, 1295424256]
[1295424512, 1295428352]
[1295428608, 1295432448]
[1295432704, 1295436544]
[1295436800, 1295440640]
[1295440896, 1295444736]
[1295444992, 1295448832]
[1295449088, 1295452928]
[1295453184, 1295457024]
[1295457280, 1295461120]
[1295461376, 1295465216]
[1295465472, 1295469312]
[1295469568, 1295473408]
[1295473664, 1295474176]
[1295474432, 1295477504]
[1295477760, 1295481600]
[1295481856, 1295485696]
[1295485952, 1295489792]
[1295490048, 1295493888]
[1295494144, 1295497984]
[1295498240, 1295502080]
[1295502336, 1295506176]
[1295506432, 1295510272]
[1295510528, 1295514368]
[1295514624, 1295518464]
[1295518720, 1295522560]
[1295522816, 1295526656]
[1295526912, 1295530752]
[1295531008, 1295534848]
[1295535104, 1295538944]
[1295539200, 1295539712]
[1295539968, 1295543040]
[1295543296, 1295547136]
[1295547392, 1295551232]
[1295551488, 1295555328]
[1295555584, 1295559424]
[1295559680, 1295563520]
[1295563776, 1295567616]
[1295567872, 1295571712]
[1295571968, 1295575808]
[1295576064, 1295579904]
[1295580160, 1295584000]
[1295584256, 1295588096]
[1295588352, 1295592192]
[1295592448, 1295596288]
[1295596544, 1295600384]
[1295600640, 1295604480]
[1295604736, 1295605248]
[1295605504, 1295608576]
[1295608832, 1295612672]
[1295612928, 1295616768]
[1295617024, 1295620864]
[1295621120, 1295624960]
[1295625216, 1295629056]
[1295629312, 1295633152]
[1295633408, 1295637248]
[1295637504, 1295641344]
[1295641600, 1295645440]
[1295645696, 1295649536]
[1295649792, 1295653632]
[1295653888, 1295657728]
[1295657984, 1295661824]
[1295662080, 1295665920]
[1295666176, 1295670016]
[1295670272, 1295670784]
[1295671040, 1295674112]
[1295674368, 1295678208]
[1295678464, 1295682304]
[1295682560, 1295686400]
[1295686656, 1295690496]
[1295690752, 1295694592]
[1295694848, 1295698688]
[1295698944, 1295702784]
[1295703040, 1295706880]
[1295707136, 1295710976]
[1295711232, 1295715072]
[1295715328, 1295719168]
[1295719424, 1295723264]
[1295723520, 1295727360]
[1295727616, 1295731456]
[1295731712, 1295735552]
[1295735808, 1295736320]
[1295736576, 1295739648]
[1295739904, 1295743744]
[1295744000, 1295747840]
[1295748096, 1295751936]
[1295752192, 1295756032]
[1295756288, 1295760128]
[1295760384, 1295764224]
[1295764480, 1295768320]
[1295768576, 1295772416]
[1295772672, 1295776512]
[1295776768, 1295780608]
[1295780864, 1295784704]
[1295784960, 1295788800]
[1295789056, 1295792896]
[1295793152, 1295796992]
[1295797248, 1295801088]
[1295801344, 1295801856]
[1295802112, 1295805184]
[1295805440, 1295809280]
[1295809536, 1295813376]
[1295813632, 1295817472]
[1295817728, 1295821568]
[1295821824, 1295825664]
[1295825920, 1295829760]
[1295830016, 1295833856]
[1295834112, 1295837952]
[1295838208, 1295842048]
[1295842304, 1295846144]
[1295846400, 1295850240]
[1295850496, 1295854336]
[1295854592, 1295858432]
[1295858688, 1295862528]
[1295862784, 1295866624]
[1295866880, 1295867392]
[1295867648, 1295870720]
[1295870976, 1295874816]
[1295875072, 1295878912]
[1295879168, 1295883008]
[1295883264, 1295887104]
[1295887360, 1295891200]
[1295891456, 1295895296]
[1295895552, 1295899392]
[1295899648, 1295903488]
[1295903744, 1295907584]
[1295907840, 1295911680]
[1295911936, 1295915776]
[1295916032, 1295919872]
[1295920128, 1295923968]
[1295924224, 1295928064]
[1295928320, 1295932160]
[1295932416, 1295932928]
[1295933184, 1295936256]
[1295936512, 1295940352]
[1295940608, 1295944448]
[1295944704, 1295948544]
[1295948800, 1295952640]
[1295952896, 1295956736]
[1295956992, 1295960832]
[1295961088, 1295964928]
[1295965184, 1295969024]
[1295969280, 1295973120]
[1295973376, 1295977216]
[1295977472, 1295981312]
[1295981568, 1295985408]
[1295985664, 1295989504]
[1295989760, 1295993600]
[1295993856, 1295997696]
[1295997952, 1295998464]
[1295998720, 1296001792]
[1296002048, 1296005888]
[1296006144, 1296009984]
[1296010240, 1296014080]
[1296014336, 1296018176]
[1296018432, 1296022272]
[1296022528, 1296026368]
[1296026624, 1296030464]
[1296030720, 1296034560]
[1296034816, 1296038656]
[1296038912, 1296042240]
[1296043008, 1296046336]
[1296047104, 1296050432]
[1296051200, 1296054528]
[1296055296, 1296058624]
[1296059392, 1296062720]
[1296063488, 1296066816]
[1296067584, 1296070912]
[1296071680, 1296075008]
[1296075776, 1296079104]
[1296079872, 1296083200]
[1296083968, 1296087296]
[1296088064, 1296091392]
[1296092160, 1296095488]
[1296096256, 1296099584]
[1296100352, 1296103680]
[1296104448, 1296107776]
[1296108544, 1296111872]
[1296112640, 1296115968]
[1296116736, 1296120064]
[1296120832, 1296124160]
[1296124928, 1296128256]
[1296129024, 1296132352]
[1296133120, 1296136448]
[1296137216, 1296140544]
[1296141312, 1296144640]
[1296145408, 1296148736]
[1296149504, 1296152832]
[1296153600, 1296156928]
[1296157696, 1296161024]
[1296161792, 1296165120]
[1296165888, 1296169216]
[1296169984, 1296173312]
[1296174080, 1296177408]
[1296178176, 1296181504]
[1296182272, 1296185600]
[1296186368, 1296189696]
[1296190464, 1296193792]
[1296194560, 1296197888]
[1296198656, 1296201984]
[1296202752, 1296206080]
[1296206848, 1296210176]
[1296210944, 1296214272]
[1296215040, 1296218368]
[1296219136, 1296222464]
[1296223232, 1296226560]
[1296227328, 1296230656]
[1296231424, 1296234752]
[1296235520, 1296238848]
[1296239616, 1296242944]
[1296243712, 1296247040]
[1296247808, 1296251136]
[1296251904, 1296255232]
[1296256000, 1296259328]
[1296260096, 1296263424]
[1296264192, 1296267520]
[1296268288, 1296271616]
[1296272384, 1296275712]
[1296276480, 1296279808]
[1296280576, 1296283904]
[1296284672, 1296288000]
[1296288768, 1296292096]
[1296292864, 1296296192]
[1296296960, 1296300288]
[1296301056, 1296304384]
[1296305152, 1296308480]
[1296309248, 1296312576]
[1296313344, 1296316672]
[1296317440, 1296320768]
[1296321536, 1296324864]
[1296325632, 1296328960]
[1296329728, 1296333056]
[1296333824, 1296337152]
[1296337920, 1296341248]
[1296342016, 1296345344]
[1296346112, 1296349440]
[1296350208, 1296353536]
[1296354304, 1296357632]
[1296358400, 1296361728]
[1296362496, 1296365824]
[1296366592, 1296369920]
[1296370688, 1296374016]
[1296374784, 1296378112]
[1296378880, 1296382208]
[1296382976, 1296386304]
[1296387072, 1296390400]
[1296391168, 1296394496]
[1296395264, 1296398592]
[1296399360, 1296402688]
[1296403456, 1296406784]
[1296407552, 1296410880]
[1296411648, 1296414976]
[1296415744, 1296419072]
[1296419840, 1296423168]
[1296423936, 1296427264]
[1296428032, 1296431360]
[1296432128, 1296435456]
[1296436224, 1296439552]
[1296440320, 1296443648]
[1296444416, 1296447744]
[1296448512, 1296451840]
[1296452608, 1296455936]
[1296456704, 1296460032]
[1296460800, 1296464128]
[1296464896, 1296468224]
[1296468992, 1296472320]
[1296473088, 1296476416]
[1296477184, 1296480512]
[1296481280, 1296484608]
[1296485376, 1296488704]
[1296489472, 1296492800]
[1296493568, 1296496896]
[1296497664, 1296500992]
[1296501760, 1296505088]
[1296505856, 1296509184]
[1296509952, 1296513280]
[1296514048, 1296517376]
[1296518144, 1296521472]
[1296522240, 1296525568]
[1296526336, 1296529664]
[1296530432, 1296533760]
[1296534528, 1296537856]
[1296538624, 1296541952]
[1296542720, 1296546048]
[1296546816, 1296550144]
[1296550912, 1296554240]
[1296555008, 1296558336]
[1296559104, 1296562432]
[1296563200, 1296566528]
[1296567296, 1296570624]
[1296571392, 1296574720]
[1296575488, 1296578816]
[1296579584, 1296582912]
[1296583680, 1296587008]
[1296587776, 1296591104]
[1296591872, 1296595200]
[1296595968, 1296599296]
[1296600064, 1296603392]
[1296604160, 1296607488]
[1296608256, 1296611584]
[1296612352, 1296615680]
[1296616448, 1296619776]
[1296620544, 1296623872]
[1296624640, 1296627968]
[1296628736, 1296632064]
[1296632832, 1296636160]
[1296636928, 1296640256]
[1296641024, 1296644352]
[1296645120, 1296648448]
[1296649216, 1296652544]
[1296653312, 1296656640]
[1296657408, 1296660736]
[1296661504, 1296664832]
[1296665600, 1296668928]
[1296669696, 1296673024]
[1296673792, 1296677120]
[1296677888, 1296681216]
[1296681984, 1296685312]
[1296686080, 1296689408]
[1296690176, 1296693504]
[1296694272, 1296697600]
[1296698368, 1296701696]
[1296702464, 1296705792]
[1296706560, 1296709888]
[1296710656, 1296713984]
[1296714752, 1296718080]
[1296718848, 1296722176]
[1296722944, 1296726272]
[1296727040, 1296730368]
[1296731136, 1296734464]
[1296735232, 1296738560]
[1296739328, 1296742656]
[1296743424, 1296746752]
[1296747520, 1296750848]
[1296751616, 1296754944]
[1296755712, 1296759040]
[1296759808, 1296763136]
[1296763904, 1296767232]
[1296768000, 1296771328]
[1296772096, 1296775424]
[1296776192, 1296779520]
[1296780288, 1296783616]
[1296784384, 1296787712]
[1296788480, 1296791808]
[1296792576, 1296795904]
[1296796672, 1296800000]
[1296800768, 1296804096]
[1296804864, 1296808192]
[1296808960, 1296812288]
[1296813056, 1296816384]
[1296817152, 1296820480]
[1296821248, 1296824576]
[1296825344, 1296828672]
[1296829440, 1296832768]
[1296833536, 1296836864]
[1296837632, 1296840960]
[1296841728, 1296845056]
[1296845824, 1296849152]
[1296849920, 1296853248]
[1296854016, 1296857344]
[1296858112, 1296861440]
[1296862208, 1296865536]
[1296866304, 1296869632]
[1296870400, 1296873728]
[1296874496, 1296877824]
[1296878592, 1296881920]
[1296882688, 1296886016]
[1296886784, 1296890112]
[1296890880, 1296894208]
[1296894976, 1296898304]
[1296899072, 1296902400]
[1296903168, 1296906496]
[1296907264, 1296910592]
[1296911360, 1296914688]
[1296915456, 1296918784]
[1296919552, 1296922880]
[1296923648, 1296926976]
[1296927744, 1296931072]
[1296931840, 1296935168]
[1296935936, 1296939264]
[1296940032, 1296943360]
[1296944128, 1296947456]
[1296948224, 1296951552]
[1296952320, 1296955648]
[1296956416, 1296959744]
[1296960512, 1296963840]
[1296964608, 1296967936]
[1296968704, 1296972032]
[1296972800, 1296976128]
[1296976896, 1296980224]
[1296980992, 1296984320]
[1296985088, 1296988416]
[1296989184, 1296992512]
[1296993280, 1296996608]
[1296997376, 1297000704]
[1297001472, 1297004800]
[1297005568, 1297008896]
[1297009664, 1297012992]
[1297013760, 1297017088]
[1297017856, 1297021184]
[1297021952, 1297025280]
[1297026048, 1297029376]
[1297030144, 1297033472]
[1297034240, 1297037568]
[1297038336, 1297041664]
[1297042432, 1297045760]
[1297046528, 1297049856]
[1297050624, 1297053952]
[1297054720, 1297058048]
[1297058816, 1297062144]
[1297062912, 1297066240]
[1297067008, 1297070336]
[1297071104, 1297074432]
[1297075200, 1297078528]
[1297079296, 1297082624]
[1297083392, 1297086720]
[1297087488, 1297090816]
[1297091584, 1297094912]
[1297095680, 1297099008]
[1297099776, 1297103104]
[1297103872, 1297107200]
[1297107968, 1297111296]
[1297112064, 1297115392]
[1297116160, 1297119488]
[1297120256, 1297123584]
[1297124352, 1297127680]
[1297128448, 1297131776]
[1297132544, 1297135872]
[1297136640, 1297139968]
[1297140736, 1297144064]
[1297144832, 1297148160]
[1297148928, 1297152256]
[1297153024, 1297156352]
[1297157120, 1297160448]
[1297161216, 1297164544]
[1297165312, 1297168640]
[1297169408, 1297172736]
[1297173504, 1297176832]
[1297177600, 1297180928]
[1297181696, 1297185024]
[1297185792, 1297189120]
[1297189888, 1297193216]
[1297193984, 1297197312]
[1297198080, 1297201408]
[1297202176, 1297205504]
[1297206272, 1297209600]
[1297210368, 1297213696]
[1297214464, 1297217792]
[1297218560, 1297221888]
[1297222656, 1297225984]
[1297226752, 1297230080]
[1297230848, 1297234176]
[1297234944, 1297238272]
[1297239040, 1297242368]
[1297243136, 1297246464]
[1297247232, 1297250560]
[1297251328, 1297254656]
[1297255424, 1297258752]
[1297259520, 1297262848]
[1297263616, 1297266944]
[1297267712, 1297271040]
[1297271808, 1297275136]
[1297275904, 1297279232]
[1297280000, 1297283328]
[1297284096, 1297287424]
[1297288192, 1297291520]
[1297292288, 1297295616]
[1297296384, 1297299712]
[1297300480, 1297303808]
[1297304576, 1297307904]
[1297308672, 1297312000]
[1297312768, 1297316096]
[1297316864, 1297320192]
[1297320960, 1297324288]
[1297325056, 1297328384]
[1297329152, 1297332480]
[1297333248, 1297336576]
[1297337344, 1297340672]
[1297341440, 1297344768]
[1297345536, 1297348864]
[1297349632, 1297352960]
[1297353728, 1297357056]
[1297357824, 1297361152]
[1297361920, 1297365248]
[1297366016, 1297369344]
[1297370112, 1297373440]
[1297374208, 1297377536]
[1297378304, 1297381632]
[1297382400, 1297385728]
[1297386496, 1297389824]
[1297390592, 1297393920]
[1297394688, 1297398016]
[1297398784, 1297402112]
[1297402880, 1297406208]
[1297406976, 1297410304]
[1297411072, 1297414400]
[1297415168, 1297418496]
[1297419264, 1297422592]
[1297423360, 1297426688]
[1297427456, 1297430784]
[1297431552, 1297434880]
[1297435648, 1297438976]
[1297439744, 1297443072]
[1297443840, 1297447168]
[1297447936, 1297451264]
[1297452032, 1297455360]
[1297456128, 1297459456]
[1297460224, 1297463552]
[1297464320, 1297467648]
[1297468416, 1297471744]
[1297472512, 1297475840]
[1297476608, 1297479936]
[1297480704, 1297484032]
[1297484800, 1297488128]
[1297488896, 1297492224]
[1297492992, 1297496320]
[1297497088, 1297500416]
[1297501184, 1297504512]
[1297505280, 1297508608]
[1297509376, 1297512704]
[1297513472, 1297516800]
[1297517568, 1297520896]
[1297521664, 1297524992]
[1297525760, 1297529088]
[1297529856, 1297533184]
[1297533952, 1297537280]
[1297538048, 1297541376]
[1297542144, 1297545472]
[1297546240, 1297549568]
[1297550336, 1297553664]
[1297554432, 1297557760]
[1297558528, 1297561856]
[1297562624, 1297565952]
[1297566720, 1297570048]
[1297570816, 1297574144]
[1297574912, 1297578240]
[1297579008, 1297582336]
[1297583104, 1297586432]
[1297587200, 1297590528]
[1297591296, 1297594624]
[1297595392, 1297598720]
[1297599488, 1297602816]
[1297603584, 1297606912]
[1297607680, 1297611008]
[1297611776, 1297615104]
[1297615872, 1297619200]
[1297619968, 1297623296]
[1297624064, 1297627392]
[1297628160, 1297631488]
[1297632256, 1297635584]
[1297636352, 1297639680]
[1297640448, 1297643776]
[1297644544, 1297647872]
[1297648640, 1297651968]
[1297652736, 1297656064]
[1297656832, 1297660160]
[1297660928, 1297664256]
[1297665024, 1297668352]
[1297669120, 1297672448]
[1297673216, 1297676544]
[1297677312, 1297680640]
[1297681408, 1297684736]
[1297685504, 1297688832]
[1297689600, 1297692928]
[1297693696, 1297697024]
[1297697792, 1297701120]
[1297701888, 1297705216]
[1297705984, 1297709312]
[1297710080, 1297713408]
[1297714176, 1297717504]
[1297718272, 1297721600]
[1297722368, 1297725696]
[1297726464, 1297729792]
[1297730560, 1297733888]
[1297734656, 1297737984]
[1297738752, 1297742080]
[1297742848, 1297746176]
[1297746944, 1297750272]
[1297751040, 1297754368]
[1297755136, 1297758464]
[1297759232, 1297762560]
[1297763328, 1297766656]
[1297767424, 1297770752]
[1297771520, 1297774848]
[1297775616, 1297778944]
[1297779712, 1297783040]
[1297783808, 1297787136]
[1297787904, 1297791232]
[1297792000, 1297795328]
[1297796096, 1297799424]
[1297800192, 1297803520]
[1297804288, 1297807616]
[1297808384, 1297811712]
[1297812480, 1297815808]
[1297816576, 1297819904]
[1297820672, 1297824000]
[1297824768, 1297828096]
[1297828864, 1297832192]
[1297832960, 1297836288]
[1297837056, 1297840384]
[1297841152, 1297844480]
[1297845248, 1297848576]
[1297849344, 1297852672]
[1297853440, 1297856768]
[1297857536, 1297860864]
[1297861632, 1297864960]
[1297865728, 1297869056]
[1297869824, 1297873152]
[1297873920, 1297877248]
[1297878016, 1297881344]
[1297882112, 1297885440]
[1297886208, 1297889536]
[1297890304, 1297893632]
[1297894400, 1297897728]
[1297898496, 1297901824]
[1297902592, 1297905920]
[1297906688, 1297910016]
[1297910784, 1297914112]
[1297914880, 1297918208]
[1297918976, 1297922304]
[1297923072, 1297926400]
[1297927168, 1297930496]
[1297931264, 1297934592]
[1297935360, 1297938688]
[1297939456, 1297942784]
[1297943552, 1297946880]
[1297947648, 1297950976]
[1297951744, 1297955072]
[1297955840, 1297959168]
[1297959936, 1297963264]
[1297964032, 1297967360]
[1297968128, 1297971456]
[1297972224, 1297975552]
[1297976320, 1297979648]
[1297980416, 1297983744]
[1297984512, 1297987840]
[1297988608, 1297991936]
[1297992704, 1297996032]
[1297996800, 1298000128]
[1298000896, 1298004224]
[1298004992, 1298008320]
[1298009088, 1298012416]
[1298013184, 1298016512]
[1298017280, 1298020608]
[1298021376, 1298024704]
[1298025472, 1298028800]
[1298029568, 1298032896]
[1298033664, 1298036992]
[1298037760, 1298041088]
[1298041856, 1298045184]
[1298045952, 1298049280]
[1298050048, 1298053376]
[1298054144, 1298057472]
[1298058240, 1298061568]
[1298062336, 1298065664]
[1298066432, 1298069760]
[1298070528, 1298073856]
[1298074624, 1298077952]
[1298078720, 1298082048]
[1298082816, 1298086144]
[1298086912, 1298090240]
[1298091008, 1298094336]
[1298095104, 1298098432]
[1298099200, 1298102528]
[1298103296, 1298106624]
[1298107392, 1298110720]
[1298111488, 1298114816]
[1298115584, 1298118912]
[1298119680, 1298123008]
[1298123776, 1298127104]
[1298127872, 1298131200]
[1298131968, 1298135296]
[1298136064, 1298139904]
[1298140160, 1298144000]
[1298144256, 1298148096]
[1298148352, 1298152192]
[1298152448, 1298156288]
[1298156544, 1298160384]
[1298160640, 1298164480]
[1298164736, 1298168576]
[1298168832, 1298172672]
[1298172928, 1298176768]
[1298177024, 1298180864]
[1298181120, 1298184960]
[1298185216, 1298189056]
[1298189312, 1298193152]
[1298193408, 1298197248]
[1298197504, 1298201344]
[1298201600, 1298205440]
[1298205696, 1298209536]
[1298209792, 1298213632]
[1298213888, 1298217728]
[1298217984, 1298221824]
[1298222080, 1298225920]
[1298226176, 1298230016]
[1298230272, 1298234112]
[1298234368, 1298238208]
[1298238464, 1298242304]
[1298242560, 1298246400]
[1298246656, 1298250496]
[1298250752, 1298254592]
[1298254848, 1298258688]
[1298258944, 1298262784]
[1298263040, 1298266880]
[1298267136, 1298270976]
[1298271232, 1298275072]
[1298275328, 1298279168]
[1298279424, 1298283264]
[1298283520, 1298287360]
[1298287616, 1298291456]
[1298291712, 1298295552]
[1298295808, 1298299648]
[1298299904, 1298303744]
[1298304000, 1298307840]
[1298308096, 1298311936]
[1298312192, 1298316032]
[1298316288, 1298320128]
[1298320384, 1298324224]
[1298324480, 1298328320]
[1298328576, 1298332416]
[1298332672, 1298336512]
[1298336768, 1298340608]
[1298340864, 1298344704]
[1298344960, 1298348800]
[1298349056, 1298352896]
[1298353152, 1298356992]
[1298357248, 1298361088]
[1298361344, 1298365184]
[1298365440, 1298369280]
[1298369536, 1298373376]
[1298373632, 1298377472]
[1298377728, 1298381568]
[1298381824, 1298385664]
[1298385920, 1298389760]
[1298390016, 1298393856]
[1298394112, 1298397952]
[1298398208, 1298402048]
[1298402304, 1298406144]
[1298406400, 1298410240]
[1298410496, 1298414336]
[1298414592, 1298418432]
[1298418688, 1298422528]
[1298422784, 1298426624]
[1298426880, 1298430720]
[1298430976, 1298434816]
[1298435072, 1298438912]
[1298439168, 1298443008]
[1298443264, 1298447104]
[1298447360, 1298451200]
[1298451456, 1298455296]
[1298455552, 1298459392]
[1298459648, 1298463488]
[1298463744, 1298467584]
[1298467840, 1298471680]
[1298471936, 1298475776]
[1298476032, 1298479872]
[1298480128, 1298483968]
[1298484224, 1298488064]
[1298488320, 1298492160]
[1298492416, 1298496256]
[1298496512, 1298500352]
[1298500608, 1298504448]
[1298504704, 1298508544]
[1298508800, 1298512640]
[1298512896, 1298516736]
[1298516992, 1298520832]
[1298521088, 1298524928]
[1298525184, 1298529024]
[1298529280, 1298533120]
[1298533376, 1298537216]
[1298537472, 1298541312]
[1298541568, 1298545408]
[1298545664, 1298549504]
[1298549760, 1298553600]
[1298553856, 1298557696]
[1298557952, 1298561792]
[1298562048, 1298565888]
[1298566144, 1298569984]
[1298570240, 1298574080]
[1298574336, 1298578176]
[1298578432, 1298582272]
[1298582528, 1298586368]
[1298586624, 1298590464]
[1298590720, 1298594560]
[1298594816, 1298598656]
[1298598912, 1298602752]
[1298603008, 1298606848]
[1298607104, 1298610944]
[1298611200, 1298615040]
[1298615296, 1298619136]
[1298619392, 1298623232]
[1298623488, 1298627328]
[1298627584, 1298631424]
[1298631680, 1298635520]
[1298635776, 1298639616]
[1298639872, 1298643712]
[1298643968, 1298647808]
[1298648064, 1298651904]
[1298652160, 1298656000]
[1298656256, 1298660096]
[1298660352, 1298664192]
[1298664448, 1298668288]
[1298668544, 1298672384]
[1298672640, 1298676480]
[1298676736, 1298680576]
[1298680832, 1298684672]
[1298684928, 1298688768]
[1298689024, 1298692864]
[1298693120, 1298696960]
[1298697216, 1298701056]
[1298701312, 1298705152]
[1298705408, 1298709248]
[1298709504, 1298713344]
[1298713600, 1298717440]
[1298717696, 1298721536]
[1298721792, 1298725632]
[1298725888, 1298729728]
[1298729984, 1298733824]
[1298734080, 1298737920]
[1298738176, 1298742016]
[1298742272, 1298746112]
[1298746368, 1298750208]
[1298750464, 1298754304]
[1298754560, 1298758400]
[1298758656, 1298762496]
[1298762752, 1298766592]
[1298766848, 1298770688]
[1298770944, 1298774784]
[1298775040, 1298778880]
[1298779136, 1298782976]
[1298783232, 1298787072]
[1298787328, 1298791168]
[1298791424, 1298795264]
[1298795520, 1298799360]
[1298799616, 1298803456]
[1298803712, 1298807552]
[1298807808, 1298811648]
[1298811904, 1298815744]
[1298816000, 1298819840]
[1298820096, 1298823936]
[1298824192, 1298828032]
[1298828288, 1298832128]
[1298832384, 1298836224]
[1298836480, 1298840320]
[1298840576, 1298844416]
[1298844672, 1298848512]
[1298848768, 1298852608]
[1298852864, 1298856704]
[1298856960, 1298860800]
[1298861056, 1298864896]
[1298865152, 1298868992]
[1298869248, 1298873088]
[1298873344, 1298877184]
[1298877440, 1298881280]
[1298881536, 1298885376]
[1298885632, 1298889472]
[1298889728, 1298893568]
[1298893824, 1298897664]
[1298897920, 1298901760]
[1298902016, 1298905856]
[1298906112, 1298909952]
[1298910208, 1298914048]
[1298914304, 1298918144]
[1298918400, 1298922240]
[1298922496, 1298926336]
[1298926592, 1298930432]
[1298930688, 1298934528]
[1298934784, 1298938624]
[1298938880, 1298942720]
[1298942976, 1298946816]
[1298947072, 1298950912]
[1298951168, 1298955008]
[1298955264, 1298959104]
[1298959360, 1298963200]
[1298963456, 1298967296]
[1298967552, 1298971392]
[1298971648, 1298975488]
[1298975744, 1298979584]
[1298979840, 1298983680]
[1298983936, 1298987776]
[1298988032, 1298991872]
[1298992128, 1298995968]
[1298996224, 1299000064]
[1299000320, 1299004160]
[1299004416, 1299008256]
[1299008512, 1299012352]
[1299012608, 1299016448]
[1299016704, 1299020544]
[1299020800, 1299024640]
[1299024896, 1299028736]
[1299028992, 1299032832]
[1299033088, 1299036928]
[1299037184, 1299041024]
[1299041280, 1299045120]
[1299045376, 1299049216]
[1299049472, 1299053312]
[1299053568, 1299057408]
[1299057664, 1299061504]
[1299061760, 1299065600]
[1299065856, 1299069696]
[1299069952, 1299073792]
[1299074048, 1299077888]
[1299078144, 1299081984]
[1299082240, 1299086080]
[1299086336, 1299090176]
[1299090432, 1299094272]
[1299094528, 1299098368]
[1299098624, 1299102464]
[1299102720, 1299106560]
[1299106816, 1299110656]
[1299110912, 1299114752]
[1299115008, 1299118848]
[1299119104, 1299122944]
[1299123200, 1299127040]
[1299127296, 1299131136]
[1299131392, 1299135232]
[1299135488, 1299139328]
[1299139584, 1299143424]
[1299143680, 1299147520]
[1299147776, 1299151616]
[1299151872, 1299155712]
[1299155968, 1299159808]
[1299160064, 1299163904]
[1299164160, 1299168000]
[1299168256, 1299172096]
[1299172352, 1299176192]
[1299176448, 1299180288]
[1299180544, 1299184384]
[1299184640, 1299188480]
[1299188736, 1299192576]
[1299192832, 1299196672]
[1299196928, 1299200768]
[1299201024, 1299204864]
[1299205120, 1299208960]
[1299209216, 1299213056]
[1299213312, 1299217152]
[1299217408, 1299221248]
[1299221504, 1299225344]
[1299225600, 1299229440]
[1299229696, 1299233536]
[1299233792, 1299237632]
[1299237888, 1299241728]
[1299241984, 1299245824]
[1299246080, 1299249920]
[1299250176, 1299254016]
[1299254272, 1299258112]
[1299258368, 1299262208]
[1299262464, 1299266304]
[1299266560, 1299270400]
[1299270656, 1299274496]
[1299274752, 1299278592]
[1299278848, 1299282688]
[1299282944, 1299286784]
[1299287040, 1299290880]
[1299291136, 1299294976]
[1299295232, 1299299072]
[1299299328, 1299303168]
[1299303424, 1299307264]
[1299307520, 1299311360]
[1299311616, 1299315456]
[1299315712, 1299319552]
[1299319808, 1299323648]
[1299323904, 1299327744]
[1299328000, 1299331840]
[1299332096, 1299335936]
[1299336192, 1299340032]
[1299340288, 1299344128]
[1299344384, 1299348224]
[1299348480, 1299352320]
[1299352576, 1299356416]
[1299356672, 1299360512]
[1299360768, 1299364608]
[1299364864, 1299368704]
[1299368960, 1299372800]
[1299373056, 1299376896]
[1299377152, 1299380992]
[1299381248, 1299385088]
[1299385344, 1299389184]
[1299389440, 1299393280]
[1299393536, 1299397376]
[1299397632, 1299401472]
[1299401728, 1299405568]
[1299405824, 1299409664]
[1299409920, 1299413760]
[1299414016, 1299417856]
[1299418112, 1299421952]
[1299422208, 1299426048]
[1299426304, 1299430144]
[1299430400, 1299434240]
[1299434496, 1299438336]
[1299438592, 1299442432]
[1299442688, 1299446528]
[1299446784, 1299450624]
[1299450880, 1299454720]
[1299454976, 1299458816]
[1299459072, 1299462912]
[1299463168, 1299467008]
[1299467264, 1299471104]
[1299471360, 1299475200]
[1299475456, 1299479296]
[1299479552, 1299483392]
[1299483648, 1299487488]
[1299487744, 1299491584]
[1299491840, 1299495680]
[1299495936, 1299499776]
[1299500032, 1299503872]
[1299504128, 1299507968]
[1299508224, 1299512064]
[1299512320, 1299516160]
[1299516416, 1299520256]
[1299520512, 1299524352]
[1299524608, 1299528448]
[1299528704, 1299532544]
[1299532800, 1299536640]
[1299536896, 1299540736]
[1299540992, 1299544832]
[1299545088, 1299548928]
[1299549184, 1299553024]
[1299553280, 1299557120]
[1299557376, 1299561216]
[1299561472, 1299565312]
[1299565568, 1299569408]
[1299569664, 1299573504]
[1299573760, 1299577600]
[1299577856, 1299581696]
[1299581952, 1299585792]
[1299586048, 1299589888]
[1299590144, 1299593984]
[1299594240, 1299598080]
[1299598336, 1299602176]
[1299602432, 1299606272]
[1299606528, 1299610368]
[1299610624, 1299614464]
[1299614720, 1299618560]
[1299618816, 1299622656]
[1299622912, 1299626752]
[1299627008, 1299630848]
[1299631104, 1299634944]
[1299635200, 1299639040]
[1299639296, 1299643136]
[1299643392, 1299647232]
[1299647488, 1299651328]
[1299651584, 1299655424]
[1299655680, 1299659520]
[1299659776, 1299663616]
[1299663872, 1299667712]
[1299667968, 1299671808]
[1299672064, 1299675904]
[1299676160, 1299680000]
[1299680256, 1299684096]
[1299684352, 1299688192]
[1299688448, 1299692288]
[1299692544, 1299696384]
[1299696640, 1299700480]
[1299700736, 1299704576]
[1299704832, 1299708672]
[1299708928, 1299712768]
[1299713024, 1299716864]
[1299717120, 1299720960]
[1299721216, 1299725056]
[1299725312, 1299729152]
[1299729408, 1299733248]
[1299733504, 1299737344]
[1299737600, 1299741440]
[1299741696, 1299745536]
[1299745792, 1299749632]
[1299749888, 1299753728]
[1299753984, 1299757824]
[1299758080, 1299761920]
[1299762176, 1299766016]
[1299766272, 1299770112]
[1299770368, 1299774208]
[1299774464, 1299778304]
[1299778560, 1299782400]
[1299782656, 1299786496]
[1299786752, 1299790592]
[1299790848, 1299794688]
[1299794944, 1299798784]
[1299799040, 1299802880]
[1299803136, 1299806976]
[1299807232, 1299811072]
[1299811328, 1299815168]
[1299815424, 1299819264]
[1299819520, 1299823360]
[1299823616, 1299827456]
[1299827712, 1299831552]
[1299831808, 1299835648]
[1299835904, 1299839744]
[1299840000, 1299843840]
[1299844096, 1299847936]
[1299848192, 1299852032]
[1299852288, 1299856128]
[1299856384, 1299860224]
[1299860480, 1299864320]
[1299864576, 1299868416]
[1299868672, 1299872512]
[1299872768, 1299876608]
[1299876864, 1299880704]
[1299880960, 1299884800]
[1299885056, 1299888896]
[1299889152, 1299892992]
[1299893248, 1299897088]
[1299897344, 1299901184]
[1299901440, 1299905280]
[1299905536, 1299909376]
[1299909632, 1299913472]
[1299913728, 1299917568]
[1299917824, 1299921664]
[1299921920, 1299925760]
[1299926016, 1299929856]
[1299930112, 1299933952]
[1299934208, 1299938048]
[1299938304, 1299942144]
[1299942400, 1299946240]
[1299946496, 1299950336]
[1299950592, 1299954432]
[1299954688, 1299958528]
[1299958784, 1299962624]
[1299962880, 1299966720]
[1299966976, 1299970816]
[1299971072, 1299974912]
[1299975168, 1299979008]
[1299979264, 1299983104]
[1299983360, 1299987200]
[1299987456, 1299991296]
[1299991552, 1299995392]
[1299995648, 1299999488]
[1299999744, 1300003584]
[1300003840, 1300007680]
[1300007936, 1300011776]
[1300012032, 1300015872]
[1300016128, 1300019968]
[1300020224, 1300024064]
[1300024320, 1300028160]
[1300028416, 1300032256]
[1300032512, 1300036352]
[1300036608, 1300040448]
[1300040704, 1300044544]
[1300044800, 1300048640]
[1300048896, 1300052736]
[1300052992, 1300056832]
[1300057088, 1300060928]
[1300061184, 1300065024]
[1300065280, 1300069120]
[1300069376, 1300073216]
[1300073472, 1300077312]
[1300077568, 1300081408]
[1300081664, 1300085504]
[1300085760, 1300089600]
[1300089856, 1300093696]
[1300093952, 1300097792]
[1300098048, 1300101888]
[1300102144, 1300105984]
[1300106240, 1300110080]
[1300110336, 1300114176]
[1300114432, 1300118272]
[1300118528, 1300122368]
[1300122624, 1300126464]
[1300126720, 1300130560]
[1300130816, 1300134656]
[1300134912, 1300138752]
[1300139008, 1300142848]
[1300143104, 1300146944]
[1300147200, 1300151040]
[1300151296, 1300155136]
[1300155392, 1300159232]
[1300159488, 1300163328]
[1300163584, 1300167424]
[1300167680, 1300171520]
[1300171776, 1300175616]
[1300175872, 1300179712]
[1300179968, 1300183808]
[1300184064, 1300187904]
[1300188160, 1300192000]
[1300192256, 1300196096]
[1300196352, 1300200192]
[1300200448, 1300204288]
[1300204544, 1300208384]
[1300208640, 1300212480]
[1300212736, 1300216576]
[1300216832, 1300220672]
[1300220928, 1300224768]
[1300225024, 1300228864]
[1300229120, 1300232960]
[1300233216, 1300236544]
[1300237312, 1300240640]
[1300241408, 1300244736]
[1300245504, 1300248832]
[1300249600, 1300252928]
[1300253696, 1300257024]
[1300257792, 1300258304]
[1300258560, 1300261120]
[1300261888, 1300265216]
[1300265984, 1300269312]
[1300270080, 1300273408]
[1300274176, 1300277504]
[1300278272, 1300281600]
[1300282368, 1300285696]
[1300286464, 1300289792]
[1300290560, 1300293888]
[1300294656, 1300297984]
[1300298752, 1300302080]
[1300302848, 1300306176]
[1300306944, 1300310272]
[1300311040, 1300314368]
[1300315136, 1300318464]
[1300319232, 1300322560]
[1300323328, 1300323840]
[1300324096, 1300326656]
[1300327424, 1300330752]
[1300331520, 1300334848]
[1300335616, 1300338944]
[1300339712, 1300343040]
[1300343808, 1300347136]
[1300347904, 1300351232]
[1300352000, 1300355328]
[1300356096, 1300359424]
[1300360192, 1300363520]
[1300364288, 1300367616]
[1300368384, 1300371712]
[1300372480, 1300375808]
[1300376576, 1300379904]
[1300380672, 1300384000]
[1300384768, 1300388096]
[1300388864, 1300389376]
[1300389632, 1300392192]
[1300392960, 1300396288]
[1300397056, 1300400384]
[1300401152, 1300404480]
[1300405248, 1300408576]
[1300409344, 1300412672]
[1300413440, 1300416768]
[1300417536, 1300420864]
[1300421632, 1300424960]
[1300425728, 1300429056]
[1300429824, 1300433152]
[1300433920, 1300437248]
[1300438016, 1300441344]
[1300442112, 1300445440]
[1300446208, 1300449536]
[1300450304, 1300453632]
[1300454400, 1300454912]
[1300455168, 1300457728]
[1300458496, 1300461824]
[1300462592, 1300465920]
[1300466688, 1300470016]
[1300470784, 1300474112]
[1300474880, 1300478208]
[1300478976, 1300482304]
[1300483072, 1300486400]
[1300487168, 1300490496]
[1300491264, 1300494592]
[1300495360, 1300498688]
[1300499456, 1300502784]
[1300503552, 1300506880]
[1300507648, 1300510976]
[1300511744, 1300515072]
[1300515840, 1300519168]
[1300519936, 1300520448]
[1300520704, 1300523264]
[1300524032, 1300527360]
[1300528128, 1300531456]
[1300532224, 1300535552]
[1300536320, 1300539648]
[1300540416, 1300543744]
[1300544512, 1300547840]
[1300548608, 1300551936]
[1300552704, 1300556032]
[1300556800, 1300560128]
[1300560896, 1300564224]
[1300564992, 1300568320]
[1300569088, 1300572416]
[1300573184, 1300576512]
[1300577280, 1300580608]
[1300581376, 1300584704]
[1300585472, 1300585984]
[1300586240, 1300588800]
[1300589568, 1300592896]
[1300593664, 1300596992]
[1300597760, 1300601088]
[1300601856, 1300605184]
[1300605952, 1300609280]
[1300610048, 1300613376]
[1300614144, 1300617472]
[1300618240, 1300621568]
[1300622336, 1300625664]
[1300626432, 1300629760]
[1300630528, 1300633856]
[1300634624, 1300637952]
[1300638720, 1300642048]
[1300642816, 1300646144]
[1300646912, 1300650240]
[1300651008, 1300651520]
[1300651776, 1300654336]
[1300655104, 1300658432]
[1300659200, 1300662528]
[1300663296, 1300666624]
[1300667392, 1300670720]
[1300671488, 1300674816]
[1300675584, 1300678912]
[1300679680, 1300683008]
[1300683776, 1300687104]
[1300687872, 1300691200]
[1300691968, 1300695296]
[1300696064, 1300699392]
[1300700160, 1300703488]
[1300704256, 1300707584]
[1300708352, 1300711680]
[1300712448, 1300715776]
[1300716544, 1300717056]
[1300717312, 1300719872]
[1300720640, 1300723968]
[1300724736, 1300728064]
[1300728832, 1300732160]
[1300732928, 1300736256]
[1300737024, 1300740352]
[1300741120, 1300744448]
[1300745216, 1300748544]
[1300749312, 1300752640]
[1300753408, 1300756736]
[1300757504, 1300760832]
[1300761600, 1300764928]
[1300765696, 1300769024]
[1300769792, 1300773120]
[1300773888, 1300777216]
[1300777984, 1300781312]
[1300782080, 1300782592]
[1300782848, 1300785408]
[1300786176, 1300789504]
[1300790272, 1300793600]
[1300794368, 1300797696]
[1300798464, 1300801792]
[1300802560, 1300805888]
[1300806656, 1300809984]
[1300810752, 1300814080]
[1300814848, 1300818176]
[1300818944, 1300822272]
[1300823040, 1300826368]
[1300827136, 1300830464]
[1300831232, 1300834560]
[1300835328, 1300838656]
[1300839424, 1300842752]
[1300843520, 1300846848]
[1300847616, 1300848128]
[1300848384, 1300850944]
[1300851712, 1300855040]
[1300855808, 1300859136]
[1300859904, 1300863232]
[1300864000, 1300867328]
[1300868096, 1300871424]
[1300872192, 1300875520]
[1300876288, 1300879616]
[1300880384, 1300883712]
[1300884480, 1300887808]
[1300888576, 1300891904]
[1300892672, 1300896000]
[1300896768, 1300900096]
[1300900864, 1300904192]
[1300904960, 1300908288]
[1300909056, 1300912384]
[1300913152, 1300913664]
[1300913920, 1300916480]
[1300917248, 1300920576]
[1300921344, 1300924672]
[1300925440, 1300928768]
[1300929536, 1300932864]
[1300933632, 1300936960]
[1300937728, 1300941056]
[1300941824, 1300945152]
[1300945920, 1300949248]
[1300950016, 1300953344]
[1300954112, 1300957440]
[1300958208, 1300961536]
[1300962304, 1300965632]
[1300966400, 1300969728]
[1300970496, 1300973824]
[1300974592, 1300977920]
[1300978688, 1300979200]
[1300979456, 1300982016]
[1300982784, 1300986112]
[1300986880, 1300990208]
[1300990976, 1300994304]
[1300995072, 1300998400]
[1300999168, 1301002496]
[1301003264, 1301006592]
[1301007360, 1301010688]
[1301011456, 1301014784]
[1301015552, 1301018880]
[1301019648, 1301022976]
[1301023744, 1301027072]
[1301027840, 1301031168]
[1301031936, 1301035264]
[1301036032, 1301039360]
[1301040128, 1301043456]
[1301044224, 1301044736]
[1301044992, 1301047552]
[1301048320, 1301051648]
[1301052416, 1301055744]
[1301056512, 1301059840]
[1301060608, 1301063936]
[1301064704, 1301068032]
[1301068800, 1301072128]
[1301072896, 1301076224]
[1301076992, 1301080320]
[1301081088, 1301084416]
[1301085184, 1301088512]
[1301089280, 1301092608]
[1301093376, 1301096704]
[1301097472, 1301100800]
[1301101568, 1301104896]
[1301105664, 1301108992]
[1301109760, 1301110272]
[1301110528, 1301113088]
[1301113856, 1301117184]
[1301117952, 1301121280]
[1301122048, 1301125376]
[1301126144, 1301129472]
[1301130240, 1301133568]
[1301134336, 1301137664]
[1301138432, 1301141760]
[1301142528, 1301145856]
[1301146624, 1301149952]
[1301150720, 1301154048]
[1301154816, 1301158144]
[1301158912, 1301162240]
[1301163008, 1301166336]
[1301167104, 1301170432]
[1301171200, 1301174528]
[1301175296, 1301175808]
[1301176064, 1301178624]
[1301179392, 1301182720]
[1301183488, 1301186816]
[1301187584, 1301190912]
[1301191680, 1301195008]
[1301195776, 1301199104]
[1301199872, 1301203200]
[1301203968, 1301207296]
[1301208064, 1301211392]
[1301212160, 1301215488]
[1301216256, 1301219584]
[1301220352, 1301223680]
[1301224448, 1301227776]
[1301228544, 1301231872]
[1301232640, 1301235968]
[1301236736, 1301240064]
[1301240832, 1301241344]
[1301241600, 1301244160]
[1301244928, 1301248256]
[1301249024, 1301252352]
[1301253120, 1301256448]
[1301257216, 1301260544]
[1301261312, 1301264640]
[1301265408, 1301268736]
[1301269504, 1301272832]
[1301273600, 1301276928]
[1301277696, 1301281024]
[1301281792, 1301285120]
[1301285888, 1301289216]
[1301289984, 1301293312]
[1301294080, 1301297408]
[1301298176, 1301301504]
[1301302272, 1301305600]
[1301306368, 1301306880]
[1301307136, 1301309696]
[1301310464, 1301313792]
[1301314560, 1301317888]
[1301318656, 1301321984]
[1301322752, 1301326080]
[1301326848, 1301330176]
[1301330944, 1301334272]
[1301335040, 1301338368]
[1301339136, 1301342464]
[1301343232, 1301346560]
[1301347328, 1301350656]
[1301351424, 1301354752]
[1301355520, 1301358848]
[1301359616, 1301362944]
[1301363712, 1301367040]
[1301367808, 1301371136]
[1301371904, 1301372416]
[1301372672, 1301375232]
[1301376000, 1301379328]
[1301380096, 1301383424]
[1301384192, 1301387520]
[1301388288, 1301391616]
[1301392384, 1301395712]
[1301396480, 1301399808]
[1301400576, 1301403904]
[1301404672, 1301408000]
[1301408768, 1301412096]
[1301412864, 1301416192]
[1301416960, 1301420288]
[1301421056, 1301424384]
[1301425152, 1301428480]
[1301429248, 1301432576]
[1301433344, 1301436672]
[1301437440, 1301437952]
[1301438208, 1301440768]
[1301441536, 1301444864]
[1301445632, 1301448960]
[1301449728, 1301453056]
[1301453824, 1301457152]
[1301457920, 1301461248]
[1301462016, 1301465344]
[1301466112, 1301469440]
[1301470208, 1301473536]
[1301474304, 1301477632]
[1301478400, 1301481728]
[1301482496, 1301485824]
[1301486592, 1301489920]
[1301490688, 1301494016]
[1301494784, 1301498112]
[1301498880, 1301502208]
[1301502976, 1301503488]
[1301503744, 1301506304]
[1301507072, 1301510400]
[1301511168, 1301514496]
[1301515264, 1301518592]
[1301519360, 1301522688]
[1301523456, 1301526784]
[1301527552, 1301530880]
[1301531648, 1301534976]
[1301535744, 1301539072]
[1301539840, 1301543168]
[1301543936, 1301547264]
[1301548032, 1301551360]
[1301552128, 1301555456]
[1301556224, 1301559552]
[1301560320, 1301563648]
[1301564416, 1301567744]
[1301568512, 1301569024]
[1301569280, 1301571840]
[1301572608, 1301575936]
[1301576704, 1301580032]
[1301580800, 1301584128]
[1301584896, 1301588224]
[1301588992, 1301592320]
[1301593088, 1301596416]
[1301597184, 1301600512]
[1301601280, 1301604608]
[1301605376, 1301608704]
[1301609472, 1301612800]
[1301613568, 1301616896]
[1301617664, 1301620992]
[1301621760, 1301625088]
[1301625856, 1301629184]
[1301629952, 1301633280]
[1301634048, 1301634560]
[1301634816, 1301637376]
[1301638144, 1301641472]
[1301642240, 1301645568]
[1301646336, 1301649664]
[1301650432, 1301653760]
[1301654528, 1301657856]
[1301658624, 1301661952]
[1301662720, 1301666048]
[1301666816, 1301670144]
[1301670912, 1301674240]
[1301675008, 1301678336]
[1301679104, 1301682432]
[1301683200, 1301686528]
[1301687296, 1301690624]
[1301691392, 1301694720]
[1301695488, 1301698816]
[1301699584, 1301700096]
[1301700352, 1301702912]
[1301703680, 1301707008]
[1301707776, 1301711104]
[1301711872, 1301715200]
[1301715968, 1301719296]
[1301720064, 1301723392]
[1301724160, 1301727488]
[1301728256, 1301731584]
[1301732352, 1301735680]
[1301736448, 1301739776]
[1301740544, 1301743872]
[1301744640, 1301747968]
[1301748736, 1301752064]
[1301752832, 1301756160]
[1301756928, 1301760256]
[1301761024, 1301764352]
[1301765120, 1301765632]
[1301765888, 1301768448]
[1301769216, 1301772544]
[1301773312, 1301776640]
[1301777408, 1301780736]
[1301781504, 1301784832]
[1301785600, 1301788928]
[1301789696, 1301793024]
[1301793792, 1301797120]
[1301797888, 1301801216]
[1301801984, 1301805312]
[1301806080, 1301809408]
[1301810176, 1301813504]
[1301814272, 1301817600]
[1301818368, 1301821696]
[1301822464, 1301825792]
[1301826560, 1301829888]
[1301830656, 1301831168]
[1301831424, 1301833984]
[1301834752, 1301838080]
[1301838848, 1301842176]
[1301842944, 1301846272]
[1301847040, 1301850368]
[1301851136, 1301854464]
[1301855232, 1301858560]
[1301859328, 1301862656]
[1301863424, 1301866752]
[1301867520, 1301870848]
[1301871616, 1301874944]
[1301875712, 1301879040]
[1301879808, 1301883136]
[1301883904, 1301887232]
[1301888000, 1301891328]
[1301892096, 1301895424]
[1301896192, 1301896704]
[1301896960, 1301899520]
[1301900288, 1301903616]
[1301904384, 1301907712]
[1301908480, 1301911808]
[1301912576, 1301915904]
[1301916672, 1301920000]
[1301920768, 1301924096]
[1301924864, 1301928192]
[1301928960, 1301932288]
[1301933056, 1301936384]
[1301937152, 1301940480]
[1301941248, 1301944576]
[1301945344, 1301948672]
[1301949440, 1301952768]
[1301953536, 1301956864]
[1301957632, 1301960960]
[1301961728, 1301962240]
[1301962496, 1301965056]
[1301965824, 1301969152]
[1301969920, 1301973248]
[1301974016, 1301977344]
[1301978112, 1301981440]
[1301982208, 1301985536]
[1301986304, 1301989632]
[1301990400, 1301993728]
[1301994496, 1301997824]
[1301998592, 1302001920]
[1302002688, 1302006016]
[1302006784, 1302010112]
[1302010880, 1302014208]
[1302014976, 1302018304]
[1302019072, 1302022400]
[1302023168, 1302026496]
[1302027264, 1302027776]
[1302028032, 1302030592]
[1302031360, 1302034688]
[1302035456, 1302038784]
[1302039552, 1302042880]
[1302043648, 1302046976]
[1302047744, 1302051072]
[1302051840, 1302055168]
[1302055936, 1302059264]
[1302060032, 1302063360]
[1302064128, 1302067456]
[1302068224, 1302071552]
[1302072320, 1302075648]
[1302076416, 1302079744]
[1302080512, 1302083840]
[1302084608, 1302087936]
[1302088704, 1302092032]
[1302092800, 1302093312]
[1302093568, 1302096128]
[1302096896, 1302100224]
[1302100992, 1302104320]
[1302105088, 1302108416]
[1302109184, 1302112512]
[1302113280, 1302116608]
[1302117376, 1302120704]
[1302121472, 1302124800]
[1302125568, 1302128896]
[1302129664, 1302132992]
[1302133760, 1302137088]
[1302137856, 1302141184]
[1302141952, 1302145280]
[1302146048, 1302149376]
[1302150144, 1302153472]
[1302154240, 1302157568]
[1302158336, 1302158848]
[1302159104, 1302161664]
[1302162432, 1302165760]
[1302166528, 1302169856]
[1302170624, 1302173952]
[1302174720, 1302178048]
[1302178816, 1302182144]
[1302182912, 1302186240]
[1302187008, 1302190336]
[1302191104, 1302194432]
[1302195200, 1302198528]
[1302199296, 1302202624]
[1302203392, 1302206720]
[1302207488, 1302210816]
[1302211584, 1302214912]
[1302215680, 1302219008]
[1302219776, 1302223104]
[1302223872, 1302224384]
[1302224640, 1302227200]
[1302227968, 1302231296]
[1302232064, 1302235392]
[1302236160, 1302239488]
[1302240256, 1302243584]
[1302244352, 1302247680]
[1302248448, 1302251776]
[1302252544, 1302255872]
[1302256640, 1302259968]
[1302260736, 1302264064]
[1302264832, 1302268160]
[1302268928, 1302272256]
[1302273024, 1302276352]
[1302277120, 1302280448]
[1302281216, 1302284544]
[1302285312, 1302288640]
[1302289408, 1302292736]
[1302293504, 1302296832]
[1302297600, 1302300928]
[1302301696, 1302305024]
[1302305792, 1302309120]
[1302309888, 1302313216]
[1302313984, 1302317312]
[1302318080, 1302321408]
[1302322176, 1302325504]
[1302326272, 1302329600]
[1302330368, 1302355456]
[1302355712, 1302420992]
[1302421248, 1302486528]
[1302486784, 1302552064]
[1302552320, 1302617600]
[1302617856, 1302683136]
[1302683392, 1302748672]
[1302748928, 1302814208]
[1302814464, 1302879744]
[1302880000, 1302945280]
[1302945536, 1303010816]
[1303011072, 1303076352]
[1303076608, 1303141888]
[1303142144, 1303207424]
[1303207680, 1303272960]
[1303273216, 1303338496]
[1303338752, 1303404032]
[1303404288, 1303469568]
[1303469824, 1303535104]
[1303535360, 1303600640]
[1303600896, 1303666176]
[1303666432, 1303731712]
[1303731968, 1303797248]
[1303797504, 1303862784]
[1303863040, 1303928320]
[1303928576, 1303993856]
[1303994112, 1304059392]
[1304059648, 1304124928]
[1304125184, 1304190464]
[1304190720, 1304256000]
[1304256256, 1304321536]
[1304321792, 1304387072]
[1304387328, 1304430848]
[1304431616, 1304434944]
[1304435712, 1304439040]
[1304439808, 1304443136]
[1304443904, 1304447232]
[1304448000, 1304451328]
[1304452096, 1304455424]
[1304456192, 1304459520]
[1304460288, 1304463616]
[1304464384, 1304467712]
[1304468480, 1304471808]
[1304472576, 1304475904]
[1304476672, 1304480000]
[1304480768, 1304484096]
[1304484864, 1304488192]
[1304488960, 1304492288]
[1304493056, 1304496384]
[1304497152, 1304500480]
[1304501248, 1304504576]
[1304505344, 1304508672]
[1304509440, 1304512768]
[1304513536, 1304516864]
[1304517632, 1304520960]
[1304521728, 1304525056]
[1304525824, 1304529152]
[1304529920, 1304533248]
[1304534016, 1304537344]
[1304538112, 1304541440]
[1304542208, 1304545536]
[1304546304, 1304549632]
[1304550400, 1304553728]
[1304554496, 1304557824]
[1304558592, 1304561920]
[1304562688, 1304566016]
[1304566784, 1304570112]
[1304570880, 1304574208]
[1304574976, 1304578304]
[1304579072, 1304582400]
[1304583168, 1304586496]
[1304587264, 1304590592]
[1304591360, 1304594688]
[1304595456, 1304598784]
[1304599552, 1304602880]
[1304603648, 1304606976]
[1304607744, 1304611072]
[1304611840, 1304615168]
[1304615936, 1304619264]
[1304620032, 1304623360]
[1304624128, 1304627456]
[1304628224, 1304631552]
[1304632320, 1304635648]
[1304636416, 1304639744]
[1304640512, 1304643840]
[1304644608, 1304647936]
[1304648704, 1304652032]
[1304652800, 1304656128]
[1304656896, 1304660224]
[1304660992, 1304664320]
[1304665088, 1304668416]
[1304669184, 1304672512]
[1304673280, 1304676608]
[1304677376, 1304680704]
[1304681472, 1304684800]
[1304685568, 1304688896]
[1304689664, 1304692992]
[1304693760, 1304697088]
[1304697856, 1304701184]
[1304701952, 1304705280]
[1304706048, 1304709376]
[1304710144, 1304713472]
[1304714240, 1304717568]
[1304718336, 1304721664]
[1304722432, 1304725760]
[1304726528, 1304729856]
[1304730624, 1304733952]
[1304734720, 1304738048]
[1304738816, 1304742144]
[1304742912, 1304746240]
[1304747008, 1304750336]
[1304751104, 1304754432]
[1304755200, 1304758528]
[1304759296, 1304762624]
[1304763392, 1304766720]
[1304767488, 1304770816]
[1304771584, 1304774912]
[1304775680, 1304779008]
[1304779776, 1304783104]
[1304783872, 1304787200]
[1304787968, 1304791296]
[1304792064, 1304795392]
[1304796160, 1304799488]
[1304800256, 1304803584]
[1304804352, 1304807680]
[1304808448, 1304811776]
[1304812544, 1304815872]
[1304816640, 1304819968]
[1304820736, 1304824064]
[1304824832, 1304828160]
[1304828928, 1304832256]
[1304833024, 1304836352]
[1304837120, 1304840448]
[1304841216, 1304844544]
[1304845312, 1304848640]
[1304849408, 1304852736]
[1304853504, 1304856832]
[1304857600, 1304860928]
[1304861696, 1304865024]
[1304865792, 1304869120]
[1304869888, 1304873216]
[1304873984, 1304877312]
[1304878080, 1304881408]
[1304882176, 1304885504]
[1304886272, 1304889600]
[1304890368, 1304893696]
[1304894464, 1304897792]
[1304898560, 1304901888]
[1304902656, 1304905984]
[1304906752, 1304910080]
[1304910848, 1304914176]
[1304914944, 1304918272]
[1304919040, 1304922368]
[1304923136, 1304926464]
[1304927232, 1304930560]
[1304931328, 1304934656]
[1304935424, 1304938752]
[1304939520, 1304942848]
[1304943616, 1304946944]
[1304947712, 1304951040]
[1304951808, 1304955136]
[1304955904, 1304959232]
[1304960000, 1304963328]
[1304964096, 1304967424]
[1304968192, 1304971520]
[1304972288, 1304975616]
[1304976384, 1304979712]
[1304980480, 1304983808]
[1304984576, 1304987904]
[1304988672, 1304992000]
[1304992768, 1304996096]
[1304996864, 1305000192]
[1305000960, 1305004288]
[1305005056, 1305008384]
[1305009152, 1305012480]
[1305013248, 1305016576]
[1305017344, 1305020672]
[1305021440, 1305024768]
[1305025536, 1305028864]
[1305029632, 1305032960]
[1305033728, 1305037056]
[1305037824, 1305041152]
[1305041920, 1305045248]
[1305046016, 1305049344]
[1305050112, 1305053440]
[1305054208, 1305057536]
[1305058304, 1305061632]
[1305062400, 1305065728]
[1305066496, 1305069824]
[1305070592, 1305073920]
[1305074688, 1305078016]
[1305078784, 1305082112]
[1305082880, 1305086208]
[1305086976, 1305090304]
[1305091072, 1305094400]
[1305095168, 1305098496]
[1305099264, 1305102592]
[1305103360, 1305106688]
[1305107456, 1305110784]
[1305111552, 1305114880]
[1305115648, 1305118976]
[1305119744, 1305123072]
[1305123840, 1305127168]
[1305127936, 1305131264]
[1305132032, 1305135360]
[1305136128, 1305139456]
[1305140224, 1305143552]
[1305144320, 1305147648]
[1305148416, 1305151744]
[1305152512, 1305155840]
[1305156608, 1305159936]
[1305160704, 1305164032]
[1305164800, 1305168128]
[1305168896, 1305172224]
[1305172992, 1305176320]
[1305177088, 1305180416]
[1305181184, 1305184512]
[1305185280, 1305188608]
[1305189376, 1305192704]
[1305193472, 1305196800]
[1305197568, 1305200896]
[1305201664, 1305204992]
[1305205760, 1305209088]
[1305209856, 1305213184]
[1305213952, 1305217280]
[1305218048, 1305221376]
[1305222144, 1305225472]
[1305226240, 1305229568]
[1305230336, 1305233664]
[1305234432, 1305237760]
[1305238528, 1305241856]
[1305242624, 1305245952]
[1305246720, 1305250048]
[1305250816, 1305254144]
[1305254912, 1305258240]
[1305259008, 1305262336]
[1305263104, 1305266432]
[1305267200, 1305270528]
[1305271296, 1305274624]
[1305275392, 1305278720]
[1305279488, 1305282816]
[1305283584, 1305286912]
[1305287680, 1305291008]
[1305291776, 1305295104]
[1305295872, 1305299200]
[1305299968, 1305303296]
[1305304064, 1305307392]
[1305308160, 1305311488]
[1305312256, 1305315584]
[1305316352, 1305319680]
[1305320448, 1305323776]
[1305324544, 1305327872]
[1305328640, 1305331968]
[1305332736, 1305336064]
[1305336832, 1305340160]
[1305340928, 1305344256]
[1305345024, 1305348352]
[1305349120, 1305352448]
[1305353216, 1305356544]
[1305357312, 1305360640]
[1305361408, 1305364736]
[1305365504, 1305368832]
[1305369600, 1305372928]
[1305373696, 1305377024]
[1305377792, 1305381120]
[1305381888, 1305385216]
[1305385984, 1305389312]
[1305390080, 1305393408]
[1305394176, 1305397504]
[1305398272, 1305401600]
[1305402368, 1305405696]
[1305406464, 1305409792]
[1305410560, 1305413888]
[1305414656, 1305417984]
[1305418752, 1305422080]
[1305422848, 1305426176]
[1305426944, 1305430272]
[1305431040, 1305434368]
[1305435136, 1305438464]
[1305439232, 1305442560]
[1305443328, 1305446656]
[1305447424, 1305450752]
[1305451520, 1305454848]
[1305455616, 1305458944]
[1305459712, 1305463040]
[1305463808, 1305467136]
[1305467904, 1305471232]
[1305472000, 1305475328]
[1305476096, 1305479424]
[1305480192, 1305483520]
[1305484288, 1305487616]
[1305488384, 1305491712]
[1305492480, 1305495808]
[1305496576, 1305499904]
[1305500672, 1305504000]
[1305504768, 1305508096]
[1305508864, 1305512192]
[1305512960, 1305516288]
[1305517056, 1305520384]
[1305521152, 1305524480]
[1305525248, 1305528576]
[1305529344, 1305532672]
[1305533440, 1305536768]
[1305537536, 1305540864]
[1305541632, 1305544960]
[1305545728, 1305549056]
[1305549824, 1305553152]
[1305553920, 1305557248]
[1305558016, 1305561344]
[1305562112, 1305565440]
[1305566208, 1305569536]
[1305570304, 1305573632]
[1305574400, 1305577728]
[1305578496, 1305581824]
[1305582592, 1305585920]
[1305586688, 1305590016]
[1305590784, 1305594112]
[1305594880, 1305598208]
[1305598976, 1305602304]
[1305603072, 1305606400]
[1305607168, 1305610496]
[1305611264, 1305614592]
[1305615360, 1305618688]
[1305619456, 1305622784]
[1305623552, 1305626880]
[1305627648, 1305630976]
[1305631744, 1305635072]
[1305635840, 1305639168]
[1305639936, 1305643264]
[1305644032, 1305647360]
[1305648128, 1305651456]
[1305652224, 1305655552]
[1305656320, 1305659648]
[1305660416, 1305663744]
[1305664512, 1305667840]
[1305668608, 1305671936]
[1305672704, 1305676032]
[1305676800, 1305680128]
[1305680896, 1305684224]
[1305684992, 1305688320]
[1305689088, 1305692416]
[1305693184, 1305696512]
[1305697280, 1305700608]
[1305701376, 1305704704]
[1305705472, 1305708800]
[1305709568, 1305712896]
[1305713664, 1305716992]
[1305717760, 1305721088]
[1305721856, 1305725184]
[1305725952, 1305729280]
[1305730048, 1305733376]
[1305734144, 1305737472]
[1305738240, 1305741568]
[1305742336, 1305745664]
[1305746432, 1305749760]
[1305750528, 1305753856]
[1305754624, 1305757952]
[1305758720, 1305762048]
[1305762816, 1305766144]
[1305766912, 1305770240]
[1305771008, 1305774336]
[1305775104, 1305778432]
[1305779200, 1305782528]
[1305783296, 1305786624]
[1305787392, 1305790720]
[1305791488, 1305794816]
[1305795584, 1305798912]
[1305799680, 1305803008]
[1305803776, 1305807104]
[1305807872, 1305811200]
[1305811968, 1305815296]
[1305816064, 1305819392]
[1305820160, 1305823488]
[1305824256, 1305827584]
[1305828352, 1305831680]
[1305832448, 1305835776]
[1305836544, 1305839872]
[1305840640, 1305843968]
[1305844736, 1305848064]
[1305848832, 1305852160]
[1305852928, 1305856256]
[1305857024, 1305860352]
[1305861120, 1305864448]
[1305865216, 1305868544]
[1305869312, 1305872640]
[1305873408, 1305876736]
[1305877504, 1305880832]
[1305881600, 1305884928]
[1305885696, 1305889024]
[1305889792, 1305893120]
[1305893888, 1305897216]
[1305897984, 1305901312]
[1305902080, 1305905408]
[1305906176, 1305909504]
[1305910272, 1305913600]
[1305914368, 1305917696]
[1305918464, 1305921792]
[1305922560, 1305925888]
[1305926656, 1305929984]
[1305930752, 1305934080]
[1305934848, 1305938176]
[1305938944, 1305942272]
[1305943040, 1305946368]
[1305947136, 1305950464]
[1305951232, 1305954560]
[1305955328, 1305958656]
[1305959424, 1305962752]
[1305963520, 1305966848]
[1305967616, 1305970944]
[1305971712, 1305975040]
[1305975808, 1305979136]
[1305979904, 1305983232]
[1305984000, 1305987328]
[1305988096, 1305991424]
[1305992192, 1305995520]
[1305996288, 1305999616]
[1306000384, 1306003712]
[1306004480, 1306007808]
[1306008576, 1306011904]
[1306012672, 1306016000]
[1306016768, 1306020096]
[1306020864, 1306024192]
[1306024960, 1306028288]
[1306029056, 1306032384]
[1306033152, 1306036480]
[1306037248, 1306040576]
[1306041344, 1306044672]
[1306045440, 1306048768]
[1306049536, 1306052864]
[1306053632, 1306056960]
[1306057728, 1306061056]
[1306061824, 1306065152]
[1306065920, 1306069248]
[1306070016, 1306073344]
[1306074112, 1306077440]
[1306078208, 1306081536]
[1306082304, 1306085632]
[1306086400, 1306089728]
[1306090496, 1306093824]
[1306094592, 1306097920]
[1306098688, 1306102016]
[1306102784, 1306106112]
[1306106880, 1306110208]
[1306110976, 1306114304]
[1306115072, 1306118400]
[1306119168, 1306122496]
[1306123264, 1306126592]
[1306127360, 1306130688]
[1306131456, 1306134784]
[1306135552, 1306138880]
[1306139648, 1306142976]
[1306143744, 1306147072]
[1306147840, 1306151168]
[1306151936, 1306155264]
[1306156032, 1306159360]
[1306160128, 1306163456]
[1306164224, 1306167552]
[1306168320, 1306171648]
[1306172416, 1306175744]
[1306176512, 1306179840]
[1306180608, 1306183936]
[1306184704, 1306188032]
[1306188800, 1306192128]
[1306192896, 1306196224]
[1306196992, 1306200320]
[1306201088, 1306204416]
[1306205184, 1306208512]
[1306209280, 1306212608]
[1306213376, 1306216704]
[1306217472, 1306220800]
[1306221568, 1306224896]
[1306225664, 1306228992]
[1306229760, 1306233088]
[1306233856, 1306237184]
[1306237952, 1306241280]
[1306242048, 1306245376]
[1306246144, 1306249472]
[1306250240, 1306253568]
[1306254336, 1306257664]
[1306258432, 1306261760]
[1306262528, 1306265856]
[1306266624, 1306269952]
[1306270720, 1306274048]
[1306274816, 1306278144]
[1306278912, 1306282240]
[1306283008, 1306286336]
[1306287104, 1306290432]
[1306291200, 1306294528]
[1306295296, 1306298624]
[1306299392, 1306302720]
[1306303488, 1306306816]
[1306307584, 1306310912]
[1306311680, 1306315008]
[1306315776, 1306319104]
[1306319872, 1306323200]
[1306323968, 1306327296]
[1306328064, 1306331392]
[1306332160, 1306335488]
[1306336256, 1306339584]
[1306340352, 1306343680]
[1306344448, 1306347776]
[1306348544, 1306351872]
[1306352640, 1306355968]
[1306356736, 1306360064]
[1306360832, 1306364160]
[1306364928, 1306368256]
[1306369024, 1306372352]
[1306373120, 1306376448]
[1306377216, 1306380544]
[1306381312, 1306384640]
[1306385408, 1306388736]
[1306389504, 1306392832]
[1306393600, 1306396928]
[1306397696, 1306401024]
[1306401792, 1306405120]
[1306405888, 1306409216]
[1306409984, 1306413312]
[1306414080, 1306417408]
[1306418176, 1306421504]
[1306422272, 1306425600]
[1306426368, 1306429696]
[1306430464, 1306433792]
[1306434560, 1306437888]
[1306438656, 1306441984]
[1306442752, 1306446080]
[1306446848, 1306450176]
[1306450944, 1306454272]
[1306455040, 1306458368]
[1306459136, 1306462464]
[1306463232, 1306466560]
[1306467328, 1306470656]
[1306471424, 1306474752]
[1306475520, 1306478848]
[1306479616, 1306482944]
[1306483712, 1306487040]
[1306487808, 1306491136]
[1306491904, 1306495232]
[1306496000, 1306499328]
[1306500096, 1306503424]
[1306504192, 1306507520]
[1306508288, 1306511616]
[1306512384, 1306515712]
[1306516480, 1306519808]
[1306520576, 1306523904]
[1306524672, 1308622848]
