[1560281088, 1560283392]
[1560284160, 1560287488]
[1560288256, 1560291584]
[1560292352, 1560295680]
[1560296448, 1560299776]
[1560300544, 1560303872]
[1560304640, 1560305152]
[1560305408, 1560307968]
[1560308736, 1560312064]
[1560312832, 1560316160]
[1560316928, 1560320256]
[1560321024, 1560324352]
[1560325120, 1560328448]
[1560329216, 1560332544]
[1560333312, 1560336640]
[1560337408, 1560340736]
[1560341504, 1560344832]
[1560345600, 1560348928]
[1560349696, 1560353024]
[1560353792, 1560357120]
[1560357888, 1560361216]
[1560361984, 1560365312]
[1560366080, 1560369408]
[1560370176, 1560370688]
[1560370944, 1560373504]
[1560374272, 1560377600]
[1560378368, 1560381696]
[1560382464, 1560385792]
[1560386560, 1560389888]
[1560390656, 1560393984]
[1560394752, 1560398080]
[1560398848, 1560402176]
[1560402944, 1560406272]
[1560407040, 1560410368]
[1560411136, 1560414464]
[1560415232, 1560418560]
[1560419328, 1560422656]
[1560423424, 1560426752]
[1560427520, 1560430848]
[1560431616, 1560434944]
[1560435712, 1560436224]
[1560436480, 1560439040]
[1560439808, 1560443136]
[1560443904, 1560447232]
[1560448000, 1560451328]
[1560452096, 1560455424]
[1560456192, 1560459520]
[1560460288, 1560463616]
[1560464384, 1560467712]
[1560468480, 1560471808]
[1560472576, 1560475904]
[1560476672, 1560480000]
[1560480768, 1560484096]
[1560484864, 1560488192]
[1560488960, 1560492288]
[1560493056, 1560496384]
[1560497152, 1560500480]
[1560501248, 1560501760]
[1560502016, 1560504576]
[1560505344, 1560508672]
[1560509440, 1560512768]
[1560513536, 1560516864]
[1560517632, 1560520960]
[1560521728, 1560525056]
[1560525824, 1560529152]
[1560529920, 1560533248]
[1560534016, 1560537344]
[1560538112, 1560541440]
[1560542208, 1560545536]
[1560546304, 1560549632]
[1560550400, 1560553728]
[1560554496, 1560557824]
[1560558592, 1560561920]
[1560562688, 1560566016]
[1560566784, 1560567296]
[1560567552, 1560570112]
[1560570880, 1560574208]
[1560574976, 1560578304]
[1560579072, 1560582400]
[1560583168, 1560586496]
[1560587264, 1560590592]
[1560591360, 1560594688]
[1560595456, 1560598784]
[1560599552, 1560602880]
[1560603648, 1560606976]
[1560607744, 1560611072]
[1560611840, 1560615168]
[1560615936, 1560619264]
[1560620032, 1560623360]
[1560624128, 1560627456]
[1560628224, 1560631552]
[1560632320, 1560632832]
[1560633088, 1560635648]
[1560636416, 1560639744]
[1560640512, 1560643840]
[1560644608, 1560647936]
[1560648704, 1560652032]
[1560652800, 1560656128]
[1560656896, 1560660224]
[1560660992, 1560664320]
[1560665088, 1560668416]
[1560669184, 1560672512]
[1560673280, 1560676608]
[1560677376, 1560680704]
[1560681472, 1560684800]
[1560685568, 1560688896]
[1560689664, 1560692992]
[1560693760, 1560697088]
[1560697856, 1560698368]
[1560698624, 1560701184]
[1560701952, 1560705280]
[1560706048, 1560709376]
[1560710144, 1560713472]
[1560714240, 1560717568]
[1560718336, 1560721664]
[1560722432, 1560725760]
[1560726528, 1560729856]
[1560730624, 1560733952]
[1560734720, 1560738048]
[1560738816, 1560742144]
[1560742912, 1560746240]
[1560747008, 1560750336]
[1560751104, 1560754432]
[1560755200, 1560758528]
[1560759296, 1560762624]
[1560763392, 1560763904]
[1560764160, 1560766720]
[1560767488, 1560770816]
[1560771584, 1560774912]
[1560775680, 1560779008]
[1560779776, 1560783104]
[1560783872, 1560787200]
[1560787968, 1560791296]
[1560792064, 1560795392]
[1560796160, 1560799488]
[1560800256, 1560803584]
[1560804352, 1560807680]
[1560808448, 1560811776]
[1560812544, 1560815872]
[1560816640, 1560819968]
[1560820736, 1560824064]
[1560824832, 1560828160]
[1560828928, 1560829440]
[1560829696, 1560832256]
[1560833024, 1560836352]
[1560837120, 1560840448]
[1560841216, 1560844544]
[1560845312, 1560848640]
[1560849408, 1560852736]
[1560853504, 1560856832]
[1560857600, 1560860928]
[1560861696, 1560865024]
[1560865792, 1560869120]
[1560869888, 1560873216]
[1560873984, 1560877312]
[1560878080, 1560881408]
[1560882176, 1560885504]
[1560886272, 1560889600]
[1560890368, 1560893696]
[1560894464, 1560894976]
[1560895232, 1560897792]
[1560898560, 1560901888]
[1560902656, 1560905984]
[1560906752, 1560910080]
[1560910848, 1560914176]
[1560914944, 1560918272]
[1560919040, 1560922368]
[1560923136, 1560926464]
[1560927232, 1560930560]
[1560931328, 1560934656]
[1560935424, 1560938752]
[1560939520, 1560942848]
[1560943616, 1560946944]
[1560947712, 1560951040]
[1560951808, 1560955136]
[1560955904, 1560959232]
[1560960000, 1560960512]
[1560960768, 1560963328]
[1560964096, 1560967424]
[1560968192, 1560971520]
[1560972288, 1560975616]
[1560976384, 1560979712]
[1560980480, 1560983808]
[1560984576, 1560987904]
[1560988672, 1560992000]
[1560992768, 1560996096]
[1560996864, 1561000192]
[1561000960, 1561004288]
[1561005056, 1561008384]
[1561009152, 1561012480]
[1561013248, 1561016576]
[1561017344, 1561020672]
[1561021440, 1561024768]
[1561025536, 1561026048]
[1561026304, 1561028864]
[1561029632, 1561032960]
[1561033728, 1561037056]
[1561037824, 1561041152]
[1561041920, 1561045248]
[1561046016, 1561049344]
[1561050112, 1561053440]
[1561054208, 1561057536]
[1561058304, 1561061632]
[1561062400, 1561065728]
[1561066496, 1561069824]
[1561070592, 1561073920]
[1561074688, 1561078016]
[1561078784, 1561082112]
[1561082880, 1561086208]
[1561086976, 1561090304]
[1561091072, 1561091584]
[1561091840, 1561094400]
[1561095168, 1561098496]
[1561099264, 1561102592]
[1561103360, 1561106688]
[1561107456, 1561110784]
[1561111552, 1561114880]
[1561115648, 1561118976]
[1561119744, 1561123072]
[1561123840, 1561127168]
[1561127936, 1561131264]
[1561132032, 1561135360]
[1561136128, 1561139456]
[1561140224, 1561143552]
[1561144320, 1561147648]
[1561148416, 1561151744]
[1561152512, 1561155840]
[1561156608, 1561157120]
[1561157376, 1561159936]
[1561160704, 1561164032]
[1561164800, 1561168128]
[1561168896, 1561172224]
[1561172992, 1561176320]
[1561177088, 1561180416]
[1561181184, 1561184512]
[1561185280, 1561188608]
[1561189376, 1561192704]
[1561193472, 1561196800]
[1561197568, 1561200896]
[1561201664, 1561204992]
[1561205760, 1561209088]
[1561209856, 1561213184]
[1561213952, 1561217280]
[1561218048, 1561221376]
[1561222144, 1561222656]
[1561222912, 1561225472]
[1561226240, 1561229568]
[1561230336, 1561233664]
[1561234432, 1561237760]
[1561238528, 1561241856]
[1561242624, 1561245952]
[1561246720, 1561250048]
[1561250816, 1561254144]
[1561254912, 1561258240]
[1561259008, 1561262336]
[1561263104, 1561266432]
[1561267200, 1561270528]
[1561271296, 1561274624]
[1561275392, 1561278720]
[1561279488, 1561282816]
[1561283584, 1561286912]
[1561287680, 1561288192]
[1561288448, 1561291008]
[1561291776, 1561295104]
[1561295872, 1561299200]
[1561299968, 1561303296]
[1561304064, 1561307392]
[1561308160, 1561311488]
[1561312256, 1561315584]
[1561316352, 1561319680]
[1561320448, 1561323776]
[1561324544, 1561327872]
[1561328640, 1561331968]
[1561332736, 1561336064]
[1561336832, 1561340160]
[1561340928, 1561344256]
[1561345024, 1561348352]
[1561349120, 1561352448]
[1561353216, 1561353728]
[1561353984, 1561356544]
[1561357312, 1561360640]
[1561361408, 1561364736]
[1561365504, 1561368832]
[1561369600, 1561372928]
[1561373696, 1561377024]
[1561377792, 1561381120]
[1561381888, 1561385216]
[1561385984, 1561389312]
[1561390080, 1561393408]
[1561394176, 1561397504]
[1561398272, 1561401600]
[1561402368, 1561405696]
[1561406464, 1561409792]
[1561410560, 1561413888]
[1561414656, 1561417984]
[1561418752, 1561419264]
[1561419520, 1561422080]
[1561422848, 1561426176]
[1561426944, 1561430272]
[1561431040, 1561434368]
[1561435136, 1561438464]
[1561439232, 1561442560]
[1561443328, 1561446656]
[1561447424, 1561450752]
[1561451520, 1561454848]
[1561455616, 1561458944]
[1561459712, 1561463040]
[1561463808, 1561467136]
[1561467904, 1561471232]
[1561472000, 1561475328]
[1561476096, 1561479424]
[1561480192, 1561483520]
[1561484288, 1561484800]
[1561485056, 1561487616]
[1561488384, 1561491712]
[1561492480, 1561495808]
[1561496576, 1561499904]
[1561500672, 1561504000]
[1561504768, 1561508096]
[1561508864, 1561512192]
[1561512960, 1561516288]
[1561517056, 1561520384]
[1561521152, 1561524480]
[1561525248, 1561528576]
[1561529344, 1561532672]
[1561533440, 1561536768]
[1561537536, 1561540864]
[1561541632, 1561544960]
[1561545728, 1561549056]
[1561549824, 1561550336]
[1561550592, 1561553152]
[1561553920, 1561557248]
[1561558016, 1561561344]
[1561562112, 1561565440]
[1561566208, 1561569536]
[1561570304, 1561573632]
[1561574400, 1561577728]
[1561578496, 1561581824]
[1561582592, 1561585920]
[1561586688, 1561590016]
[1561590784, 1561594112]
[1561594880, 1561598208]
[1561598976, 1561602304]
[1561603072, 1561606400]
[1561607168, 1561610496]
[1561611264, 1561614592]
[1561615360, 1561615872]
[1561616128, 1561618688]
[1561619456, 1561622784]
[1561623552, 1561626880]
[1561627648, 1561630976]
[1561631744, 1561635072]
[1561635840, 1561639168]
[1561639936, 1561643264]
[1561644032, 1561647360]
[1561648128, 1561651456]
[1561652224, 1561655552]
[1561656320, 1561659648]
[1561660416, 1561663744]
[1561664512, 1561667840]
[1561668608, 1561671936]
[1561672704, 1561676032]
[1561676800, 1561680128]
[1561680896, 1561681408]
[1561681664, 1561684224]
[1561684992, 1561688320]
[1561689088, 1561692416]
[1561693184, 1561696512]
[1561697280, 1561700608]
[1561701376, 1561704704]
[1561705472, 1561708800]
[1561709568, 1561712896]
[1561713664, 1561716992]
[1561717760, 1561721088]
[1561721856, 1561725184]
[1561725952, 1561729280]
[1561730048, 1561733376]
[1561734144, 1561737472]
[1561738240, 1561741568]
[1561742336, 1561745664]
[1561746432, 1561746944]
[1561747200, 1561749760]
[1561750528, 1561753856]
[1561754624, 1561757952]
[1561758720, 1561762048]
[1561762816, 1561766144]
[1561766912, 1561770240]
[1561771008, 1561774336]
[1561775104, 1561778432]
[1561779200, 1561782528]
[1561783296, 1561786624]
[1561787392, 1561790720]
[1561791488, 1561794816]
[1561795584, 1561798912]
[1561799680, 1561803008]
[1561803776, 1561807104]
[1561807872, 1561811200]
[1561811968, 1561812480]
[1561812736, 1561815296]
[1561816064, 1561819392]
[1561820160, 1561823488]
[1561824256, 1561827584]
[1561828352, 1561831680]
[1561832448, 1561835776]
[1561836544, 1561839872]
[1561840640, 1561843968]
[1561844736, 1561848064]
[1561848832, 1561852160]
[1561852928, 1561856256]
[1561857024, 1561860352]
[1561861120, 1561864448]
[1561865216, 1561868544]
[1561869312, 1561872640]
[1561873408, 1561876736]
[1561877504, 1561878016]
[1561878272, 1561880832]
[1561881600, 1561884928]
[1561885696, 1561889024]
[1561889792, 1561893120]
[1561893888, 1561897216]
[1561897984, 1561901312]
[1561902080, 1561905408]
[1561906176, 1561909504]
[1561910272, 1561913600]
[1561914368, 1561917696]
[1561918464, 1561921792]
[1561922560, 1561925888]
[1561926656, 1561929984]
[1561930752, 1561934080]
[1561934848, 1561938176]
[1561938944, 1561942272]
[1561943040, 1561943552]
[1561943808, 1561946368]
[1561947136, 1561950464]
[1561951232, 1561954560]
[1561955328, 1561958656]
[1561959424, 1561962752]
[1561963520, 1561966848]
[1561967616, 1561970944]
[1561971712, 1561975040]
[1561975808, 1561979136]
[1561979904, 1561983232]
[1561984000, 1561987328]
[1561988096, 1561991424]
[1561992192, 1561995520]
[1561996288, 1561999616]
[1562000384, 1562003712]
[1562004480, 1562007808]
[1562008576, 1562009088]
[1562009344, 1562011904]
[1562012672, 1562016000]
[1562016768, 1562020096]
[1562020864, 1562024192]
[1562024960, 1562028288]
[1562029056, 1562032384]
[1562033152, 1562036480]
[1562037248, 1562040576]
[1562041344, 1562044672]
[1562045440, 1562048768]
[1562049536, 1562052864]
[1562053632, 1562056960]
[1562057728, 1562061056]
[1562061824, 1562065152]
[1562065920, 1562069248]
[1562070016, 1562073344]
[1562074112, 1562074624]
[1562074880, 1562077440]
[1562078208, 1562081536]
[1562082304, 1562085632]
[1562086400, 1562089728]
[1562090496, 1562093824]
[1562094592, 1562097920]
[1562098688, 1562102016]
[1562102784, 1562106112]
[1562106880, 1562110208]
[1562110976, 1562114304]
[1562115072, 1562118400]
[1562119168, 1562122496]
[1562123264, 1562126592]
[1562127360, 1562130688]
[1562131456, 1562134784]
[1562135552, 1562138880]
[1562139648, 1562140160]
[1562140416, 1562142976]
[1562143744, 1562147072]
[1562147840, 1562151168]
[1562151936, 1562155264]
[1562156032, 1562159360]
[1562160128, 1562163456]
[1562164224, 1562167552]
[1562168320, 1562171648]
[1562172416, 1562175744]
[1562176512, 1562179840]
[1562180608, 1562183936]
[1562184704, 1562188032]
[1562188800, 1562192128]
[1562192896, 1562196224]
[1562196992, 1562200320]
[1562201088, 1562204416]
[1562205184, 1562205696]
[1562205952, 1562208512]
[1562209280, 1562212608]
[1562213376, 1562216704]
[1562217472, 1562220800]
[1562221568, 1562224896]
[1562225664, 1562228992]
[1562229760, 1562233088]
[1562233856, 1562237184]
[1562237952, 1562241280]
[1562242048, 1562245376]
[1562246144, 1562249472]
[1562250240, 1562253568]
[1562254336, 1562257664]
[1562258432, 1562261760]
[1562262528, 1562265856]
[1562266624, 1562269952]
[1562270720, 1562271232]
[1562271488, 1562274048]
[1562274816, 1562278144]
[1562278912, 1562282240]
[1562283008, 1562286336]
[1562287104, 1562290432]
[1562291200, 1562294528]
[1562295296, 1562298624]
[1562299392, 1562302720]
[1562303488, 1562306816]
[1562307584, 1562310912]
[1562311680, 1562315008]
[1562315776, 1562319104]
[1562319872, 1562323200]
[1562323968, 1562327296]
[1562328064, 1562331392]
[1562332160, 1562335488]
[1562336256, 1562339584]
[1562340352, 1562343680]
[1562344448, 1562347776]
[1562348544, 1562351872]
[1562352640, 1562355968]
[1562356736, 1562360064]
[1562360832, 1562364160]
[1562364928, 1562368256]
[1562369024, 1562372352]
[1562373120, 1562376448]
[1562377216, 1562381056]
[1562381312, 1562385152]
[1562385408, 1562389248]
[1562389504, 1562393344]
[1562393600, 1562397440]
[1562397696, 1562401536]
[1562401792, 1562402304]
[1562402560, 1562405632]
[1562405888, 1562409728]
[1562409984, 1562413824]
[1562414080, 1562417920]
[1562418176, 1562422016]
[1562422272, 1562426112]
[1562426368, 1562430208]
[1562430464, 1562434304]
[1562434560, 1562438400]
[1562438656, 1562442496]
[1562442752, 1562446592]
[1562446848, 1562450688]
[1562450944, 1562454784]
[1562455040, 1562458880]
[1562459136, 1562462976]
[1562463232, 1562467072]
[1562467328, 1562467840]
[1562468096, 1562471168]
[1562471424, 1562475264]
[1562475520, 1562479360]
[1562479616, 1562483456]
[1562483712, 1562487552]
[1562487808, 1562491648]
[1562491904, 1562495744]
[1562496000, 1562499840]
[1562500096, 1562503936]
[1562504192, 1562508032]
[1562508288, 1562512128]
[1562512384, 1562516224]
[1562516480, 1562520320]
[1562520576, 1562524416]
[1562524672, 1562528512]
[1562528768, 1562532608]
[1562532864, 1562533376]
[1562533632, 1562536704]
[1562536960, 1562540800]
[1562541056, 1562544896]
[1562545152, 1562548992]
[1562549248, 1562553088]
[1562553344, 1562557184]
[1562557440, 1562561280]
[1562561536, 1562565376]
[1562565632, 1562569472]
[1562569728, 1562573568]
[1562573824, 1562577664]
[1562577920, 1562581760]
[1562582016, 1562585856]
[1562586112, 1562589952]
[1562590208, 1562594048]
[1562594304, 1562598144]
[1562598400, 1562598912]
[1562599168, 1562602240]
[1562602496, 1562606336]
[1562606592, 1562610432]
[1562610688, 1562614528]
[1562614784, 1562618624]
[1562618880, 1562622720]
[1562622976, 1562626816]
[1562627072, 1562630912]
[1562631168, 1562635008]
[1562635264, 1562639104]
[1562639360, 1562643200]
[1562643456, 1562647296]
[1562647552, 1562651392]
[1562651648, 1562655488]
[1562655744, 1562659584]
[1562659840, 1562663680]
[1562663936, 1562664448]
[1562664704, 1562667776]
[1562668032, 1562671872]
[1562672128, 1562675968]
[1562676224, 1562680064]
[1562680320, 1562684160]
[1562684416, 1562688256]
[1562688512, 1562692352]
[1562692608, 1562696448]
[1562696704, 1562700544]
[1562700800, 1562704640]
[1562704896, 1562708736]
[1562708992, 1562712832]
[1562713088, 1562716928]
[1562717184, 1562721024]
[1562721280, 1562725120]
[1562725376, 1562729216]
[1562729472, 1562729984]
[1562730240, 1562733312]
[1562733568, 1562737408]
[1562737664, 1562741504]
[1562741760, 1562745600]
[1562745856, 1562749696]
[1562749952, 1562753792]
[1562754048, 1562757888]
[1562758144, 1562761984]
[1562762240, 1562766080]
[1562766336, 1562770176]
[1562770432, 1562774272]
[1562774528, 1562778368]
[1562778624, 1562782464]
[1562782720, 1562786560]
[1562786816, 1562790656]
[1562790912, 1562794752]
[1562795008, 1562795520]
[1562795776, 1562798848]
[1562799104, 1562802944]
[1562803200, 1562807040]
[1562807296, 1562811136]
[1562811392, 1562815232]
[1562815488, 1562819328]
[1562819584, 1562823424]
[1562823680, 1562827520]
[1562827776, 1562831616]
[1562831872, 1562835712]
[1562835968, 1562839808]
[1562840064, 1562843904]
[1562844160, 1562848000]
[1562848256, 1562852096]
[1562852352, 1562856192]
[1562856448, 1562860288]
[1562860544, 1562861056]
[1562861312, 1562864384]
[1562864640, 1562868480]
[1562868736, 1562872576]
[1562872832, 1562876672]
[1562876928, 1562880768]
[1562881024, 1562884864]
[1562885120, 1562888960]
[1562889216, 1562893056]
[1562893312, 1562897152]
[1562897408, 1562901248]
[1562901504, 1562905344]
[1562905600, 1562909440]
[1562909696, 1562913536]
[1562913792, 1562917632]
[1562917888, 1562921728]
[1562921984, 1562925824]
[1562926080, 1562926592]
[1562926848, 1562929920]
[1562930176, 1562934016]
[1562934272, 1562938112]
[1562938368, 1562942208]
[1562942464, 1562946304]
[1562946560, 1562950400]
[1562950656, 1562954496]
[1562954752, 1562958592]
[1562958848, 1562962688]
[1562962944, 1562966784]
[1562967040, 1562970880]
[1562971136, 1562974976]
[1562975232, 1562979072]
[1562979328, 1562983168]
[1562983424, 1562987264]
[1562987520, 1562991360]
[1562991616, 1562992128]
[1562992384, 1562995456]
[1562995712, 1562999552]
[1562999808, 1563003648]
[1563003904, 1563007744]
[1563008000, 1563011840]
[1563012096, 1563015936]
[1563016192, 1563020032]
[1563020288, 1563024128]
[1563024384, 1563028224]
[1563028480, 1563032320]
[1563032576, 1563036416]
[1563036672, 1563040512]
[1563040768, 1563044608]
[1563044864, 1563048704]
[1563048960, 1563052800]
[1563053056, 1563056896]
[1563057152, 1563057664]
[1563057920, 1563060992]
[1563061248, 1563065088]
[1563065344, 1563069184]
[1563069440, 1563073280]
[1563073536, 1563077376]
[1563077632, 1563081472]
[1563081728, 1563085568]
[1563085824, 1563089664]
[1563089920, 1563093760]
[1563094016, 1563097856]
[1563098112, 1563101952]
[1563102208, 1563106048]
[1563106304, 1563110144]
[1563110400, 1563114240]
[1563114496, 1563118336]
[1563118592, 1563122432]
[1563122688, 1563123200]
[1563123456, 1563126528]
[1563126784, 1563130624]
[1563130880, 1563134720]
[1563134976, 1563138816]
[1563139072, 1563142912]
[1563143168, 1563147008]
[1563147264, 1563151104]
[1563151360, 1563155200]
[1563155456, 1563159296]
[1563159552, 1563163392]
[1563163648, 1563167488]
[1563167744, 1563171584]
[1563171840, 1563175680]
[1563175936, 1563179776]
[1563180032, 1563183872]
[1563184128, 1563187968]
[1563188224, 1563188736]
[1563188992, 1563192064]
[1563192320, 1563196160]
[1563196416, 1563200256]
[1563200512, 1563204352]
[1563204608, 1563208448]
[1563208704, 1563212544]
[1563212800, 1563216640]
[1563216896, 1563220736]
[1563220992, 1563224832]
[1563225088, 1563228928]
[1563229184, 1563233024]
[1563233280, 1563237120]
[1563237376, 1563241216]
[1563241472, 1563245312]
[1563245568, 1563249408]
[1563249664, 1563253504]
[1563253760, 1563254272]
[1563254528, 1563257600]
[1563257856, 1563261696]
[1563261952, 1563265792]
[1563266048, 1563269888]
[1563270144, 1563273984]
[1563274240, 1563278080]
[1563278336, 1563282176]
[1563282432, 1563286272]
[1563286528, 1563290368]
[1563290624, 1563294464]
[1563294720, 1563298560]
[1563298816, 1563302656]
[1563302912, 1563306752]
[1563307008, 1563310848]
[1563311104, 1563314944]
[1563315200, 1563319040]
[1563319296, 1563319808]
[1563320064, 1563323136]
[1563323392, 1563327232]
[1563327488, 1563331328]
[1563331584, 1563335424]
[1563335680, 1563339520]
[1563339776, 1563343616]
[1563343872, 1563347712]
[1563347968, 1563351808]
[1563352064, 1563355904]
[1563356160, 1563360000]
[1563360256, 1563364096]
[1563364352, 1563368192]
[1563368448, 1563372288]
[1563372544, 1563376384]
[1563376640, 1563380480]
[1563380736, 1563384576]
[1563384832, 1563385344]
[1563385600, 1563388672]
[1563388928, 1563392768]
[1563393024, 1563396864]
[1563397120, 1563400960]
[1563401216, 1563405056]
[1563405312, 1563409152]
[1563409408, 1563413248]
[1563413504, 1563417344]
[1563417600, 1563421440]
[1563421696, 1563425536]
[1563425792, 1563429632]
[1563429888, 1563433728]
[1563433984, 1563437824]
[1563438080, 1563441920]
[1563442176, 1563446016]
[1563446272, 1563450112]
[1563450368, 1563450880]
[1563451136, 1563454208]
[1563454464, 1563458304]
[1563458560, 1563462400]
[1563462656, 1563466496]
[1563466752, 1563470592]
[1563470848, 1563474688]
[1563474944, 1563478784]
[1563479040, 1563482880]
[1563483136, 1563486976]
[1563487232, 1563491072]
[1563491328, 1563495168]
[1563495424, 1563499264]
[1563499520, 1563503360]
[1563503616, 1563507456]
[1563507712, 1563511552]
[1563511808, 1563515648]
[1563515904, 1563516416]
[1563516672, 1563519744]
[1563520000, 1563523840]
[1563524096, 1563527936]
[1563528192, 1563532032]
[1563532288, 1563536128]
[1563536384, 1563540224]
[1563540480, 1563544320]
[1563544576, 1563548416]
[1563548672, 1563552512]
[1563552768, 1563556608]
[1563556864, 1563560704]
[1563560960, 1563564800]
[1563565056, 1563568896]
[1563569152, 1563572992]
[1563573248, 1563577088]
[1563577344, 1563581184]
[1563581440, 1563581952]
[1563582208, 1563585280]
[1563585536, 1563589376]
[1563589632, 1563593472]
[1563593728, 1563597568]
[1563597824, 1563601664]
[1563601920, 1563605760]
[1563606016, 1563609856]
[1563610112, 1563613952]
[1563614208, 1563618048]
[1563618304, 1563622144]
[1563622400, 1563626240]
[1563626496, 1563630336]
[1563630592, 1563634432]
[1563634688, 1563638528]
[1563638784, 1563642624]
[1563642880, 1563646720]
[1563646976, 1563647488]
[1563647744, 1563650816]
[1563651072, 1563654912]
[1563655168, 1563659008]
[1563659264, 1563663104]
[1563663360, 1563667200]
[1563667456, 1563671296]
[1563671552, 1563675392]
[1563675648, 1563679488]
[1563679744, 1563683584]
[1563683840, 1563687680]
[1563687936, 1563691776]
[1563692032, 1563695872]
[1563696128, 1563699968]
[1563700224, 1563704064]
[1563704320, 1563708160]
[1563708416, 1563712256]
[1563712512, 1563713024]
[1563713280, 1563716352]
[1563716608, 1563720448]
[1563720704, 1563724544]
[1563724800, 1563728640]
[1563728896, 1563732736]
[1563732992, 1563736832]
[1563737088, 1563740928]
[1563741184, 1563745024]
[1563745280, 1563749120]
[1563749376, 1563753216]
[1563753472, 1563757312]
[1563757568, 1563761408]
[1563761664, 1563765504]
[1563765760, 1563769600]
[1563769856, 1563773696]
[1563773952, 1563777792]
[1563778048, 1563778560]
[1563778816, 1563781888]
[1563782144, 1563785984]
[1563786240, 1563790080]
[1563790336, 1563794176]
[1563794432, 1563798272]
[1563798528, 1563802368]
[1563802624, 1563806464]
[1563806720, 1563810560]
[1563810816, 1563814656]
[1563814912, 1563818752]
[1563819008, 1563822848]
[1563823104, 1563826944]
[1563827200, 1563831040]
[1563831296, 1563835136]
[1563835392, 1563839232]
[1563839488, 1563843328]
[1563843584, 1563844096]
[1563844352, 1563847424]
[1563847680, 1563851520]
[1563851776, 1563855616]
[1563855872, 1563859712]
[1563859968, 1563863808]
[1563864064, 1563867904]
[1563868160, 1563872000]
[1563872256, 1563876096]
[1563876352, 1563880192]
[1563880448, 1563884288]
[1563884544, 1563888384]
[1563888640, 1563892480]
[1563892736, 1563896576]
[1563896832, 1563900672]
[1563900928, 1563904768]
[1563905024, 1563908864]
[1563909120, 1563909632]
[1563909888, 1563912960]
[1563913216, 1563917056]
[1563917312, 1563921152]
[1563921408, 1563925248]
[1563925504, 1563929344]
[1563929600, 1563933440]
[1563933696, 1563937536]
[1563937792, 1563941632]
[1563941888, 1563945728]
[1563945984, 1563949824]
[1563950080, 1563953920]
[1563954176, 1563958016]
[1563958272, 1563962112]
[1563962368, 1563966208]
[1563966464, 1563970304]
[1563970560, 1563974400]
[1563974656, 1563975168]
[1563975424, 1563978496]
[1563978752, 1563982592]
[1563982848, 1563986688]
[1563986944, 1563990784]
[1563991040, 1563994880]
[1563995136, 1563998976]
[1563999232, 1564003072]
[1564003328, 1564007168]
[1564007424, 1564011264]
[1564011520, 1564015360]
[1564015616, 1564019456]
[1564019712, 1564023552]
[1564023808, 1564027648]
[1564027904, 1564031744]
[1564032000, 1564035840]
[1564036096, 1564039936]
[1564040192, 1564040704]
[1564040960, 1564044032]
[1564044288, 1564048128]
[1564048384, 1564052224]
[1564052480, 1564056320]
[1564056576, 1564060416]
[1564060672, 1564064512]
[1564064768, 1564068608]
[1564068864, 1564072704]
[1564072960, 1564076800]
[1564077056, 1564080896]
[1564081152, 1564084992]
[1564085248, 1564089088]
[1564089344, 1564093184]
[1564093440, 1564097280]
[1564097536, 1564101376]
[1564101632, 1564105472]
[1564105728, 1564106240]
[1564106496, 1564109568]
[1564109824, 1564113664]
[1564113920, 1564117760]
[1564118016, 1564121856]
[1564122112, 1564125952]
[1564126208, 1564130048]
[1564130304, 1564134144]
[1564134400, 1564138240]
[1564138496, 1564142336]
[1564142592, 1564146432]
[1564146688, 1564150528]
[1564150784, 1564154624]
[1564154880, 1564158720]
[1564158976, 1564162816]
[1564163072, 1564166912]
[1564167168, 1564171008]
[1564171264, 1564171776]
[1564172032, 1564175104]
[1564175360, 1564179200]
[1564179456, 1564183296]
[1564183552, 1564187392]
[1564187648, 1564191488]
[1564191744, 1564195584]
[1564195840, 1564199680]
[1564199936, 1564203776]
[1564204032, 1564207872]
[1564208128, 1564211968]
[1564212224, 1564216064]
[1564216320, 1564220160]
[1564220416, 1564224256]
[1564224512, 1564228352]
[1564228608, 1564232448]
[1564232704, 1564236544]
[1564236800, 1564237312]
[1564237568, 1564240640]
[1564240896, 1564244736]
[1564244992, 1564248832]
[1564249088, 1564252928]
[1564253184, 1564257024]
[1564257280, 1564261120]
[1564261376, 1564265216]
[1564265472, 1564269312]
[1564269568, 1564273408]
[1564273664, 1564277504]
[1564277760, 1564281600]
[1564281856, 1564285696]
[1564285952, 1564289792]
[1564290048, 1564293888]
[1564294144, 1564297984]
[1564298240, 1564302080]
[1564302336, 1564302848]
[1564303104, 1564306176]
[1564306432, 1564310272]
[1564310528, 1564314368]
[1564314624, 1564318464]
[1564318720, 1564322560]
[1564322816, 1564326656]
[1564326912, 1564330752]
[1564331008, 1564334848]
[1564335104, 1564338944]
[1564339200, 1564343040]
[1564343296, 1564347136]
[1564347392, 1564351232]
[1564351488, 1564355328]
[1564355584, 1564359424]
[1564359680, 1564363520]
[1564363776, 1564367616]
[1564367872, 1564368384]
[1564368640, 1564371712]
[1564371968, 1564375808]
[1564376064, 1564379904]
[1564380160, 1564384000]
[1564384256, 1564388096]
[1564388352, 1564392192]
[1564392448, 1564396288]
[1564396544, 1564400384]
[1564400640, 1564404480]
[1564404736, 1564408576]
[1564408832, 1564412672]
[1564412928, 1564416768]
[1564417024, 1564420864]
[1564421120, 1564424960]
[1564425216, 1564429056]
[1564429312, 1564433152]
[1564433408, 1564433920]
[1564434176, 1564437248]
[1564437504, 1564441344]
[1564441600, 1564445440]
[1564445696, 1564449536]
[1564449792, 1564453632]
[1564453888, 1564457728]
[1564457984, 1564461824]
[1564462080, 1564465920]
[1564466176, 1564470016]
[1564470272, 1564474112]
[1564474368, 1564477696]
[1564478464, 1564481792]
[1564482560, 1564485888]
[1564486656, 1564489984]
[1564490752, 1564494080]
[1564494848, 1564498176]
[1564498944, 1564502272]
[1564503040, 1564506368]
[1564507136, 1564510464]
[1564511232, 1564514560]
[1564515328, 1564518656]
[1564519424, 1564522752]
[1564523520, 1564526848]
[1564527616, 1564530944]
[1564531712, 1564535040]
[1564535808, 1564539136]
[1564539904, 1564543232]
[1564544000, 1564547328]
[1564548096, 1564551424]
[1564552192, 1564555520]
[1564556288, 1564559616]
[1564560384, 1564563712]
[1564564480, 1564567808]
[1564568576, 1564571904]
[1564572672, 1564576000]
[1564576768, 1564580096]
[1564580864, 1564584192]
[1564584960, 1564588288]
[1564589056, 1564592384]
[1564593152, 1564596480]
[1564597248, 1564600576]
[1564601344, 1564604672]
[1564605440, 1564608768]
[1564609536, 1564612864]
[1564613632, 1564616960]
[1564617728, 1564621056]
[1564621824, 1564625152]
[1564625920, 1564629248]
[1564630016, 1564633344]
[1564634112, 1564637440]
[1564638208, 1564641536]
[1564642304, 1564645632]
[1564646400, 1564649728]
[1564650496, 1564653824]
[1564654592, 1564657920]
[1564658688, 1564662016]
[1564662784, 1564666112]
[1564666880, 1564670208]
[1564670976, 1564674304]
[1564675072, 1564678400]
[1564679168, 1564682496]
[1564683264, 1564686592]
[1564687360, 1564690688]
[1564691456, 1564694784]
[1564695552, 1564698880]
[1564699648, 1564702976]
[1564703744, 1564707072]
[1564707840, 1564711168]
[1564711936, 1564715264]
[1564716032, 1564719360]
[1564720128, 1564723456]
[1564724224, 1564727552]
[1564728320, 1564731648]
[1564732416, 1564735744]
[1564736512, 1564739840]
[1564740608, 1564743936]
[1564744704, 1564748032]
[1564748800, 1564752128]
[1564752896, 1564756224]
[1564756992, 1564760320]
[1564761088, 1564764416]
[1564765184, 1564768512]
[1564769280, 1564772608]
[1564773376, 1564776704]
[1564777472, 1564780800]
[1564781568, 1564784896]
[1564785664, 1564788992]
[1564789760, 1564793088]
[1564793856, 1564797184]
[1564797952, 1564801280]
[1564802048, 1564805376]
[1564806144, 1564809472]
[1564810240, 1564813568]
[1564814336, 1564817664]
[1564818432, 1564821760]
[1564822528, 1564825856]
[1564826624, 1564829952]
[1564830720, 1564834048]
[1564834816, 1564838144]
[1564838912, 1564842240]
[1564843008, 1564846336]
[1564847104, 1564850432]
[1564851200, 1564854528]
[1564855296, 1564858624]
[1564859392, 1564862720]
[1564863488, 1564866816]
[1564867584, 1564870912]
[1564871680, 1564875008]
[1564875776, 1564879104]
[1564879872, 1564883200]
[1564883968, 1564887296]
[1564888064, 1564891392]
[1564892160, 1564895488]
[1564896256, 1564899584]
[1564900352, 1564903680]
[1564904448, 1564907776]
[1564908544, 1564911872]
[1564912640, 1564915968]
[1564916736, 1564920064]
[1564920832, 1564924160]
[1564924928, 1564928256]
[1564929024, 1564932352]
[1564933120, 1564936448]
[1564937216, 1564940544]
[1564941312, 1564944640]
[1564945408, 1564948736]
[1564949504, 1564952832]
[1564953600, 1564956928]
[1564957696, 1564961024]
[1564961792, 1564965120]
[1564965888, 1564969216]
[1564969984, 1564973312]
[1564974080, 1564977408]
[1564978176, 1564981504]
[1564982272, 1564985600]
[1564986368, 1564989696]
[1564990464, 1564993792]
[1564994560, 1564997888]
[1564998656, 1565001984]
[1565002752, 1565006080]
[1565006848, 1565010176]
[1565010944, 1565014272]
[1565015040, 1565018368]
[1565019136, 1565022464]
[1565023232, 1565026560]
[1565027328, 1565030656]
[1565031424, 1565034752]
[1565035520, 1565038848]
[1565039616, 1565042944]
[1565043712, 1565047040]
[1565047808, 1565051136]
[1565051904, 1565055232]
[1565056000, 1565059328]
[1565060096, 1565063424]
[1565064192, 1565067520]
[1565068288, 1565071616]
[1565072384, 1565075712]
[1565076480, 1565079808]
[1565080576, 1565083904]
[1565084672, 1565088000]
[1565088768, 1565092096]
[1565092864, 1565096192]
[1565096960, 1565100288]
[1565101056, 1565104384]
[1565105152, 1565108480]
[1565109248, 1565112576]
[1565113344, 1565116672]
[1565117440, 1565120768]
[1565121536, 1565124864]
[1565125632, 1565128960]
[1565129728, 1565133056]
[1565133824, 1565137152]
[1565137920, 1565141248]
[1565142016, 1565145344]
[1565146112, 1565149440]
[1565150208, 1565153536]
[1565154304, 1565157632]
[1565158400, 1565161728]
[1565162496, 1565165824]
[1565166592, 1565169920]
[1565170688, 1565174016]
[1565174784, 1565178112]
[1565178880, 1565182208]
[1565182976, 1565186304]
[1565187072, 1565190400]
[1565191168, 1565194496]
[1565195264, 1565198592]
[1565199360, 1565202688]
[1565203456, 1565206784]
[1565207552, 1565210880]
[1565211648, 1565214976]
[1565215744, 1565219072]
[1565219840, 1565223168]
[1565223936, 1565227264]
[1565228032, 1565231360]
[1565232128, 1565235456]
[1565236224, 1565239552]
[1565240320, 1565243648]
[1565244416, 1565247744]
[1565248512, 1565251840]
[1565252608, 1565255936]
[1565256704, 1565260032]
[1565260800, 1565264128]
[1565264896, 1565268224]
[1565268992, 1565272320]
[1565273088, 1565276416]
[1565277184, 1565280512]
[1565281280, 1565284608]
[1565285376, 1565288704]
[1565289472, 1565292800]
[1565293568, 1565296896]
[1565297664, 1565300992]
[1565301760, 1565305088]
[1565305856, 1565309184]
[1565309952, 1565313280]
[1565314048, 1565317376]
[1565318144, 1565321472]
[1565322240, 1565325568]
[1565326336, 1565329664]
[1565330432, 1565333760]
[1565334528, 1565337856]
[1565338624, 1565341952]
[1565342720, 1565346048]
[1565346816, 1565350144]
[1565350912, 1565354240]
[1565355008, 1565358336]
[1565359104, 1565362432]
[1565363200, 1565366528]
[1565367296, 1565370624]
[1565371392, 1565374720]
[1565375488, 1565378816]
[1565379584, 1565382912]
[1565383680, 1565387008]
[1565387776, 1565391104]
[1565391872, 1565395200]
[1565395968, 1565399296]
[1565400064, 1565403392]
[1565404160, 1565407488]
[1565408256, 1565411584]
[1565412352, 1565415680]
[1565416448, 1565419776]
[1565420544, 1565423872]
[1565424640, 1565427968]
[1565428736, 1565432064]
[1565432832, 1565436160]
[1565436928, 1565440256]
[1565441024, 1565444352]
[1565445120, 1565448448]
[1565449216, 1565452544]
[1565453312, 1565456640]
[1565457408, 1565460736]
[1565461504, 1565464832]
[1565465600, 1565468928]
[1565469696, 1565473024]
[1565473792, 1565477120]
[1565477888, 1565481216]
[1565481984, 1565485312]
[1565486080, 1565489408]
[1565490176, 1565493504]
[1565494272, 1565497600]
[1565498368, 1565501696]
[1565502464, 1565505792]
[1565506560, 1565509888]
[1565510656, 1565513984]
[1565514752, 1565518080]
[1565518848, 1565522176]
[1565522944, 1565526272]
[1565527040, 1565530368]
[1565531136, 1565534464]
[1565535232, 1565538560]
[1565539328, 1565542656]
[1565543424, 1565546752]
[1565547520, 1565550848]
[1565551616, 1565554944]
[1565555712, 1565559040]
[1565559808, 1565563136]
[1565563904, 1565567232]
[1565568000, 1565571328]
[1565572096, 1565575424]
[1565576192, 1565579520]
[1565580288, 1565583616]
[1565584384, 1565587712]
[1565588480, 1565591808]
[1565592576, 1565595904]
[1565596672, 1565600000]
[1565600768, 1565604096]
[1565604864, 1565608192]
[1565608960, 1565612288]
[1565613056, 1565616384]
[1565617152, 1565620480]
[1565621248, 1565624576]
[1565625344, 1565628672]
[1565629440, 1565632768]
[1565633536, 1565636864]
[1565637632, 1565640960]
[1565641728, 1565645056]
[1565645824, 1565649152]
[1565649920, 1565653248]
[1565654016, 1565657344]
[1565658112, 1565661440]
[1565662208, 1565665536]
[1565666304, 1565669632]
[1565670400, 1565673728]
[1565674496, 1565677824]
[1565678592, 1565681920]
[1565682688, 1565686016]
[1565686784, 1565690112]
[1565690880, 1565694208]
[1565694976, 1565698304]
[1565699072, 1565702400]
[1565703168, 1565706496]
[1565707264, 1565710592]
[1565711360, 1565714688]
[1565715456, 1565718784]
[1565719552, 1565722880]
[1565723648, 1565726976]
[1565727744, 1565731072]
[1565731840, 1565735168]
[1565735936, 1565739264]
[1565740032, 1565743360]
[1565744128, 1565747456]
[1565748224, 1565751552]
[1565752320, 1565755648]
[1565756416, 1565759744]
[1565760512, 1565763840]
[1565764608, 1565767936]
[1565768704, 1565772032]
[1565772800, 1565776128]
[1565776896, 1565780224]
[1565780992, 1565784320]
[1565785088, 1565788416]
[1565789184, 1565792512]
[1565793280, 1565796608]
[1565797376, 1565800704]
[1565801472, 1565804800]
[1565805568, 1565808896]
[1565809664, 1565812992]
[1565813760, 1565817088]
[1565817856, 1565821184]
[1565821952, 1565825280]
[1565826048, 1565829376]
[1565830144, 1565833472]
[1565834240, 1565837568]
[1565838336, 1565841664]
[1565842432, 1565845760]
[1565846528, 1565849856]
[1565850624, 1565853952]
[1565854720, 1565858048]
[1565858816, 1565862144]
[1565862912, 1565866240]
[1565867008, 1565870336]
[1565871104, 1565874432]
[1565875200, 1565878528]
[1565879296, 1565882624]
[1565883392, 1565886720]
[1565887488, 1565890816]
[1565891584, 1565894912]
[1565895680, 1565899008]
[1565899776, 1565903104]
[1565903872, 1565907200]
[1565907968, 1565911296]
[1565912064, 1565915392]
[1565916160, 1565919488]
[1565920256, 1565923584]
[1565924352, 1565927680]
[1565928448, 1565931776]
[1565932544, 1565935872]
[1565936640, 1565939968]
[1565940736, 1565944064]
[1565944832, 1565948160]
[1565948928, 1565952256]
[1565953024, 1565956352]
[1565957120, 1565960448]
[1565961216, 1565964544]
[1565965312, 1565968640]
[1565969408, 1565972736]
[1565973504, 1565976832]
[1565977600, 1565980928]
[1565981696, 1565985024]
[1565985792, 1565989120]
[1565989888, 1565993216]
[1565993984, 1565997312]
[1565998080, 1566001408]
[1566002176, 1566005504]
[1566006272, 1566009600]
[1566010368, 1566013696]
[1566014464, 1566017792]
[1566018560, 1566021888]
[1566022656, 1566025984]
[1566026752, 1566030080]
[1566030848, 1566034176]
[1566034944, 1566038272]
[1566039040, 1566042368]
[1566043136, 1566046464]
[1566047232, 1566050560]
[1566051328, 1566054656]
[1566055424, 1566058752]
[1566059520, 1566062848]
[1566063616, 1566066944]
[1566067712, 1566071040]
[1566071808, 1566075136]
[1566075904, 1566079232]
[1566080000, 1566083328]
[1566084096, 1566087424]
[1566088192, 1566091520]
[1566092288, 1566095616]
[1566096384, 1566099712]
[1566100480, 1566103808]
[1566104576, 1566107904]
[1566108672, 1566112000]
[1566112768, 1566116096]
[1566116864, 1566120192]
[1566120960, 1566124288]
[1566125056, 1566128384]
[1566129152, 1566132480]
[1566133248, 1566136576]
[1566137344, 1566140672]
[1566141440, 1566144768]
[1566145536, 1566148864]
[1566149632, 1566152960]
[1566153728, 1566157056]
[1566157824, 1566161152]
[1566161920, 1566165248]
[1566166016, 1566169344]
[1566170112, 1566173440]
[1566174208, 1566177536]
[1566178304, 1566181632]
[1566182400, 1566185728]
[1566186496, 1566189824]
[1566190592, 1566193920]
[1566194688, 1566198016]
[1566198784, 1566202112]
[1566202880, 1566206208]
[1566206976, 1566210304]
[1566211072, 1566214400]
[1566215168, 1566218496]
[1566219264, 1566222592]
[1566223360, 1566226688]
[1566227456, 1566230784]
[1566231552, 1566234880]
[1566235648, 1566238976]
[1566239744, 1566243072]
[1566243840, 1566247168]
[1566247936, 1566251264]
[1566252032, 1566255360]
[1566256128, 1566259456]
[1566260224, 1566263552]
[1566264320, 1566267648]
[1566268416, 1566271744]
[1566272512, 1566275840]
[1566276608, 1566279936]
[1566280704, 1566284032]
[1566284800, 1566288128]
[1566288896, 1566292224]
[1566292992, 1566296320]
[1566297088, 1566300416]
[1566301184, 1566304512]
[1566305280, 1566308608]
[1566309376, 1566312704]
[1566313472, 1566316800]
[1566317568, 1566320896]
[1566321664, 1566324992]
[1566325760, 1566329088]
[1566329856, 1566333184]
[1566333952, 1566337280]
[1566338048, 1566341376]
[1566342144, 1566345472]
[1566346240, 1566349568]
[1566350336, 1566353664]
[1566354432, 1566357760]
[1566358528, 1566361856]
[1566362624, 1566365952]
[1566366720, 1566370048]
[1566370816, 1566374144]
[1566374912, 1566378240]
[1566379008, 1566382336]
[1566383104, 1566386432]
[1566387200, 1566390528]
[1566391296, 1566394624]
[1566395392, 1566398720]
[1566399488, 1566402816]
[1566403584, 1566406912]
[1566407680, 1566411008]
[1566411776, 1566415104]
[1566415872, 1566419200]
[1566419968, 1566423296]
[1566424064, 1566427392]
[1566428160, 1566431488]
[1566432256, 1566435584]
[1566436352, 1566439680]
[1566440448, 1566443776]
[1566444544, 1566447872]
[1566448640, 1566451968]
[1566452736, 1566456064]
[1566456832, 1566460160]
[1566460928, 1566464256]
[1566465024, 1566468352]
[1566469120, 1566472448]
[1566473216, 1566476544]
[1566477312, 1566480640]
[1566481408, 1566484736]
[1566485504, 1566488832]
[1566489600, 1566492928]
[1566493696, 1566497024]
[1566497792, 1566501120]
[1566501888, 1566505216]
[1566505984, 1566509312]
[1566510080, 1566513408]
[1566514176, 1566517504]
[1566518272, 1566521600]
[1566522368, 1566525696]
[1566526464, 1566529792]
[1566530560, 1566533888]
[1566534656, 1566537984]
[1566538752, 1566542080]
[1566542848, 1566546176]
[1566546944, 1566550272]
[1566551040, 1566554368]
[1566555136, 1566558464]
[1566559232, 1566562560]
[1566563328, 1566566656]
[1566567424, 1566570752]
[1566571520, 1566575360]
[1566575616, 1566579456]
[1566579712, 1566583552]
[1566583808, 1566587648]
[1566587904, 1566591744]
[1566592000, 1566595840]
[1566596096, 1566599936]
[1566600192, 1566604032]
[1566604288, 1566608128]
[1566608384, 1566612224]
[1566612480, 1566616320]
[1566616576, 1566620416]
[1566620672, 1566624512]
[1566624768, 1566628608]
[1566628864, 1566632704]
[1566632960, 1566636800]
[1566637056, 1566640896]
[1566641152, 1566644992]
[1566645248, 1566649088]
[1566649344, 1566653184]
[1566653440, 1566657280]
[1566657536, 1566661376]
[1566661632, 1566665472]
[1566665728, 1566669568]
[1566669824, 1566673664]
[1566673920, 1566677760]
[1566678016, 1566681856]
[1566682112, 1566685952]
[1566686208, 1566690048]
[1566690304, 1566694144]
[1566694400, 1566698240]
[1566698496, 1566702336]
[1566702592, 1566706432]
[1566706688, 1566710528]
[1566710784, 1566714624]
[1566714880, 1566718720]
[1566718976, 1566722816]
[1566723072, 1566726912]
[1566727168, 1566731008]
[1566731264, 1566735104]
[1566735360, 1566739200]
[1566739456, 1566743296]
[1566743552, 1566747392]
[1566747648, 1566751488]
[1566751744, 1566755584]
[1566755840, 1566759680]
[1566759936, 1566763776]
[1566764032, 1566767872]
[1566768128, 1566771968]
[1566772224, 1566776064]
[1566776320, 1566780160]
[1566780416, 1566784256]
[1566784512, 1566788352]
[1566788608, 1566792448]
[1566792704, 1566796544]
[1566796800, 1566800640]
[1566800896, 1566804736]
[1566804992, 1566808832]
[1566809088, 1566812928]
[1566813184, 1566817024]
[1566817280, 1566821120]
[1566821376, 1566825216]
[1566825472, 1566829312]
[1566829568, 1566833408]
[1566833664, 1566837504]
[1566837760, 1566841600]
[1566841856, 1566845696]
[1566845952, 1566849792]
[1566850048, 1566853888]
[1566854144, 1566857984]
[1566858240, 1566862080]
[1566862336, 1566866176]
[1566866432, 1566870272]
[1566870528, 1566874368]
[1566874624, 1566878464]
[1566878720, 1566882560]
[1566882816, 1566886656]
[1566886912, 1566890752]
[1566891008, 1566894848]
[1566895104, 1566898944]
[1566899200, 1566903040]
[1566903296, 1566907136]
[1566907392, 1566911232]
[1566911488, 1566915328]
[1566915584, 1566919424]
[1566919680, 1566923520]
[1566923776, 1566927616]
[1566927872, 1566931712]
[1566931968, 1566935808]
[1566936064, 1566939904]
[1566940160, 1566944000]
[1566944256, 1566948096]
[1566948352, 1566952192]
[1566952448, 1566956288]
[1566956544, 1566960384]
[1566960640, 1566964480]
[1566964736, 1566968576]
[1566968832, 1566972672]
[1566972928, 1566976768]
[1566977024, 1566980864]
[1566981120, 1566984960]
[1566985216, 1566989056]
[1566989312, 1566993152]
[1566993408, 1566997248]
[1566997504, 1567001344]
[1567001600, 1567005440]
[1567005696, 1567009536]
[1567009792, 1567013632]
[1567013888, 1567017728]
[1567017984, 1567021824]
[1567022080, 1567025920]
[1567026176, 1567030016]
[1567030272, 1567034112]
[1567034368, 1567038208]
[1567038464, 1567042304]
[1567042560, 1567046400]
[1567046656, 1567050496]
[1567050752, 1567054592]
[1567054848, 1567058688]
[1567058944, 1567062784]
[1567063040, 1567066880]
[1567067136, 1567070976]
[1567071232, 1567075072]
[1567075328, 1567079168]
[1567079424, 1567083264]
[1567083520, 1567087360]
[1567087616, 1567091456]
[1567091712, 1567095552]
[1567095808, 1567099648]
[1567099904, 1567103744]
[1567104000, 1567107840]
[1567108096, 1567111936]
[1567112192, 1567116032]
[1567116288, 1567120128]
[1567120384, 1567124224]
[1567124480, 1567128320]
[1567128576, 1567132416]
[1567132672, 1567136512]
[1567136768, 1567140608]
[1567140864, 1567144704]
[1567144960, 1567148800]
[1567149056, 1567152896]
[1567153152, 1567156992]
[1567157248, 1567161088]
[1567161344, 1567165184]
[1567165440, 1567169280]
[1567169536, 1567173376]
[1567173632, 1567177472]
[1567177728, 1567181568]
[1567181824, 1567185664]
[1567185920, 1567189760]
[1567190016, 1567193856]
[1567194112, 1567197952]
[1567198208, 1567202048]
[1567202304, 1567206144]
[1567206400, 1567210240]
[1567210496, 1567214336]
[1567214592, 1567218432]
[1567218688, 1567222528]
[1567222784, 1567226624]
[1567226880, 1567230720]
[1567230976, 1567234816]
[1567235072, 1567238912]
[1567239168, 1567243008]
[1567243264, 1567247104]
[1567247360, 1567251200]
[1567251456, 1567255296]
[1567255552, 1567259392]
[1567259648, 1567263488]
[1567263744, 1567267584]
[1567267840, 1567271680]
[1567271936, 1567275776]
[1567276032, 1567279872]
[1567280128, 1567283968]
[1567284224, 1567288064]
[1567288320, 1567292160]
[1567292416, 1567296256]
[1567296512, 1567300352]
[1567300608, 1567304448]
[1567304704, 1567308544]
[1567308800, 1567312640]
[1567312896, 1567316736]
[1567316992, 1567320832]
[1567321088, 1567324928]
[1567325184, 1567329024]
[1567329280, 1567333120]
[1567333376, 1567337216]
[1567337472, 1567341312]
[1567341568, 1567345408]
[1567345664, 1567349504]
[1567349760, 1567353600]
[1567353856, 1567357696]
[1567357952, 1567361792]
[1567362048, 1567365888]
[1567366144, 1567369984]
[1567370240, 1567374080]
[1567374336, 1567378176]
[1567378432, 1567382272]
[1567382528, 1567386368]
[1567386624, 1567390464]
[1567390720, 1567394560]
[1567394816, 1567398656]
[1567398912, 1567402752]
[1567403008, 1567406848]
[1567407104, 1567410944]
[1567411200, 1567415040]
[1567415296, 1567419136]
[1567419392, 1567423232]
[1567423488, 1567427328]
[1567427584, 1567431424]
[1567431680, 1567435520]
[1567435776, 1567439616]
[1567439872, 1567443712]
[1567443968, 1567447808]
[1567448064, 1567451904]
[1567452160, 1567456000]
[1567456256, 1567460096]
[1567460352, 1567464192]
[1567464448, 1567468288]
[1567468544, 1567472384]
[1567472640, 1567476480]
[1567476736, 1567480576]
[1567480832, 1567484672]
[1567484928, 1567488768]
[1567489024, 1567492864]
[1567493120, 1567496960]
[1567497216, 1567501056]
[1567501312, 1567505152]
[1567505408, 1567509248]
[1567509504, 1567513344]
[1567513600, 1567517440]
[1567517696, 1567521536]
[1567521792, 1567525632]
[1567525888, 1567529728]
[1567529984, 1567533824]
[1567534080, 1567537920]
[1567538176, 1567542016]
[1567542272, 1567546112]
[1567546368, 1567550208]
[1567550464, 1567554304]
[1567554560, 1567558400]
[1567558656, 1567562496]
[1567562752, 1567566592]
[1567566848, 1567570688]
[1567570944, 1567574784]
[1567575040, 1567578880]
[1567579136, 1567582976]
[1567583232, 1567587072]
[1567587328, 1567591168]
[1567591424, 1567595264]
[1567595520, 1567599360]
[1567599616, 1567603456]
[1567603712, 1567607552]
[1567607808, 1567611648]
[1567611904, 1567615744]
[1567616000, 1567619840]
[1567620096, 1567623936]
[1567624192, 1567628032]
[1567628288, 1567632128]
[1567632384, 1567636224]
[1567636480, 1567640320]
[1567640576, 1567644416]
[1567644672, 1567648512]
[1567648768, 1567652608]
[1567652864, 1567656704]
[1567656960, 1567660800]
[1567661056, 1567664896]
[1567665152, 1567668992]
[1567669248, 1567673088]
[1567673344, 1567677184]
[1567677440, 1567681280]
[1567681536, 1567685376]
[1567685632, 1567689472]
[1567689728, 1567693568]
[1567693824, 1567697664]
[1567697920, 1567701760]
[1567702016, 1567705856]
[1567706112, 1567709952]
[1567710208, 1567714048]
[1567714304, 1567718144]
[1567718400, 1567722240]
[1567722496, 1567726336]
[1567726592, 1567730432]
[1567730688, 1567734528]
[1567734784, 1567738624]
[1567738880, 1567742720]
[1567742976, 1567746816]
[1567747072, 1567750912]
[1567751168, 1567755008]
[1567755264, 1567759104]
[1567759360, 1567763200]
[1567763456, 1567767296]
[1567767552, 1567771392]
[1567771648, 1567775488]
[1567775744, 1567779584]
[1567779840, 1567783680]
[1567783936, 1567787776]
[1567788032, 1567791872]
[1567792128, 1567795968]
[1567796224, 1567800064]
[1567800320, 1567804160]
[1567804416, 1567808256]
[1567808512, 1567812352]
[1567812608, 1567816448]
[1567816704, 1567820544]
[1567820800, 1567824640]
[1567824896, 1567828736]
[1567828992, 1567832832]
[1567833088, 1567836928]
[1567837184, 1567841024]
[1567841280, 1567845120]
[1567845376, 1567849216]
[1567849472, 1567853312]
[1567853568, 1567857408]
[1567857664, 1567861504]
[1567861760, 1567865600]
[1567865856, 1567869696]
[1567869952, 1567873792]
[1567874048, 1567877888]
[1567878144, 1567881984]
[1567882240, 1567886080]
[1567886336, 1567890176]
[1567890432, 1567894272]
[1567894528, 1567898368]
[1567898624, 1567902464]
[1567902720, 1567906560]
[1567906816, 1567910656]
[1567910912, 1567914752]
[1567915008, 1567918848]
[1567919104, 1567922944]
[1567923200, 1567927040]
[1567927296, 1567931136]
[1567931392, 1567935232]
[1567935488, 1567939328]
[1567939584, 1567943424]
[1567943680, 1567947520]
[1567947776, 1567951616]
[1567951872, 1567955712]
[1567955968, 1567959808]
[1567960064, 1567963904]
[1567964160, 1567968000]
[1567968256, 1567972096]
[1567972352, 1567976192]
[1567976448, 1567980288]
[1567980544, 1567984384]
[1567984640, 1567988480]
[1567988736, 1567992576]
[1567992832, 1567996672]
[1567996928, 1568000768]
[1568001024, 1568004864]
[1568005120, 1568008960]
[1568009216, 1568013056]
[1568013312, 1568017152]
[1568017408, 1568021248]
[1568021504, 1568025344]
[1568025600, 1568029440]
[1568029696, 1568033536]
[1568033792, 1568037632]
[1568037888, 1568041728]
[1568041984, 1568045824]
[1568046080, 1568049920]
[1568050176, 1568054016]
[1568054272, 1568058112]
[1568058368, 1568062208]
[1568062464, 1568066304]
[1568066560, 1568070400]
[1568070656, 1568074496]
[1568074752, 1568078592]
[1568078848, 1568082688]
[1568082944, 1568086784]
[1568087040, 1568090880]
[1568091136, 1568094976]
[1568095232, 1568099072]
[1568099328, 1568103168]
[1568103424, 1568107264]
[1568107520, 1568111360]
[1568111616, 1568115456]
[1568115712, 1568119552]
[1568119808, 1568123648]
[1568123904, 1568127744]
[1568128000, 1568131840]
[1568132096, 1568135936]
[1568136192, 1568140032]
[1568140288, 1568144128]
[1568144384, 1568148224]
[1568148480, 1568152320]
[1568152576, 1568156416]
[1568156672, 1568160512]
[1568160768, 1568164608]
[1568164864, 1568168704]
[1568168960, 1568172800]
[1568173056, 1568176896]
[1568177152, 1568180992]
[1568181248, 1568185088]
[1568185344, 1568189184]
[1568189440, 1568193280]
[1568193536, 1568197376]
[1568197632, 1568201472]
[1568201728, 1568205568]
[1568205824, 1568209664]
[1568209920, 1568213760]
[1568214016, 1568217856]
[1568218112, 1568221952]
[1568222208, 1568226048]
[1568226304, 1568230144]
[1568230400, 1568234240]
[1568234496, 1568238336]
[1568238592, 1568242432]
[1568242688, 1568246528]
[1568246784, 1568250624]
[1568250880, 1568254720]
[1568254976, 1568258816]
[1568259072, 1568262912]
[1568263168, 1568267008]
[1568267264, 1568271104]
[1568271360, 1568275200]
[1568275456, 1568279296]
[1568279552, 1568283392]
[1568283648, 1568287488]
[1568287744, 1568291584]
[1568291840, 1568295680]
[1568295936, 1568299776]
[1568300032, 1568303872]
[1568304128, 1568307968]
[1568308224, 1568312064]
[1568312320, 1568316160]
[1568316416, 1568320256]
[1568320512, 1568324352]
[1568324608, 1568328448]
[1568328704, 1568332544]
[1568332800, 1568336640]
[1568336896, 1568340736]
[1568340992, 1568344832]
[1568345088, 1568348928]
[1568349184, 1568353024]
[1568353280, 1568357120]
[1568357376, 1568361216]
[1568361472, 1568365312]
[1568365568, 1568369408]
[1568369664, 1568373504]
[1568373760, 1568377600]
[1568377856, 1568381696]
[1568381952, 1568385792]
[1568386048, 1568389888]
[1568390144, 1568393984]
[1568394240, 1568398080]
[1568398336, 1568402176]
[1568402432, 1568406272]
[1568406528, 1568410368]
[1568410624, 1568414464]
[1568414720, 1568418560]
[1568418816, 1568422656]
[1568422912, 1568426752]
[1568427008, 1568430848]
[1568431104, 1568434944]
[1568435200, 1568439040]
[1568439296, 1568443136]
[1568443392, 1568447232]
[1568447488, 1568451328]
[1568451584, 1568455424]
[1568455680, 1568459520]
[1568459776, 1568463616]
[1568463872, 1568467712]
[1568467968, 1568471808]
[1568472064, 1568475904]
[1568476160, 1568480000]
[1568480256, 1568484096]
[1568484352, 1568488192]
[1568488448, 1568492288]
[1568492544, 1568496384]
[1568496640, 1568500480]
[1568500736, 1568504576]
[1568504832, 1568508672]
[1568508928, 1568512768]
[1568513024, 1568516864]
[1568517120, 1568520960]
[1568521216, 1568525056]
[1568525312, 1568529152]
[1568529408, 1568533248]
[1568533504, 1568537344]
[1568537600, 1568541440]
[1568541696, 1568545536]
[1568545792, 1568549632]
[1568549888, 1568553728]
[1568553984, 1568557824]
[1568558080, 1568561920]
[1568562176, 1568566016]
[1568566272, 1568570112]
[1568570368, 1568574208]
[1568574464, 1568578304]
[1568578560, 1568582400]
[1568582656, 1568586496]
[1568586752, 1568590592]
[1568590848, 1568594688]
[1568594944, 1568598784]
[1568599040, 1568602880]
[1568603136, 1568606976]
[1568607232, 1568611072]
[1568611328, 1568615168]
[1568615424, 1568619264]
[1568619520, 1568623360]
[1568623616, 1568627456]
[1568627712, 1568631552]
[1568631808, 1568635648]
[1568635904, 1568639744]
[1568640000, 1568643840]
[1568644096, 1568647936]
[1568648192, 1568652032]
[1568652288, 1568656128]
[1568656384, 1568660224]
[1568660480, 1568664320]
[1568664576, 1568668416]
[1568668672, 1568672000]
[1568672768, 1568676096]
[1568676864, 1568680192]
[1568680960, 1568684288]
[1568685056, 1568688384]
[1568689152, 1568692480]
[1568693248, 1568693760]
[1568694016, 1568696576]
[1568697344, 1568700672]
[1568701440, 1568704768]
[1568705536, 1568708864]
[1568709632, 1568712960]
[1568713728, 1568717056]
[1568717824, 1568721152]
[1568721920, 1568725248]
[1568726016, 1568729344]
[1568730112, 1568733440]
[1568734208, 1568737536]
[1568738304, 1568741632]
[1568742400, 1568745728]
[1568746496, 1568749824]
[1568750592, 1568753920]
[1568754688, 1568758016]
[1568758784, 1568759296]
[1568759552, 1568762112]
[1568762880, 1568766208]
[1568766976, 1568770304]
[1568771072, 1568774400]
[1568775168, 1568778496]
[1568779264, 1568782592]
[1568783360, 1568786688]
[1568787456, 1568790784]
[1568791552, 1568794880]
[1568795648, 1568798976]
[1568799744, 1568803072]
[1568803840, 1568807168]
[1568807936, 1568811264]
[1568812032, 1568815360]
[1568816128, 1568819456]
[1568820224, 1568823552]
[1568824320, 1568824832]
[1568825088, 1568827648]
[1568828416, 1568831744]
[1568832512, 1568835840]
[1568836608, 1568839936]
[1568840704, 1568844032]
[1568844800, 1568848128]
[1568848896, 1568852224]
[1568852992, 1568856320]
[1568857088, 1568860416]
[1568861184, 1568864512]
[1568865280, 1568868608]
[1568869376, 1568872704]
[1568873472, 1568876800]
[1568877568, 1568880896]
[1568881664, 1568884992]
[1568885760, 1568889088]
[1568889856, 1568890368]
[1568890624, 1568893184]
[1568893952, 1568897280]
[1568898048, 1568901376]
[1568902144, 1568905472]
[1568906240, 1568909568]
[1568910336, 1568913664]
[1568914432, 1568917760]
[1568918528, 1568921856]
[1568922624, 1568925952]
[1568926720, 1568930048]
[1568930816, 1568934144]
[1568934912, 1568938240]
[1568939008, 1568942336]
[1568943104, 1568946432]
[1568947200, 1568950528]
[1568951296, 1568954624]
[1568955392, 1568955904]
[1568956160, 1568958720]
[1568959488, 1568962816]
[1568963584, 1568966912]
[1568967680, 1568971008]
[1568971776, 1568975104]
[1568975872, 1568979200]
[1568979968, 1568983296]
[1568984064, 1568987392]
[1568988160, 1568991488]
[1568992256, 1568995584]
[1568996352, 1568999680]
[1569000448, 1569003776]
[1569004544, 1569007872]
[1569008640, 1569011968]
[1569012736, 1569016064]
[1569016832, 1569020160]
[1569020928, 1569021440]
[1569021696, 1569024256]
[1569025024, 1569028352]
[1569029120, 1569032448]
[1569033216, 1569036544]
[1569037312, 1569040640]
[1569041408, 1569044736]
[1569045504, 1569048832]
[1569049600, 1569052928]
[1569053696, 1569057024]
[1569057792, 1569061120]
[1569061888, 1569065216]
[1569065984, 1569069312]
[1569070080, 1569073408]
[1569074176, 1569077504]
[1569078272, 1569081600]
[1569082368, 1569085696]
[1569086464, 1569086976]
[1569087232, 1569089792]
[1569090560, 1569093888]
[1569094656, 1569097984]
[1569098752, 1569102080]
[1569102848, 1569106176]
[1569106944, 1569110272]
[1569111040, 1569114368]
[1569115136, 1569118464]
[1569119232, 1569122560]
[1569123328, 1569126656]
[1569127424, 1569130752]
[1569131520, 1569134848]
[1569135616, 1569138944]
[1569139712, 1569143040]
[1569143808, 1569147136]
[1569147904, 1569151232]
[1569152000, 1569152512]
[1569152768, 1569155328]
[1569156096, 1569159424]
[1569160192, 1569163520]
[1569164288, 1569167616]
[1569168384, 1569171712]
[1569172480, 1569175808]
[1569176576, 1569179904]
[1569180672, 1569184000]
[1569184768, 1569188096]
[1569188864, 1569192192]
[1569192960, 1569196288]
[1569197056, 1569200384]
[1569201152, 1569204480]
[1569205248, 1569208576]
[1569209344, 1569212672]
[1569213440, 1569216768]
[1569217536, 1569218048]
[1569218304, 1569220864]
[1569221632, 1569224960]
[1569225728, 1569229056]
[1569229824, 1569233152]
[1569233920, 1569237248]
[1569238016, 1569241344]
[1569242112, 1569245440]
[1569246208, 1569249536]
[1569250304, 1569253632]
[1569254400, 1569257728]
[1569258496, 1569261824]
[1569262592, 1569265920]
[1569266688, 1569270016]
[1569270784, 1569274112]
[1569274880, 1569278208]
[1569278976, 1569282304]
[1569283072, 1569283584]
[1569283840, 1569286400]
[1569287168, 1569290496]
[1569291264, 1569294592]
[1569295360, 1569298688]
[1569299456, 1569302784]
[1569303552, 1569306880]
[1569307648, 1569310976]
[1569311744, 1569315072]
[1569315840, 1569319168]
[1569319936, 1569323264]
[1569324032, 1569327360]
[1569328128, 1569331456]
[1569332224, 1569335552]
[1569336320, 1569339648]
[1569340416, 1569343744]
[1569344512, 1569347840]
[1569348608, 1569349120]
[1569349376, 1569351936]
[1569352704, 1569356032]
[1569356800, 1569360128]
[1569360896, 1569364224]
[1569364992, 1569368320]
[1569369088, 1569372416]
[1569373184, 1569376512]
[1569377280, 1569380608]
[1569381376, 1569384704]
[1569385472, 1569388800]
[1569389568, 1569392896]
[1569393664, 1569396992]
[1569397760, 1569401088]
[1569401856, 1569405184]
[1569405952, 1569409280]
[1569410048, 1569413376]
[1569414144, 1569414656]
[1569414912, 1569417472]
[1569418240, 1569421568]
[1569422336, 1569425664]
[1569426432, 1569429760]
[1569430528, 1569433856]
[1569434624, 1569437952]
[1569438720, 1569442048]
[1569442816, 1569446144]
[1569446912, 1569450240]
[1569451008, 1569454336]
[1569455104, 1569458432]
[1569459200, 1569462528]
[1569463296, 1569466624]
[1569467392, 1569470720]
[1569471488, 1569474816]
[1569475584, 1569478912]
[1569479680, 1569480192]
[1569480448, 1569483008]
[1569483776, 1569487104]
[1569487872, 1569491200]
[1569491968, 1569495296]
[1569496064, 1569499392]
[1569500160, 1569503488]
[1569504256, 1569507584]
[1569508352, 1569511680]
[1569512448, 1569515776]
[1569516544, 1569519872]
[1569520640, 1569523968]
[1569524736, 1569528064]
[1569528832, 1569532160]
[1569532928, 1569536256]
[1569537024, 1569540352]
[1569541120, 1569544448]
[1569545216, 1569545728]
[1569545984, 1569548544]
[1569549312, 1569552640]
[1569553408, 1569556736]
[1569557504, 1569560832]
[1569561600, 1569564928]
[1569565696, 1569569024]
[1569569792, 1569573120]
[1569573888, 1569577216]
[1569577984, 1569581312]
[1569582080, 1569585408]
[1569586176, 1569589504]
[1569590272, 1569593600]
[1569594368, 1569597696]
[1569598464, 1569601792]
[1569602560, 1569605888]
[1569606656, 1569609984]
[1569610752, 1569611264]
[1569611520, 1569614080]
[1569614848, 1569618176]
[1569618944, 1569622272]
[1569623040, 1569626368]
[1569627136, 1569630464]
[1569631232, 1569634560]
[1569635328, 1569638656]
[1569639424, 1569642752]
[1569643520, 1569646848]
[1569647616, 1569650944]
[1569651712, 1569655040]
[1569655808, 1569659136]
[1569659904, 1569663232]
[1569664000, 1569667328]
[1569668096, 1569671424]
[1569672192, 1569675520]
[1569676288, 1569676800]
[1569677056, 1569679616]
[1569680384, 1569683712]
[1569684480, 1569687808]
[1569688576, 1569691904]
[1569692672, 1569696000]
[1569696768, 1569700096]
[1569700864, 1569704192]
[1569704960, 1569708288]
[1569709056, 1569712384]
[1569713152, 1569716480]
[1569717248, 1569720576]
[1569721344, 1569724672]
[1569725440, 1569728768]
[1569729536, 1569732864]
[1569733632, 1569736960]
[1569737728, 1569741056]
[1569741824, 1569742336]
[1569742592, 1569745152]
[1569745920, 1569749248]
[1569750016, 1569753344]
[1569754112, 1569757440]
[1569758208, 1569761536]
[1569762304, 1569765632]
[1569766400, 1569769728]
[1569770496, 1569773824]
[1569774592, 1569777920]
[1569778688, 1569782016]
[1569782784, 1569786112]
[1569786880, 1569790208]
[1569790976, 1569794304]
[1569795072, 1569798400]
[1569799168, 1569802496]
[1569803264, 1569806592]
[1569807360, 1569807872]
[1569808128, 1569810688]
[1569811456, 1569814784]
[1569815552, 1569818880]
[1569819648, 1569822976]
[1569823744, 1569827072]
[1569827840, 1569831168]
[1569831936, 1569835264]
[1569836032, 1569839360]
[1569840128, 1569843456]
[1569844224, 1569847552]
[1569848320, 1569851648]
[1569852416, 1569855744]
[1569856512, 1569859840]
[1569860608, 1569863936]
[1569864704, 1569868032]
[1569868800, 1569872128]
[1569872896, 1569873408]
[1569873664, 1569876224]
[1569876992, 1569880320]
[1569881088, 1569884416]
[1569885184, 1569888512]
[1569889280, 1569892608]
[1569893376, 1569896704]
[1569897472, 1569900800]
[1569901568, 1569904896]
[1569905664, 1569908992]
[1569909760, 1569913088]
[1569913856, 1569917184]
[1569917952, 1569921280]
[1569922048, 1569925376]
[1569926144, 1569929472]
[1569930240, 1569933568]
[1569934336, 1569937664]
[1569938432, 1569938944]
[1569939200, 1569941760]
[1569942528, 1569945856]
[1569946624, 1569949952]
[1569950720, 1569954048]
[1569954816, 1569958144]
[1569958912, 1569962240]
[1569963008, 1569966336]
[1569967104, 1569970432]
[1569971200, 1569974528]
[1569975296, 1569978624]
[1569979392, 1569982720]
[1569983488, 1569986816]
[1569987584, 1569990912]
[1569991680, 1569995008]
[1569995776, 1569999104]
[1569999872, 1570003200]
[1570003968, 1570004480]
[1570004736, 1570007296]
[1570008064, 1570011392]
[1570012160, 1570015488]
[1570016256, 1570019584]
[1570020352, 1570023680]
[1570024448, 1570027776]
[1570028544, 1570031872]
[1570032640, 1570035968]
[1570036736, 1570040064]
[1570040832, 1570044160]
[1570044928, 1570048256]
[1570049024, 1570052352]
[1570053120, 1570056448]
[1570057216, 1570060544]
[1570061312, 1570064640]
[1570065408, 1570068736]
[1570069504, 1570070016]
[1570070272, 1570072832]
[1570073600, 1570076928]
[1570077696, 1570081024]
[1570081792, 1570085120]
[1570085888, 1570089216]
[1570089984, 1570093312]
[1570094080, 1570097408]
[1570098176, 1570101504]
[1570102272, 1570105600]
[1570106368, 1570109696]
[1570110464, 1570113792]
[1570114560, 1570117888]
[1570118656, 1570121984]
[1570122752, 1570126080]
[1570126848, 1570130176]
[1570130944, 1570134272]
[1570135040, 1570135552]
[1570135808, 1570138368]
[1570139136, 1570142464]
[1570143232, 1570146560]
[1570147328, 1570150656]
[1570151424, 1570154752]
[1570155520, 1570158848]
[1570159616, 1570162944]
[1570163712, 1570167040]
[1570167808, 1570171136]
[1570171904, 1570175232]
[1570176000, 1570179328]
[1570180096, 1570183424]
[1570184192, 1570187520]
[1570188288, 1570191616]
[1570192384, 1570195712]
[1570196480, 1570199808]
[1570200576, 1570201088]
[1570201344, 1570203904]
[1570204672, 1570208000]
[1570208768, 1570212096]
[1570212864, 1570216192]
[1570216960, 1570220288]
[1570221056, 1570224384]
[1570225152, 1570228480]
[1570229248, 1570232576]
[1570233344, 1570236672]
[1570237440, 1570240768]
[1570241536, 1570244864]
[1570245632, 1570248960]
[1570249728, 1570253056]
[1570253824, 1570257152]
[1570257920, 1570261248]
[1570262016, 1570265344]
[1570266112, 1570266624]
[1570266880, 1570269440]
[1570270208, 1570273536]
[1570274304, 1570277632]
[1570278400, 1570281728]
[1570282496, 1570285824]
[1570286592, 1570289920]
[1570290688, 1570294016]
[1570294784, 1570298112]
[1570298880, 1570302208]
[1570302976, 1570306304]
[1570307072, 1570310400]
[1570311168, 1570314496]
[1570315264, 1570318592]
[1570319360, 1570322688]
[1570323456, 1570326784]
[1570327552, 1570330880]
[1570331648, 1570332160]
[1570332416, 1570334976]
[1570335744, 1570339072]
[1570339840, 1570343168]
[1570343936, 1570347264]
[1570348032, 1570351360]
[1570352128, 1570355456]
[1570356224, 1570359552]
[1570360320, 1570363648]
[1570364416, 1570367744]
[1570368512, 1570371840]
[1570372608, 1570375936]
[1570376704, 1570380032]
[1570380800, 1570384128]
[1570384896, 1570388224]
[1570388992, 1570392320]
[1570393088, 1570396416]
[1570397184, 1570397696]
[1570397952, 1570400512]
[1570401280, 1570404608]
[1570405376, 1570408704]
[1570409472, 1570412800]
[1570413568, 1570416896]
[1570417664, 1570420992]
[1570421760, 1570425088]
[1570425856, 1570429184]
[1570429952, 1570433280]
[1570434048, 1570437376]
[1570438144, 1570441472]
[1570442240, 1570445568]
[1570446336, 1570449664]
[1570450432, 1570453760]
[1570454528, 1570457856]
[1570458624, 1570461952]
[1570462720, 1570463232]
[1570463488, 1570466048]
[1570466816, 1570470144]
[1570470912, 1570474240]
[1570475008, 1570478336]
[1570479104, 1570482432]
[1570483200, 1570486528]
[1570487296, 1570490624]
[1570491392, 1570494720]
[1570495488, 1570498816]
[1570499584, 1570502912]
[1570503680, 1570507008]
[1570507776, 1570511104]
[1570511872, 1570515200]
[1570515968, 1570519296]
[1570520064, 1570523392]
[1570524160, 1570527488]
[1570528256, 1570528768]
[1570529024, 1570531584]
[1570532352, 1570535680]
[1570536448, 1570539776]
[1570540544, 1570543872]
[1570544640, 1570547968]
[1570548736, 1570552064]
[1570552832, 1570556160]
[1570556928, 1570560256]
[1570561024, 1570564352]
[1570565120, 1570568448]
[1570569216, 1570572544]
[1570573312, 1570576640]
[1570577408, 1570580736]
[1570581504, 1570584832]
[1570585600, 1570588928]
[1570589696, 1570593024]
[1570593792, 1570594304]
[1570594560, 1570597120]
[1570597888, 1570601216]
[1570601984, 1570605312]
[1570606080, 1570609408]
[1570610176, 1570613504]
[1570614272, 1570617600]
[1570618368, 1570621696]
[1570622464, 1570625792]
[1570626560, 1570629888]
[1570630656, 1570633984]
[1570634752, 1570638080]
[1570638848, 1570642176]
[1570642944, 1570646272]
[1570647040, 1570650368]
[1570651136, 1570654464]
[1570655232, 1570658560]
[1570659328, 1570659840]
[1570660096, 1570662656]
[1570663424, 1570666752]
[1570667520, 1570670848]
[1570671616, 1570674944]
[1570675712, 1570679040]
[1570679808, 1570683136]
[1570683904, 1570687232]
[1570688000, 1570691328]
[1570692096, 1570695424]
[1570696192, 1570699520]
[1570700288, 1570703616]
[1570704384, 1570707712]
[1570708480, 1570711808]
[1570712576, 1570715904]
[1570716672, 1570720000]
[1570720768, 1570724096]
[1570724864, 1570728192]
[1570728960, 1570732288]
[1570733056, 1570736384]
[1570737152, 1570740480]
[1570741248, 1570744576]
[1570745344, 1570748672]
[1570749440, 1570752768]
[1570753536, 1570756864]
[1570757632, 1570760960]
[1570761728, 1570765056]
[1570765824, 1570790912]
[1570791168, 1570856448]
[1570856704, 1570921984]
[1570922240, 1570987520]
[1570987776, 1571053056]
[1571053312, 1571118592]
[1571118848, 1571184128]
[1571184384, 1571249664]
[1571249920, 1571315200]
[1571315456, 1571380736]
[1571380992, 1571446272]
[1571446528, 1571511808]
[1571512064, 1571577344]
[1571577600, 1571642880]
[1571643136, 1571708416]
[1571708672, 1571773952]
[1571774208, 1571839488]
[1571839744, 1571905024]
[1571905280, 1571970560]
[1571970816, 1572036096]
[1572036352, 1572101632]
[1572101888, 1572167168]
[1572167424, 1572232704]
[1572232960, 1572298240]
[1572298496, 1572363776]
[1572364032, 1572429312]
[1572429568, 1572494848]
[1572495104, 1572560384]
[1572560640, 1572625920]
[1572626176, 1572691456]
[1572691712, 1572756992]
[1572757248, 1572822528]
[1572822784, 1572866304]
[1572867072, 1572870400]
[1572871168, 1572874496]
[1572875264, 1572878592]
[1572879360, 1572882688]
[1572883456, 1572886784]
[1572887552, 1572890880]
[1572891648, 1572894976]
[1572895744, 1572899072]
[1572899840, 1572903168]
[1572903936, 1572907264]
[1572908032, 1572911360]
[1572912128, 1572915456]
[1572916224, 1572919552]
[1572920320, 1572923648]
[1572924416, 1572927744]
[1572928512, 1572931840]
[1572932608, 1572935936]
[1572936704, 1572940032]
[1572940800, 1572944128]
[1572944896, 1572948224]
[1572948992, 1572952320]
[1572953088, 1572956416]
[1572957184, 1572960512]
[1572961280, 1572964608]
[1572965376, 1572968704]
[1572969472, 1572972800]
[1572973568, 1572976896]
[1572977664, 1572980992]
[1572981760, 1572985088]
[1572985856, 1572989184]
[1572989952, 1572993280]
[1572994048, 1572997376]
[1572998144, 1573001472]
[1573002240, 1573005568]
[1573006336, 1573009664]
[1573010432, 1573013760]
[1573014528, 1573017856]
[1573018624, 1573021952]
[1573022720, 1573026048]
[1573026816, 1573030144]
[1573030912, 1573034240]
[1573035008, 1573038336]
[1573039104, 1573042432]
[1573043200, 1573046528]
[1573047296, 1573050624]
[1573051392, 1573054720]
[1573055488, 1573058816]
[1573059584, 1573062912]
[1573063680, 1573067008]
[1573067776, 1573071104]
[1573071872, 1573075200]
[1573075968, 1573079296]
[1573080064, 1573083392]
[1573084160, 1573087488]
[1573088256, 1573091584]
[1573092352, 1573095680]
[1573096448, 1573099776]
[1573100544, 1573103872]
[1573104640, 1573107968]
[1573108736, 1573112064]
[1573112832, 1573116160]
[1573116928, 1573120256]
[1573121024, 1573124352]
[1573125120, 1573128448]
[1573129216, 1573132544]
[1573133312, 1573136640]
[1573137408, 1573140736]
[1573141504, 1573144832]
[1573145600, 1573148928]
[1573149696, 1573153024]
[1573153792, 1573157120]
[1573157888, 1573161216]
[1573161984, 1573165312]
[1573166080, 1573169408]
[1573170176, 1573173504]
[1573174272, 1573177600]
[1573178368, 1573181696]
[1573182464, 1573185792]
[1573186560, 1573189888]
[1573190656, 1573193984]
[1573194752, 1573198080]
[1573198848, 1573202176]
[1573202944, 1573206272]
[1573207040, 1573210368]
[1573211136, 1573214464]
[1573215232, 1573218560]
[1573219328, 1573222656]
[1573223424, 1573226752]
[1573227520, 1573230848]
[1573231616, 1573234944]
[1573235712, 1573239040]
[1573239808, 1573243136]
[1573243904, 1573247232]
[1573248000, 1573251328]
[1573252096, 1573255424]
[1573256192, 1573259520]
[1573260288, 1573263616]
[1573264384, 1573267712]
[1573268480, 1573271808]
[1573272576, 1573275904]
[1573276672, 1573280000]
[1573280768, 1573284096]
[1573284864, 1573288192]
[1573288960, 1573292288]
[1573293056, 1573296384]
[1573297152, 1573300480]
[1573301248, 1573304576]
[1573305344, 1573308672]
[1573309440, 1573312768]
[1573313536, 1573316864]
[1573317632, 1573320960]
[1573321728, 1573325056]
[1573325824, 1573329152]
[1573329920, 1573333248]
[1573334016, 1573337344]
[1573338112, 1573341440]
[1573342208, 1573345536]
[1573346304, 1573349632]
[1573350400, 1573353728]
[1573354496, 1573357824]
[1573358592, 1573361920]
[1573362688, 1573366016]
[1573366784, 1573370112]
[1573370880, 1573374208]
[1573374976, 1573378304]
[1573379072, 1573382400]
[1573383168, 1573386496]
[1573387264, 1573390592]
[1573391360, 1573394688]
[1573395456, 1573398784]
[1573399552, 1573402880]
[1573403648, 1573406976]
[1573407744, 1573411072]
[1573411840, 1573415168]
[1573415936, 1573419264]
[1573420032, 1573423360]
[1573424128, 1573427456]
[1573428224, 1573431552]
[1573432320, 1573435648]
[1573436416, 1573439744]
[1573440512, 1573443840]
[1573444608, 1573447936]
[1573448704, 1573452032]
[1573452800, 1573456128]
[1573456896, 1573460224]
[1573460992, 1573464320]
[1573465088, 1573468416]
[1573469184, 1573472512]
[1573473280, 1573476608]
[1573477376, 1573480704]
[1573481472, 1573484800]
[1573485568, 1573488896]
[1573489664, 1573492992]
[1573493760, 1573497088]
[1573497856, 1573501184]
[1573501952, 1573505280]
[1573506048, 1573509376]
[1573510144, 1573513472]
[1573514240, 1573517568]
[1573518336, 1573521664]
[1573522432, 1573525760]
[1573526528, 1573529856]
[1573530624, 1573533952]
[1573534720, 1573538048]
[1573538816, 1573542144]
[1573542912, 1573546240]
[1573547008, 1573550336]
[1573551104, 1573554432]
[1573555200, 1573558528]
[1573559296, 1573562624]
[1573563392, 1573566720]
[1573567488, 1573570816]
[1573571584, 1573574912]
[1573575680, 1573579008]
[1573579776, 1573583104]
[1573583872, 1573587200]
[1573587968, 1573591296]
[1573592064, 1573595392]
[1573596160, 1573599488]
[1573600256, 1573603584]
[1573604352, 1573607680]
[1573608448, 1573611776]
[1573612544, 1573615872]
[1573616640, 1573619968]
[1573620736, 1573624064]
[1573624832, 1573628160]
[1573628928, 1573632256]
[1573633024, 1573636352]
[1573637120, 1573640448]
[1573641216, 1573644544]
[1573645312, 1573648640]
[1573649408, 1573652736]
[1573653504, 1573656832]
[1573657600, 1573660928]
[1573661696, 1573665024]
[1573665792, 1573669120]
[1573669888, 1573673216]
[1573673984, 1573677312]
[1573678080, 1573681408]
[1573682176, 1573685504]
[1573686272, 1573689600]
[1573690368, 1573693696]
[1573694464, 1573697792]
[1573698560, 1573701888]
[1573702656, 1573705984]
[1573706752, 1573710080]
[1573710848, 1573714176]
[1573714944, 1573718272]
[1573719040, 1573722368]
[1573723136, 1573726464]
[1573727232, 1573730560]
[1573731328, 1573734656]
[1573735424, 1573738752]
[1573739520, 1573742848]
[1573743616, 1573746944]
[1573747712, 1573751040]
[1573751808, 1573755136]
[1573755904, 1573759232]
[1573760000, 1573763328]
[1573764096, 1573767424]
[1573768192, 1573771520]
[1573772288, 1573775616]
[1573776384, 1573779712]
[1573780480, 1573783808]
[1573784576, 1573787904]
[1573788672, 1573792000]
[1573792768, 1573796096]
[1573796864, 1573800192]
[1573800960, 1573804288]
[1573805056, 1573808384]
[1573809152, 1573812480]
[1573813248, 1573816576]
[1573817344, 1573820672]
[1573821440, 1573824768]
[1573825536, 1573828864]
[1573829632, 1573832960]
[1573833728, 1573837056]
[1573837824, 1573841152]
[1573841920, 1573845248]
[1573846016, 1573849344]
[1573850112, 1573853440]
[1573854208, 1573857536]
[1573858304, 1573861632]
[1573862400, 1573865728]
[1573866496, 1573869824]
[1573870592, 1573873920]
[1573874688, 1573878016]
[1573878784, 1573882112]
[1573882880, 1573886208]
[1573886976, 1573890304]
[1573891072, 1573894400]
[1573895168, 1573898496]
[1573899264, 1573902592]
[1573903360, 1573906688]
[1573907456, 1573910784]
[1573911552, 1573914880]
[1573915648, 1573918976]
[1573919744, 1573923072]
[1573923840, 1573927168]
[1573927936, 1573931264]
[1573932032, 1573935360]
[1573936128, 1573939456]
[1573940224, 1573943552]
[1573944320, 1573947648]
[1573948416, 1573951744]
[1573952512, 1573955840]
[1573956608, 1573959936]
[1573960704, 1573964032]
[1573964800, 1573968128]
[1573968896, 1573972224]
[1573972992, 1573976320]
[1573977088, 1573980416]
[1573981184, 1573984512]
[1573985280, 1573988608]
[1573989376, 1573992704]
[1573993472, 1573996800]
[1573997568, 1574000896]
[1574001664, 1574004992]
[1574005760, 1574009088]
[1574009856, 1574013184]
[1574013952, 1574017280]
[1574018048, 1574021376]
[1574022144, 1574025472]
[1574026240, 1574029568]
[1574030336, 1574033664]
[1574034432, 1574037760]
[1574038528, 1574041856]
[1574042624, 1574045952]
[1574046720, 1574050048]
[1574050816, 1574054144]
[1574054912, 1574058240]
[1574059008, 1574062336]
[1574063104, 1574066432]
[1574067200, 1574070528]
[1574071296, 1574074624]
[1574075392, 1574078720]
[1574079488, 1574082816]
[1574083584, 1574086912]
[1574087680, 1574091008]
[1574091776, 1574095104]
[1574095872, 1574099200]
[1574099968, 1574103296]
[1574104064, 1574107392]
[1574108160, 1574111488]
[1574112256, 1574115584]
[1574116352, 1574119680]
[1574120448, 1574123776]
[1574124544, 1574127872]
[1574128640, 1574131968]
[1574132736, 1574136064]
[1574136832, 1574140160]
[1574140928, 1574144256]
[1574145024, 1574148352]
[1574149120, 1574152448]
[1574153216, 1574156544]
[1574157312, 1574160640]
[1574161408, 1574164736]
[1574165504, 1574168832]
[1574169600, 1574172928]
[1574173696, 1574177024]
[1574177792, 1574181120]
[1574181888, 1574185216]
[1574185984, 1574189312]
[1574190080, 1574193408]
[1574194176, 1574197504]
[1574198272, 1574201600]
[1574202368, 1574205696]
[1574206464, 1574209792]
[1574210560, 1574213888]
[1574214656, 1574217984]
[1574218752, 1574222080]
[1574222848, 1574226176]
[1574226944, 1574230272]
[1574231040, 1574234368]
[1574235136, 1574238464]
[1574239232, 1574242560]
[1574243328, 1574246656]
[1574247424, 1574250752]
[1574251520, 1574254848]
[1574255616, 1574258944]
[1574259712, 1574263040]
[1574263808, 1574267136]
[1574267904, 1574271232]
[1574272000, 1574275328]
[1574276096, 1574279424]
[1574280192, 1574283520]
[1574284288, 1574287616]
[1574288384, 1574291712]
[1574292480, 1574295808]
[1574296576, 1574299904]
[1574300672, 1574304000]
[1574304768, 1574308096]
[1574308864, 1574312192]
[1574312960, 1574316288]
[1574317056, 1574320384]
[1574321152, 1574324480]
[1574325248, 1574328576]
[1574329344, 1574332672]
[1574333440, 1574336768]
[1574337536, 1574340864]
[1574341632, 1574344960]
[1574345728, 1574349056]
[1574349824, 1574353152]
[1574353920, 1574357248]
[1574358016, 1574361344]
[1574362112, 1574365440]
[1574366208, 1574369536]
[1574370304, 1574373632]
[1574374400, 1574377728]
[1574378496, 1574381824]
[1574382592, 1574385920]
[1574386688, 1574390016]
[1574390784, 1574394112]
[1574394880, 1574398208]
[1574398976, 1574402304]
[1574403072, 1574406400]
[1574407168, 1574410496]
[1574411264, 1574414592]
[1574415360, 1574418688]
[1574419456, 1574422784]
[1574423552, 1574426880]
[1574427648, 1574430976]
[1574431744, 1574435072]
[1574435840, 1574439168]
[1574439936, 1574443264]
[1574444032, 1574447360]
[1574448128, 1574451456]
[1574452224, 1574455552]
[1574456320, 1574459648]
[1574460416, 1574463744]
[1574464512, 1574467840]
[1574468608, 1574471936]
[1574472704, 1574476032]
[1574476800, 1574480128]
[1574480896, 1574484224]
[1574484992, 1574488320]
[1574489088, 1574492416]
[1574493184, 1574496512]
[1574497280, 1574500608]
[1574501376, 1574504704]
[1574505472, 1574508800]
[1574509568, 1574512896]
[1574513664, 1574516992]
[1574517760, 1574521088]
[1574521856, 1574525184]
[1574525952, 1574529280]
[1574530048, 1574533376]
[1574534144, 1574537472]
[1574538240, 1574541568]
[1574542336, 1574545664]
[1574546432, 1574549760]
[1574550528, 1574553856]
[1574554624, 1574557952]
[1574558720, 1574562048]
[1574562816, 1574566144]
[1574566912, 1574570240]
[1574571008, 1574574336]
[1574575104, 1574578432]
[1574579200, 1574582528]
[1574583296, 1574586624]
[1574587392, 1574590720]
[1574591488, 1574594816]
[1574595584, 1574598912]
[1574599680, 1574603008]
[1574603776, 1574607104]
[1574607872, 1574611200]
[1574611968, 1574615296]
[1574616064, 1574619392]
[1574620160, 1574623488]
[1574624256, 1574627584]
[1574628352, 1574631680]
[1574632448, 1574635776]
[1574636544, 1574639872]
[1574640640, 1574643968]
[1574644736, 1574648064]
[1574648832, 1574652160]
[1574652928, 1574656256]
[1574657024, 1574660352]
[1574661120, 1574664448]
[1574665216, 1574668544]
[1574669312, 1574672640]
[1574673408, 1574676736]
[1574677504, 1574680832]
[1574681600, 1574684928]
[1574685696, 1574689024]
[1574689792, 1574693120]
[1574693888, 1574697216]
[1574697984, 1574701312]
[1574702080, 1574705408]
[1574706176, 1574709504]
[1574710272, 1574713600]
[1574714368, 1574717696]
[1574718464, 1574721792]
[1574722560, 1574725888]
[1574726656, 1574729984]
[1574730752, 1574734080]
[1574734848, 1574738176]
[1574738944, 1574742272]
[1574743040, 1574746368]
[1574747136, 1574750464]
[1574751232, 1574754560]
[1574755328, 1574758656]
[1574759424, 1574762752]
[1574763520, 1574766848]
[1574767616, 1574770944]
[1574771712, 1574775040]
[1574775808, 1574779136]
[1574779904, 1574783232]
[1574784000, 1574787328]
[1574788096, 1574791424]
[1574792192, 1574795520]
[1574796288, 1574799616]
[1574800384, 1574803712]
[1574804480, 1574807808]
[1574808576, 1574811904]
[1574812672, 1574816000]
[1574816768, 1574820096]
[1574820864, 1574824192]
[1574824960, 1574828288]
[1574829056, 1574832384]
[1574833152, 1574836480]
[1574837248, 1574840576]
[1574841344, 1574844672]
[1574845440, 1574848768]
[1574849536, 1574852864]
[1574853632, 1574856960]
[1574857728, 1574861056]
[1574861824, 1574865152]
[1574865920, 1574869248]
[1574870016, 1574873344]
[1574874112, 1574877440]
[1574878208, 1574881536]
[1574882304, 1574885632]
[1574886400, 1574889728]
[1574890496, 1574893824]
[1574894592, 1574897920]
[1574898688, 1574902016]
[1574902784, 1574906112]
[1574906880, 1574910208]
[1574910976, 1574914304]
[1574915072, 1574918400]
[1574919168, 1574922496]
[1574923264, 1574926592]
[1574927360, 1574930688]
[1574931456, 1574934784]
[1574935552, 1574938880]
[1574939648, 1574942976]
[1574943744, 1574947072]
[1574947840, 1574951168]
[1574951936, 1574955264]
[1574956032, 1574959360]
[1574960128, 1577058304]
